1326
34719
38506
38086
38139
8751
690
15158
37311
38021
23686
38111
37989
17607
369
8683
37747
30827
18247
26421
7475
37686
20850
11062
18807
6519
19587
32781
7958
38287
26992
12345
29971
32632
25901
33864
26480
24464
8188
8387
7642
11084
10482
19652
26350
31892
15083
38177
38397
18070
24113
4055
26542
7830
20834
27036
15304
16991
25153
12593
31516
8396
28319
13563
30283
12800
14472
38602
36555
19299
38414
10009
24873
24012
28636
24635
10990
18774
4209
34391
1996
14879
3607
5439
25613
12881
26833
14517
23494
8791
24603
17316
17621
37270
3024
7004
38291
35928
10247
71
17036
14587
7738
30027
30720
25473
34764
35975
36422
18806
8271
22358
22084
3480
13856
5705
35373
34845
3285
35138
38292
12482
37707
24563
16710
29748
27236
23140
6131
38191
38167
17182
35929
11765
26726
14592
13651
31375
935
6972
11302
685
29661
28587
7094
36472
1784
4058
16245
31252
2006
12289
22256
38519
33032
17028
36019
36025
26400
6306
31978
14564
3431
11707
13887
8871
26525
22801
6049
22471
25357
10979
18805
38273
1258
24664
38404
38613
26785
26289
29241
6577
18512
19265
38576
18215
22855
19963
20822
23060
35418
29466
3907
26715
15661
24489
28225
5089
25546
1398
37981
19768
10320
2356
29387
4942
24484
12161
32615
10563
24611
27408
22178
24026
28035
29091
11777
997
17489
19472
12061
12255
26569
18779
20749
36029
14460
22547
24767
31565
38557
1815
6050
15784
21800
36680
4973
12214
28255
10427
3469
8399
14466
18551
38611
3229
6236
14100
23736
27790
6436
14075
16020
23687
35293
23877
36924
37478
4197
13227
23973
31047
6751
7289
15162
15751
36299
36848
30165
31077
19180
2615
31506
34754
7971
20317
38143
11734
24047
29657
14242
36089
2040
2630
13494
15330
36985
17978
26342
36399
38392
1303
8464
12003
16009
16907
17627
30819
37322
8270
11657
19584
27945
12279
17288
18996
34152
36911
11812
18287
29578
7660
10243
18574
32730
1641
5713
7334
10998
12592
29864
30437
33027
35469
38272
734
15595
27664
29479
593
3129
15655
32953
38110
56
4249
7270
9238
19671
30789
967
12549
16964
28565
37874
1692
9149
19095
4216
5011
10685
13176
18254
27531
28950
34627
6222
7414
7694
13703
33074
22656
23205
27605
29966
34260
2211
27895
28594
29262
29884
605
4844
10290
23099
31717
38058
18808
1575
2209
11670
14159
27196
27712
31367
35353
36765
6868
8211
12005
13623
18787
26225
29402
30351
10981
23484
34303
34975
35383
36618
1256
8790
23627
38433
13429
15457
34825
5636
17011
19560
19844
27519
29975
30719
4103
5828
6138
20550
22119
6262
6808
12779
21804
24181
35339
89
4065
4450
5183
22398
27279
30620
36409
37484
405
2939
5055
7003
10662
13388
15523
16291
17197
17859
23921
30299
30675
38482
10223
11627
27008
33678
1150
5913
6495
6890
9553
11640
15306
20124
29798
33150
800
1300
4816
5073
11688
13686
14040
14609
15930
23306
26445
31122
32394
209
4376
4935
7923
9283
10268
15327
17004
22606
31421
36402
37949
6234
9727
10228
14749
15966
16739
21063
21095
24903
29119
29135
32268
33374
33785
35775
1094
11031
12678
13693
14778
20202
29074
31162
2642
15030
22060
24689
25507
28763
38213
2563
4012
4435
6858
10207
13103
15161
17654
21042
21861
23861
25790
32439
32633
34514
37324
38162
2737
4875
7154
8614
14200
14420
16586
25722
26614
28002
28558
30561
33958
34267
34795
37400
966
7008
14308
15799
18157
27876
27932
28576
29182
1881
5117
9368
9969
12922
14153
15157
18400
19547
20626
21207
23474
25986
26216
28645
29238
29301
30914
36764
1138
2910
3999
4231
5387
6991
8210
10772
11811
13230
15303
16660
22205
22386
24797
25172
28259
36221
37144
37793
1940
2664
2727
3735
4232
5745
5837
8712
9055
9780
12963
13397
14772
15670
16458
18145
18863
19403
23710
28544
28861
29697
29749
32791
33084
33965
34738
36822
38553
4212
4926
5157
5635
7411
9480
16456
16712
18444
19612
19995
20738
21707
25288
26054
26491
29093
30655
32624
34677
35601
37380
553
1644
2005
2019
5417
7543
9447
10149
13466
15858
15960
17457
17494
19341
19930
20000
22940
23855
26056
27652
29458
31227
32398
36818
38258
952
1508
1986
2763
2937
3702
3947
4872
5130
5141
5715
5732
6494
7069
8512
9971
10008
10270
10375
11992
12333
14236
14468
15390
17777
18457
19824
21888
22998
23611
23793
23799
24799
28138
29208
29691
30389
33081
35902
36762
37126
37733
536
954
971
1318
2619
3289
3709
4403
4678
5860
7254
7661
8176
8259
11063
11668
12138
12658
13137
13405
13992
16974
17924
18795
18800
19846
20583
21022
21301
21304
24210
24520
27006
27351
30178
31379
32018
32493
32553
33300
34725
35093
35189
35475
35484
801
1616
1709
2788
3002
4923
5594
5706
6589
9355
11193
11372
11843
13327
13527
14247
14426
14917
17248
17619
18845
19862
20337
20467
20523
20620
22690
23360
23667
23848
25491
27029
28020
28401
28859
29138
31425
31644
32752
32887
34016
36047
37681
38160
38465
915
917
991
1274
1938
2733
2771
3044
4430
4723
5543
7015
7042
8257
8832
9072
9436
9437
9964
10244
10299
11012
11314
12601
12900
13507
13722
13772
14776
15723
16106
16588
16823
17000
18350
18705
18733
19890
20205
20704
23311
23400
24135
25811
26361
26642
27692
27778
27976
28665
29270
29344
29488
31319
31905
32565
32735
34954
35501
35694
35940
36463
36568
36688
36868
38217
38352
501
1120
1745
1801
1987
3038
3265
4073
4160
5136
5266
5838
7115
7301
7987
8378
8404
9006
9109
9381
10260
10500
10691
11226
11806
12172
12423
14018
14089
14578
15044
15222
15541
16300
16452
16828
17033
17610
18606
19532
20987
22993
23591
23860
24212
25307
25904
26325
26768
27465
28543
28771
29800
29816
30022
30192
31124
32306
32407
33029
33564
33849
35068
36727
36862
37190
37369
37674
37954
640
1259
1751
2576
2736
2828
2872
2873
3113
3628
3700
3831
3874
4372
4549
5053
5528
5536
5626
5699
5841
5891
6363
6464
7160
7200
7739
8132
8667
8848
9311
9642
9903
9968
11240
11431
11749
11824
11859
12420
12731
12946
13109
13514
14534
14862
15046
15196
16453
16988
17125
17361
17486
17681
17906
19015
19512
19683
19882
20194
20241
20291
20463
23011
23515
23590
23615
24039
25853
26038
26147
26840
27047
27471
28606
29164
29281
29401
30741
31360
31416
31427
31680
31728
32070
32530
32705
32863
33285
33606
33681
33789
33860
33872
34012
34124
34671
34714
35523
35674
35757
36017
36032
36281
36699
36743
37220
37263
37405
37479
37760
37876
38151
38348
498
510
528
700
1179
1549
1687
1710
1768
1958
2027
2644
2661
2758
3089
3325
3627
3833
4056
4873
5042
5146
5197
5255
5260
5515
5548
5553
5938
5947
5960
6400
6543
6743
7287
7590
7756
7847
8632
8750
8946
9227
9702
9715
10132
10680
10696
11197
11201
11805
11883
12353
12609
12751
12930
13357
13617
13689
13696
14022
14230
15675
15725
16373
16609
16691
17120
17757
17824
18057
18136
18383
18513
18591
18739
18788
18790
18985
19499
19878
19897
20409
20420
20707
20982
21303
21930
22227
22553
23252
23518
23621
23698
23900
23968
24081
24676
24926
25040
25595
25883
26282
26693
26863
27262
27372
27570
27574
27618
27656
28054
28055
28630
29002
29005
29014
29018
29356
29974
30255
30291
30404
30752
30831
30844
31111
31127
32293
32644
33020
33153
33802
33915
34468
34856
35712
36382
37000
37070
37354
37444
37790
37914
38075
137
588
1297
1501
1880
1936
1937
2012
2640
2789
2993
3082
3163
3411
3412
3807
3836
3936
4000
4169
4235
4458
4532
4921
5005
5046
5080
5088
5125
5220
5482
5563
5595
5693
5777
5780
5823
5890
5955
6186
6225
6252
6616
6726
6932
7439
7483
7523
7555
7806
7883
8023
8221
8223
8391
8548
8565
8885
8891
9463
9890
10264
10284
10345
10377
10388
10409
10432
10433
11320
11607
11828
12342
13101
13654
13759
13900
14154
14407
14981
15129
15529
15552
15721
16181
16965
17116
17463
17608
17717
17741
18150
18219
18330
18367
18378
18540
18689
18721
18817
18957
19013
19441
19528
19860
20079
20083
20506
20580
20708
20815
20913
21322
21387
21507
21673
21908
22918
23457
23692
23785
23814
23897
24802
24832
25369
25762
25800
26433
26439
26824
27000
27176
28004
28129
28190
28204
28206
28230
28407
28539
28577
28658
28663
28731
29129
29236
29637
29684
29999
30101
30580
30853
31110
31345
31402
31436
31557
31909
32659
32713
32744
32846
32970
33091
33343
33811
34098
34169
34735
35091
35429
35579
35602
36073
36257
36260
36272
36293
36504
36544
37320
37805
38000
38013
38049
38505
38538
90
91
130
798
1268
1304
1355
1356
1509
2011
2152
2221
2383
2655
2887
2913
2916
3087
3100
3166
3270
3348
3669
3786
3793
3856
3910
4119
4142
4145
4381
4494
4612
4659
4661
4702
4877
4887
4889
5043
5057
5224
5275
5298
5300
5339
5358
5532
5628
5667
5711
5714
5771
5784
5786
5876
6089
6352
6618
6789
6824
6859
6958
7152
7208
7250
7357
7461
7474
7482
7852
7881
8021
8022
8036
8043
8118
8203
8405
8408
8455
8580
8589
8591
8593
8714
9147
9301
9307
9312
9486
9538
9616
9620
9621
9713
10303
10359
10398
10573
10656
10807
10810
11159
11599
11800
11897
11998
12054
12143
12338
12484
13122
13144
13247
13475
13750
13832
13875
14315
14332
14409
14442
14561
14759
14760
14766
14768
14826
14832
14851
15171
15587
15646
16431
16478
16835
17057
17143
17302
17305
17805
18177
18233
18241
18319
18461
18507
18593
18608
18612
18726
18816
18954
18992
18993
19038
19233
19875
19974
19977
20284
20286
20338
20649
20706
20803
21008
21372
21378
21426
22460
22660
22668
22688
22766
22831
22943
23000
23340
23341
23344
23660
23688
24069
24352
24353
24571
24981
25126
25362
25367
25495
25547
25606
25940
25982
26110
26331
26396
26407
26410
26411
26548
26603
26651
26655
26746
26963
27150
27553
27609
27811
27841
28005
28006
28007
28303
28310
28384
28405
28561
28678
29033
29043
29171
29326
29347
29400
29468
30307
30309
30509
30656
30693
30695
30697
30713
30839
30945
30949
31006
31123
31233
31344
31462
31556
31843
31910
31938
31984
32191
32413
32429
32430
32453
32485
32495
32514
32723
32733
32995
33053
33202
33225
33400
33680
33798
34126
34132
34150
34458
34478
34502
34619
34801
34849
35025
35072
35242
35399
35502
36028
36168
36244
36316
36386
36441
36556
36613
36840
37097
37575
37589
37630
38009
38129
38156
94
458
748
799
842
931
1061
1210
1226
1599
1600
1647
1902
1980
2187
2205
2382
2387
2390
2420
2533
2607
2622
2625
2671
2750
2780
2787
2864
2930
2956
2987
3009
3010
3011
3012
3162
3211
3233
3327
3394
3694
3784
3785
3790
3990
4057
4188
4195
4200
4242
4418
4490
4520
4528
4663
4666
4714
4730
4759
4937
5018
5127
5204
5303
5308
5394
5429
5436
5519
5530
5754
5783
5814
5962
5968
6073
6185
6248
6287
6393
6424
6461
6468
6558
6733
6806
6833
6836
6849
6909
7167
7237
7261
7263
7337
7500
7572
7606
7676
7678
7702
7704
7855
8145
8175
8187
8194
8245
8511
8616
8797
9027
9044
9058
9116
9165
9176
9306
9455
9514
9579
9609
9684
9704
9739
10152
10203
10206
10234
10255
10304
10338
10355
10381
10421
10443
10738
10743
10780
10973
10975
10976
10977
11064
11187
11246
11255
11258
11321
11324
11325
11330
11333
11394
11684
11687
11725
11740
11780
11856
11947
11975
12043
12078
12165
12611
12654
12958
13097
13150
13151
13244
13249
13251
13257
13275
13603
13889
14212
14213
14373
14434
14440
14548
14623
14640
14774
14784
14813
14825
14901
14950
15397
15650
15696
15831
15900
15993
16006
16208
16369
16415
16416
16424
16651
16717
16750
16797
16798
17002
17008
17132
17151
17191
17269
17285
17292
17295
17360
17369
17428
17431
17646
17648
17704
18104
18163
18234
18371
18376
18442
18601
18602
18603
18604
18617
18716
18884
19144
19183
19365
19480
19488
19521
19599
19732
19734
19839
19874
19992
20086
20102
20129
20244
20313
20384
20460
20628
20986
21043
21044
21144
21201
21291
21333
21346
21416
21443
21504
21519
21570
21669
21713
21728
21737
21871
21878
21917
21922
21941
21955
22187
22542
22600
22615
22746
22772
22864
22867
22945
23090
23113
23114
23121
23170
23188
23189
23537
23586
23609
23614
23652
23676
23691
23693
23863
23976
23977
24010
24128
24144
24327
24429
24649
24706
24716
24816
24854
24935
24944
24946
24948
24967
24976
25022
25044
25088
25167
25230
25248
25351
25400
25729
25730
25776
25851
25903
25908
25909
25919
25928
26037
26138
26213
26307
26338
26532
26597
26776
26964
27009
27186
27249
27255
27256
27331
27486
27662
27724
27788
27901
28022
28028
28090
28125
28173
28182
28275
28306
28312
28493
28495
28503
28550
28642
28643
28764
28813
28868
28987
28998
29132
29233
29502
29558
29673
29803
29964
30046
30225
30305
30399
30433
30445
30570
30581
30698
30803
30899
30905
31126
31133
31201
31223
31250
31258
31370
31372
31373
31378
31469
31518
31540
31558
32065
32134
32171
32181
32237
32262
32309
32381
32425
32731
32732
32745
32753
32757
32866
32942
32945
32972
32999
33075
33094
33179
33302
33326
33364
33395
33686
33783
33905
33928
33984
34122
34196
34219
34602
34621
34628
34693
34903
34984
35039
35254
35258
35264
35288
35376
35419
35434
35487
35531
35557
35558
35626
35895
35896
35897
36066
36079
36080
36100
36180
36195
36196
36202
36205
36208
36211
36227
36259
36440
36709
36710
36741
36767
36844
36861
36882
36888
36890
36900
36932
37013
37014
37016
37019
37020
37026
37046
37062
37064
37066
37067
37079
37080
37081
37083
37084
37091
37092
37095
37100
37102
37105
37109
37110
37112
37162
37166
37189
37206
37214
37216
37290
37387
37458
37476
37583
37611
37763
37888
37912
37921
37950
37999
38010
38054
38074
38092
38114
38128
38136
38205
38214
38299
38479
339
371
486
487
580
912
947
999
1006
1221
1223
1286
1294
1325
1328
1329
1330
1340
1348
1357
1728
1729
1732
1847
1862
1863
1889
1917
1993
2118
2120
2200
2223
2224
2225
2236
2262
2269
2270
2384
2553
2587
2606
2613
2614
2616
2623
2627
2629
2633
2635
2636
2646
2651
2652
2656
2662
2665
2667
2669
2675
2677
2679
2680
2681
2682
2684
2724
2738
2739
2743
2744
2759
2798
2805
2974
3004
3041
3078
3083
3085
3086
3092
3141
3175
3179
3187
3191
3195
3198
3295
3298
3301
3312
3313
3315
3316
3347
3387
3398
3404
3647
3668
3787
3847
3849
3905
3909
3911
3993
4025
4061
4063
4097
4168
4186
4210
4211
4241
4259
4385
4391
4392
4396
4519
4539
4621
4622
4623
4624
4645
4676
4724
4756
4779
4815
4955
4966
4967
4969
4970
5004
5012
5029
5045
5060
5064
5065
5066
5114
5207
5225
5270
5271
5273
5274
5290
5291
5293
5295
5362
5392
5397
5409
5423
5426
5433
5434
5489
5490
5517
5518
5562
5566
5578
5599
5619
5631
5638
5644
5666
5671
5700
5743
5835
5840
5842
5917
5918
5919
5922
5961
5969
5970
5976
5977
5986
6081
6084
6090
