1675
24803
1912
17608
27198
4007
25577
20139
23459
8300
17555
27911
19543
13233
2998
----
5931
22876
16787
3453
10620
23974
22658
26716
28316
22085
9809
18680
19724
7982
----
22843
18668
25914
25132
----
23237
6323
9875
18479
18749
25030
12365
19300
10765
23280
----
18475
8329
1097
22049
23242
25774
21184
23181
19377
19651
----
8055
16837
14024
----
9350
24904
26787
19721
5298
----
15319
----
1170
26707
23159
15455
17501
12673
18750
23522
2749
24735
18456
11430
----
20525
8100
17265
25589
16498
8847
----
21636
----
25596
247
18511
2842
28160
6299
23695
18463
19861
----
17607
17610
----
15587
25492
3909
26954
26552
10061
----
25886
18795
----
293
----
----
----
3250
26492
2267
8420
23887
5734
----
22070
8840
16831
12392
20815
1711
17030
2150
1010
21722
23211
20225
20974
11772
12821
15998
2498
2930
21771
20380
4282
24608
27872
21735
21619
----
11406
20158
26794
11909
18312
17544
10854
6330
18554
25953
8668
7887
16933
----
333
14784
21458
----
5756
----
----
14982
12402
11916
3933
4530
2535
12076
15150
13613
12656
5646
7886
17379
27196
20633
11413
----
19710
----
14321
3743
16714
1668
26735
12504
3630
2151
2699
4183
25677
20384
23263
----
18440
25929
----
11390
19433
27789
----
----
25447
911
15285
5185
21828
25467
13730
7841
15851
18500
15419
----
26367
21813
16037
19450
2844
23027
17463
15785
----
20978
8970
14791
21120
26723
----
23605
4794
26987
22615
19059
7532
15533
24357
2399
18300
12482
25412
17428
7886
----
14915
22162
19210
27610
27965
----
19781
22071
13816
23054
16312
27083
11104
6092
2863
----
22251
16231
18921
24540
24535
27846
10617
28283
21213
----
13956
17317
----
1458
15301
886
10261
17402
----
14234
21969
6580
8082
15437
6353
3509
----
9602
12455
25525
18238
----
8389
17631
3297
27536
7111
18810
----
13309
16242
16486
16680
24883
23669
24392
6003
4041
4266
28279
----
19509
26987
28157
8674
20220
12554
3366
3503
15925
22395
----
----
11171
20601
13776
3485
15326
22247
20676
24272
13636
16566
17461
1313
16989
21183
15213
23456
1169
9523
8261
12436
15195
12250
15141
18966
20820
11682
15520
21765
1157
----
----
----
4830
9442
25333
13879
16420
14867
21137
22305
8205
27001
23317
20698
20878
26031
7165
5153
8483
23353
12042
11574
23743
3522
23026
27914
----
----
23548
14068
20654
12487
15224
3482
1659
22210
14773
3282
3842
26865
----
5147
9795
10978
17575
22114
27879
8522
19048
3960
1609
15651
25179
2003
3956
----
4573
5366
14789
9774
20587
26321
19755
27902
22243
19374
14646
24287
5028
27796
20769
----
12481
8815
28358
14110
20714
17471
15923
19666
20303
16730
21301
----
----
----
----
----
----
5522
9828
26153
15438
16080
10913
23222
25735
13783
22960
1957
28409
----
----
----
----
----
28196
8888
11472
4694
12340
19657
10136
25527
27967
15650
16070
18457
20346
10343
13121
1229
----
----
23479
8397
9124
7955
3986
16560
11366
8134
14909
25356
18359
20370
22701
27822
2258
25742
26430
22871
27344
----
----
----
----
9447
19254
19867
12258
7915
19115
25465
12906
13286
11245
20263
2765
15627
20234
19491
22368
3511
20716
4639
25505
11809
----
----
----
----
----
----
4734
7851
10795
724
3304
13565
14558
18418
14298
13110
15584
10236
16800
10648
681
23964
24364
26213
3848
----
----
----
----
----
5190
5169
8493
355
24813
12816
6320
25236
20791
13877
339
870
17244
23053
13772
19389
13096
18622
20960
10469
21989
26328
15773
16325
16018
24581
20215
14445
26514
27673
27733
24401
----
----
----
----
----
15308
20358
4577
2532
5893
8323
17464
8715
8600
1292
12070
23693
26277
18325
18327
20219
27762
17780
14494
24433
16380
14107
18562
965
23030
19460
19729
17307
21422
21423
21857
21824
24269
2834
14380
25143
17229
26472
26040
26217
28127
----
----
----
----
----
----
----
----
----
4561
6165
5149
905
3121
10294
1070
17841
16582
7415
874
10196
27724
7970
13701
14626
8231
10224
16121
22632
11034
11729
2668
12141
13007
25422
13140
6694
13755
15733
23090
15671
304
15602
15886
16168
17650
17844
18266
6470
22279
15044
20800
6153
10065
25571
21634
24953
23099
28336
25297
25118
27239
14378
14379
----
----
----
----
----
----
----
----
----
----
----
----
----
----
----
----
----
----
----
----
7040
20123
5785
5288
7848
15053
6753
7036
22453
8199
17273
19136
8934
20426
9796
9876
10641
10693
10788
10902
10747
18438
12148
7696
4981
22827
23461
18156
7590
14544
15223
12184
16372
16744
22364
26934
28360
19667
20386
24181
21409
23930
21699
22467
22307
6951
20569
23361
23713
24365
27844
27365
25732
895
24723
26406
26442
11138
1897
27823
3031
28405
----
----
----
----
----
----
----
----
----
----
----
----
----
----
----
----
----
5309
4538
5022
1892
22490
13351
23544
6328
6432
6752
3409
16234
24635
7248
7345
7929
8250
8836
8856
9611
9727
10429
23458
11628
20185
13829
12766
9021
19478
323
13681
11680
11451
25435
15007
15272
17848
17116
15767
16375
16562
16998
19153
21609
16465
20183
681
22162
21713
3671
25495
22411
21083
18759
19831
16650
23935
25806
24616
1787
26429
26898
27038
23240
6412
28032
24422
----
----
----
----
----
----
----
----
----
----
----
----
----
----
14359
----
----
----
----
----
----
22776
----
----
----
----
----
5223
5318
4531
15008
2080
4984
5078
2211
5165
5251
5901
7035
5556
7072
26355
8667
16700
6549
7873
8387
24643
22467
10483
9340
16795
9770
9763
11712
16121
15388
22938
11936
12561
12734
13988
14094
18147
11887
3959
13526
14411
16515
15190
27311
16082
17016
12765
17511
19128
17937
21080
18473
26935
18963
23036
3439
3462
20278
26370
19398
19745
19779
20184
13885
10002
2996
21963
22385
22516
22780
22835
11843
23444
23516
23519
23549
23660
18623
23976
23902
23903
24241
24382
24378
24428
17119
27369
25074
25120
25499
18816
18275
26422
26477
26698
27264
1597
27454
27717
6904
14562
----
----
----
----
----
----
----
----
----
----
----
----
----
----
----
----
----
----
----
----
----
----
----
----
----
----
----
----
----
----
----
----
----
----
----
----
----
----
----
----
----
----
21388
17637
16087
10689
5000
4822
887
12554
28010
5451
5447
5453
5463
5611
6922
26662
10634
13635
7069
7221
7318
14401
12307
12952
8023
8047
8048
8051
8054
7980
23638
12180
8494
18104
8782
14065
9197
9237
9309
1290
8140
9720
10184
2662
8152
10426
10427
13091
13092
10973
10844
9818
10927
11195
11372
16016
11481
12054
15273
10881
15428
15439
11891
14285
14286
12120
19614
21323
12672
12843
12796
12820
7455
15542
13141
13200
20193
14387
13945
13563
17968
16345
16931
16392
1796
20532
14675
14831
14827
15320
17893
17776
17792
15596
15857
17073
16376
16732
16735
16677
16977
27463
17218
17213
79
2925
15527
23567
3824
23793
23685
26942
23062
23483
19024
19396
19105
19845
19847
19409
13509
13497
4319
20321
20841
20784
23120
20048
24719
21456
21764
27682
22249
21734
21840
17282
9010
22342
24817
22080
23963
21260
14842
23579
23662
24145
23961
24022
24046
24047
24239
24290
25235
27465
24769
17226
19183
25703
25736
25779
17008
26033
26325
26447
26916
18782
26962
27326
27779
19888
27575
27528
17659
27649
27806
27818
27762
27856
28208
15729
----
----
----
----
----
----
----
----
----
----
----
----
----
----
----
----
----
----
----
----
----
----
----
----
----
----
----
----
----
----
----
----
----
----
----
----
----
----
----
----
----
----
----
----
----
----
----
----
----
----
----
----
----
----
----
----
----
----
----
----
----
----
----
----
----
----
----
----
----
----
----
----
4875
4447
4452
7099
13315
5494
11201
14857
4820
5033
5036
4926
5061
5076
26670
25813
12738
16032
14918
13914
5631
5613
5674
5675
5677
5796
23707
5414
22725
27457
6133
18757
11003
6692
10637
7515
6888
7396
6890
12295
27893
7056
7093
7140
7145
11171
13124
7219
7284
14400
5657
7423
7424
15892
12962
23244
1555
18732
7888
7894
7908
23491
8967
8975
8982
22334
1393
7974
8039
8050
26744
20654
20654
8490
8491
11414
3989
8708
8709
8710
8922
8929
8939
8943
8819
27719
6469
15226
9403
9391
26860
26683
9566
10299
9801
10655
14483
13088
13093
21043
10764
10974
5657
10823
11053
429
11196
1379
25812
16710
6259
5795
11353
11369
11370
11373
11518
25352
11750
11731
11664
11744
11623
11777
15434
15435
20262
2918
2921
13878
14637
12136
12224
6202
14970
14971
14963
12469
12509
12609
19676
13009
13194
14290
14332
14315
14302
23835
14842
13890
13705
13706
6349
13673
27691
14423
16003
14069
23248
14287
14293
15425
24758
24776
14811
14830
14868
24131
20035
14993
14994
15054
15094
22720
15206
15209
15211
15212
15219
17129
15271
15313
15368
15377
18924
15594
15634
26446
27208
15880
15890
5692
16058
16060
16322
16323
16927
16640
16641
25009
16905
16897
16841
16845
17001
17106
20164
17474
14270
25374
17593
17594
17597
17602
17605
25444
17119
17841
21377
21379
17983
18007
25474
18570
18573
18574
18576
18235
18391
18512
18434
18630
18636
18664
26943
18785
11195
18826
18936
23024
23040
23042
22686
23093
28356
19841
6722
19745
25962
19667
19868
27467
15450
23883
2976
22114
15163
20847
18912
25840
8900
24182
13903
20411
3423
21409
20774
20580
23486
23493
21123
23104
21314
27321
16766
16097
21755
21789
21903
22150
22528
22505
10334
22201
22425
22225
10485
22426
22512
21409
19882
22628
14867
25693
1882
21360
22854
22919
21316
25565
25579
25581
23071
20781
23282
23300
23320
23387
23553
23710
23581
23588
22903
23691
23720
23933
24007
24011
24245
13381
24138
24139
25696
4249
24230
24266
24583
24597
24686
27557
24908
10390
25188
25198
25324
26020
3462
25514
25496
25469
22249
25710
24362
25755
25765
25716
26287
18479
26036
26038
26048
20542
26235
26236
26237
26221
26341
20271
26445
26439
26473
27166
27168
26708
26779
26767
26901
27015
26558
27297
27350
27353
27387
27402
27483
27577
27578
27570
27532
27566
27659
27669
27670
27804
27811
28003
28151
28217
12997
28258
28410
----
----
----
----
----
----
----
----
----
----
----
----
----
----
----
----
----
----
----
----
----
----
----
----
----
----
----
----
----
----
----
----
----
----
----
----
----
----
----
----
----
----
----
----
----
----
----
----
----
----
----
----
----
----
----
----
----
----
----
----
----
----
----
----
----
----
----
----
----
----
----
----
----
----
----
----
----
----
----
----
----
----
----
----
----
----
----
----
----
----
----
----
----
----
----
----
----
----
----
----
----
----
----
----
----
----
----
----
----
----
----
----
----
----
----
----
----
----
----
----
----
----
----
----
----
----
----
----
----
----
----
----
----
----
----
----
----
----
----
----
----
----
----
----
----
----
----
----
----
----
