2356
24822
16303
21888
----
5041
5967
4470
2196
25708
22651
23959
18515
26867
10027
19914
23828
2066
12561
6627
2858
23913
4487
10101
12615
462
10616
20233
7615
23878
26683
20134
----
506
26106
21817
15974
18257
16328
3387
15956
24428
18867
24565
16393
20504
22778
24789
23786
674
25575
18458
25478
5584
20151
18389
26413
26279
13091
25985
8002
24607
21401
19667
----
15004
8090
9117
22347
----
22697
905
10225
9943
8359
24503
21192
932
23871
5291
7488
25558
25021
15084
22505
1376
25206
22727
21698
6450
24663
4142
5047
----
5204
24572
25253
17397
25121
25780
19795
4543
20795
15451
12067
19934
15453
2496
----
7261
26598
13490
14251
19740
14343
937
9946
26510
15929
16458
25781
3525
24670
491
24424
----
26424
----
5904
5040
26010
15340
16886
5392
17001
23463
11492
22087
----
11565
21486
18478
16403
26289
25794
21743
5408
15681
22704
----
19526
15052
24309
----
24207
25583
888
14600
15099
18418
9537
22738
11410
13122
6282
3446
12831
14613
25571
20010
18609
25244
24598
20102
16524
15748
18869
7762
25613
9196
20922
20904
26708
----
----
4864
25115
----
5088
19229
26462
24833
5051
14730
21928
----
----
7210
19869
25471
24436
14351
22775
4335
5114
8004
1586
22203
15525
15452
22834
21716
22890
25181
11773
25615
9476
26362
----
5583
7174
25525
11826
10913
2142
4706
18729
10825
23377
12557
25517
11761
25361
10820
12034
6810
11807
2877
26488
13043
5161
11931
16860
19145
----
22070
15526
10851
12791
1164
18895
18658
12007
302
20532
----
7781
5866
23697
20152
11377
13695
17722
19648
4861
5361
7973
25994
13101
19667
3279
16997
22780
16848
14299
----
5520
8017
9481
12753
13993
7877
11674
23235
23698
24668
12389
12009
12057
14725
12305
18185
12039
22446
5310
24313
----
12123
11000
26047
25655
25417
16255
19815
23267
6880
25631
5489
25603
23639
19491
4396
24954
22827
25630
----
----
----
11214
25367
11962
12277
2403
5708
26839
18884
5335
25751
4457
26144
26441
----
----
----
12044
1857
16877
11961
12026
9748
19712
13395
13396
19893
26109
15579
15584
5695
4236
8344
19537
19643
19770
24473
15344
19557
26836
3941
10719
11309
11961
26549
26294
----
----
----
----
----
----
6887
5309
2094
16089
11877
15987
16528
16051
14338
12043
22672
8344
15999
13841
19642
13685
25995
1924
24720
22336
22220
----
4495
5923
5621
5214
26171
18628
5750
26025
14950
7976
7839
24120
7854
18212
12525
22244
13813
17385
10783
12041
15578
22735
12659
25479
3394
2637
16404
24110
6918
17949
26133
3796
1834
25042
7825
22299
21700
25590
13893
23733
21558
26022
22320
24539
26029
26031
26131
26088
2389
25981
----
----
----
----
----
----
----
----
----
----
7935
1210
6595
2299
22615
18669
6533
6743
7970
8278
7931
18478
13941
18428
7876
5709
10854
16016
11959
8468
25596
11135
22119
15888
12051
16100
15284
19019
25524
25377
19909
16530
21590
25502
13893
19717
18507
17495
15474
25438
24127
24250
23302
8090
25482
8004
20715
20892
24648
25790
22350
22545
22092
19720
25982
8125
26030
26147
13154
25570
----
----
----
----
----
----
----
