----
30398
24977
15768
10
----
26038
15411
28497
20744
27804
29343
31199
----
16881
2149
2298
15243
13528
12163
21302
16268
31203
28375
23626
----
----
19565
22778
8246
16326
24532
26836
26472
----
15995
31646
11739
25968
27511
12814
3551
1441
24684
27152
12681
----
1917
3768
4638
26699
----
16043
21082
26950
21063
29067
11801
5433
18645
22297
31497
30101
9318
26567
23381
14489
923
----
17733
11462
19623
24033
9609
20888
30021
23464
4658
----
1650
12820
12520
104
585
25081
138
30425
----
----
20132
2347
2937
26364
17721
1829
31021
747
21812
18460
18654
25029
3871
9629
21601
2870
22371
11236
22379
26659
26426
----
20250
2060
27618
----
15851
22267
----
20952
11621
26195
----
25521
23944
30853
30088
9296
15569
12884
----
16699
3054
27023
----
19015
15855
23713
19722
31864
6715
8809
26787
16120
29536
14565
15915
30052
19716
20117
23182
7046
----
28362
30945
26075
5743
----
28420
23705
2290
3047
4553
24220
15769
----
----
13073
9579
29240
31675
----
23249
3571
5632
12574
----
6443
24849
----
----
20881
3264
15548
22488
25403
20802
3346
2856
15018
17236
6893
30394
18607
21203
20757
30313
----
28835
5989
30049
13743
7092
504
18998
26051
17750
4067
8387
3755
18649
----
10229
19632
15600
3841
9832
12645
4826
31786
7049
7975
31585
11224
5408
16671
----
11317
24958
1769
18721
19167
6210
16731
25174
26044
10363
19511
26846
1560
31756
2056
5943
25995
1907
26625
25762
23413
23874
----
----
13407
977
4807
8097
26359
22008
10348
15379
----
13900
252
28645
31315
17839
6571
17375
4880
8466
31320
----
----
----
398
8326
----
22665
3209
10969
26366
4971
----
30183
5263
28462
29820
----
19128
23618
5859
22914
22739
31511
11409
1547
9788
----
12570
13766
6300
11775
31674
9119
30345
17799
21393
22047
13368
----
5041
3125
23095
29516
----
9833
4604
8421
17923
16169
6074
12733
10322
29455
25728
9638
1814
29534
----
17263
19368
29245
8860
14759
23555
27734
30229
----
15214
28951
----
----
30954
1678
30012
8260
22416
26256
27381
26399
----
29265
16003
20513
8081
19489
30837
21491
7752
7865
26987
14827
7833
18917
3966
14930
----
8204
21113
4439
19977
22825
----
13183
14620
1561
20142
----
27800
9916
18810
8971
3354
----
6471
16889
31230
9585
23252
8979
27445
31357
22852
----
----
6076
7791
18240
23801
5423
18534
18364
1900
20916
935
18250
27803
22611
----
13948
7703
17926
10783
18413
3560
23261
18994
----
26717
10403
1648
19574
23083
9913
25310
25924
----
----
----
----
9606
5892
1837
26564
24030
30046
----
----
----
1672
28713
23943
3493
24585
17799
19575
12588
3892
25919
27055
25053
24097
5137
27443
3911
6161
----
----
162
2452
6465
14854
13397
17725
16782
839
26204
11261
25212
23778
27554
30480
----
----
----
----
7903
8687
9612
4016
27969
23629
20792
20854
21083
21424
18441
4419
27396
1927
1466
31202
----
----
----
5098
28388
28914
12009
12667
12404
30495
20005
25904
18916
26581
15170
26627
30210
----
----
----
----
8674
5353
6212
7565
12591
13273
13926
2707
20540
14952
16598
1561
2189
14345
25595
30153
----
----
5352
29319
17399
8049
30649
16289
19335
21117
22873
11912
15865
31648
----
7363
7421
31863
29049
7038
15922
20629
22359
30313
2495
25083
20191
----
----
----
----
5836
1875
18105
5757
9223
9680
749
11296
13517
15054
1377
19645
16473
25870
4525
9339
4939
----
----
----
----
5859
5613
2528
11345
13384
17216
9385
16323
27016
20181
18802
18996
22531
23460
1075
25491
25305
26661
17158
31586
----
----
6024
----
2410
22806
10999
1642
11212
3971
12653
12494
6868
28579
22422
17957
6284
18673
18436
20130
30354
28915
24700
6142
4397
----
----
----
----
----
----
----
----
----
6033
3248
6911
8722
9089
1664
9835
1539
18295
12989
14502
15685
27939
9476
17922
19464
27016
21147
22411
24995
24122
27594
19577
27977
31811
----
----
----
----
----
----
----
----
----
5754
26279
22231
8040
17833
8031
15624
5352
15350
18722
22616
18476
17736
30637
15404
16216
16236
3292
17509
18213
18949
19581
21138
23203
12625
22307
22373
28241
23552
23961
25094
25406
26693
4096
31350
4091
28001
28773
29830
30042
26479
8525
31844
----
----
----
----
----
----
----
----
----
----
----
----
----
----
----
----
----
31709
7733
7759
3930
7262
8022
13197
15318
11746
15533
9644
14031
10215
22630
12449
12947
6518
11222
15597
3284
12210
26292
31288
20437
19932
22425
26830
23412
22347
21155
21022
22378
22284
17574
24915
20908
26723
27443
27377
30058
31222
28376
28548
27218
22980
24613
31723
----
----
----
----
----
----
----
----
----
----
----
----
----
----
----
----
7822
----
----
----
----
----
----
----
27064
----
----
----
5087
9732
4741
2459
1585
6709
10258
22534
8373
16010
11734
21381
12662
16174
9861
13318
2187
15425
14679
14906
17490
25057
1264
2528
1911
18770
3774
19278
23452
22777
21431
28138
22001
29880
26621
23324
24601
26808
28949
7268
22514
28000
27724
31322
30804
25990
29086
28216
29695
21379
31001
31322
31641
31773
----
----
----
----
----
----
----
----
----
----
----
----
----
----
----
5181
2387
5667
6266
13224
6038
6773
6872
12206
25277
25181
16246
7763
8819
8862
15502
15497
1032
12950
31240
25274
11075
11263
13385
15914
12674
8037
17764
12818
13871
14589
27986
18775
23354
2593
19896
16549
18961
17111
5706
23555
20242
6746
19325
19520
19569
20139
20107
24218
16563
21636
27680
22420
12421
13754
20601
22374
29829
4062
24325
14491
24863
25126
24319
25424
4322
2200
17727
11642
26705
27151
27012
5273
27786
30713
14570
28496
25988
28999
29207
12387
30090
30237
31430
----
----
----
----
----
----
----
----
----
----
----
----
----
----
----
----
----
----
----
----
----
----
----
----
----
----
----
----
12850
6281
5249
12767
5848
5922
6326
2458
17194
17448
2578
2581
6425
8127
8701
9147
9228
9244
9255
9710
10212
2004
19714
10596
2610
11264
11377
9911
2986
2506
16352
27541
6326
14626
6311
27518
1234
15114
16541
15541
21015
23528
13856
14345
31227
17255
17529
17913
18190
19570
28698
18889
2238
816
27861
4146
20053
20133
20184
24222
21055
21032
21098
21428
21563
22413
13390
15746
21203
26896
16730
23455
23542
11606
24782
24701
25126
25139
24944
17774
25638
31023
16926
26497
23361
26387
26429
26733
18391
15344
27058
27059
27063
27414
11032
27354
28006
23355
28192
28283
31054
24772
31359
29055
31120
29842
30152
30236
24036
31329
31636
18215
7769
31895
28325
----
----
----
----
----
----
----
----
----
----
----
----
----
----
----
----
----
----
----
----
----
----
----
----
----
----
6015
----
6406
----
----
----
----
----
----
----
----
----
----
----
----
----
----
----
----
----
----
----
----
----
----
----
----
----
----
----
5003
18221
3298
5073
5074
5780
6716
16352
6430
26076
6106
12948
6313
6317
6331
6332
6329
12522
6426
6652
7034
7043
6718
6719
7947
7038
15633
17544
7455
7467
7430
15217
12273
7988
17942
8209
2772
16547
26103
8744
10051
19678
9214
9280
9303
9305
9309
9547
14027
14028
15414
9829
9585
10282
4164
10537
6981
18861
29296
10895
11251
11254
11208
18480
12276
12034
12027
12000
12934
12933
13375
16418
13977
22931
17230
9908
14622
14748
8757
1802
17188
4767
2503
21139
13010
19030
18742
915
18335
15753
14305
3099
18334
26777
12280
26927
17998
17569
17592
10127
13684
18264
20314
19634
18087
8741
16260
29299
3194
19385
19214
19217
19176
19448
24829
3829
20077
9726
20021
28736
30353
21399
21429
21635
4098
2171
22500
22501
31430
16997
16783
15339
28241
23323
6301
8306
25547
27333
25740
23224
23311
26617
4222
16384
11606
26107
26124
11357
24321
24322
24326
24680
25166
25583
25536
25679
27182
18230
6465
25830
25909
10793
26805
8255
26123
17122
26480
23413
26726
25533
26811
26814
26807
26086
18247
27134
27129
27122
27221
29025
17440
3972
28123
28561
29900
20027
20272
29368
29580
29483
29689
29842
29838
29962
30121
30283
30333
30498
30701
30700
21720
31060
30930
30952
31073
30999
31193
8096
31121
31282
31488
31981
----
----
----
----
----
----
----
----
----
----
----
----
----
----
----
----
----
----
----
----
----
----
----
----
----
----
----
----
----
----
----
----
----
----
----
----
----
----
----
----
----
----
----
----
----
----
----
----
----
----
----
----
----
----
----
----
----
----
----
----
----
----
----
----
----
----
----
----
----
----
----
----
----
----
----
----
----
----
----
----
----
----
----
----
----
17223
25441
7613
5087
5642
7416
5645
5296
5191
5157
6070
1042
16286
10982
15038
5923
5816
5817
5819
5695
5696
5879
5747
5771
6716
5815
27323
4854
15935
26039
8599
15934
31881
29690
6421
6510
12940
6518
30595
4990
6541
6542
6544
22808
7738
30015
18642
7360
9511
31619
16363
10890
16461
4860
30538
8600
12852
16185
7921
24806
7978
7989
8111
15037
7012
8325
8382
8407
8450
8557
10454
31950
16188
13165
25860
9126
9132
9148
9149
19352
11606
10372
10377
26095
9217
9292
16782
11910
15293
7010
9827
9834
9839
19813
10113
10094
10101
10108
10324
10335
10338
10307
10615
13498
10619
10524
2811
29426
11074
11344
10911
19386
24523
12292
12287
12035
12036
14998
14999
15004
15005
19496
27562
12420
12491
12511
12672
12752
12935
19196
29287
13146
13147
13148
13221
13519
26040
13573
17738
17739
22947
16146
26030
29685
21998
17224
14478
20855
14564
10880
14625
14781
3479
15119
16479
20742
17573
12227
16374
15939
15716
15717
15718
15719
15720
15745
24052
15619
16168
22964
27706
16235
16423
15188
15189
3389
16630
14885
17733
27976
24688
23012
15156
17032
17036
17102
17113
22697
17260
17262
17268
17327
20478
17495
17498
17506
17515
15624
17598
17657
22638
17789
12619
17900
18214
18226
18402
18404
31157
18719
18720
31418
23519
8628
19420
27790
20828
19369
19127
19394
19324
23664
19483
19504
19505
31941
20022
28628
20134
20136
20180
28732
28734
28737
17845
20417
27942
24216
24217
10721
20538
20715
21156
21157
21158
20742
20964
20855
915
30360
29025
21514
21534
24353
8469
4533
25678
21833
31925
31927
31928
31933
22492
22493
16513
24005
25779
2004
22412
22415
23614
23615
25723
22802
22868
4912
25443
27313
23490
23520
23526
24350
25287
27770
9898
27090
24911
24635
30633
14589
28871
26503
28842
30003
22114
25263
25435
25106
25365
25405
15711
25587
24970
25468
13544
6954
29474
7687
4368
28851
28859
28865
30849
8469
28188
26088
30602
26499
26318
26552
26553
26556
23382
26477
31723
26358
1043
26863
29011
26888
12065
22457
27091
27092
27121
27413
27416
28658
30647
29466
27398
27403
27384
27441
29050
29093
22428
27787
27788
27904
28133
27983
9518
28835
16286
19768
28804
28908
28775
26001
28812
29068
29018
29092
29147
29655
29346
29352
29359
29360
5743
27213
29602
29605
15494
29828
29841
29836
29839
29840
29872
30605
30606
6677
30481
30118
30120
30144
30282
30551
20350
30380
30384
30700
30702
30592
30738
30797
30794
31066
31012
31057
31173
31181
31182
31163
31416
31414
28267
31489
31548
31787
31819
31820
----
----
----
----
----
----
----
----
----
----
----
----
----
----
----
----
----
----
----
----
----
----
----
----
----
----
----
----
----
----
----
----
----
----
----
----
----
----
----
----
----
----
----
----
----
----
----
----
----
----
----
----
----
----
----
----
----
----
----
----
----
----
----
----
----
----
----
----
----
----
----
----
----
----
----
----
----
----
----
----
----
----
----
----
----
----
----
----
----
----
----
----
----
----
----
----
----
----
----
----
----
----
----
----
----
----
----
----
----
----
----
----
----
----
----
----
----
----
----
----
----
----
----
----
----
----
----
----
----
----
----
----
----
----
----
----
----
----
----
----
----
----
----
----
----
----
----
----
----
----
----
----
----
----
----
----
----
----
----
----
----
----
----
----
----
----
----
----
----
----
----
----
----
