----
383
1130
787
26210
172
371
21939
----
103
28276
22948
18216
18251
----
20637
3185
202
16454
2494
23905
16635
9413
15406
1716
17706
1020
11683
3235
7281
25960
8919
4499
4534
21280
26522
19216
8601
16381
12917
13359
17382
1991
22879
28225
28044
9003
1167
25881
6329
----
2290
4504
24960
26577
----
10060
17763
5822
6263
4189
2486
11401
3849
1771
168
11130
8877
13630
25145
8423
----
27111
----
----
12811
8427
2054
1509
18326
20539
6727
4896
3858
6857
27723
4798
28020
25630
809
6126
552
24855
----
1982
7982
----
3963
11660
21328
224
4515
7733
18220
1536
25793
2502
11760
6066
17396
----
26830
11493
19994
26216
10688
----
----
20843
25464
12460
----
19248
15981
1324
16040
17
19786
----
2105
8158
4052
23172
10192
25070
19023
----
9207
1500
27202
478
1699
3303
16574
22367
7108
25799
4246
22215
17272
1751
26486
24347
19206
8850
3647
8843
13468
20064
----
1156
3425
25
----
----
6208
28206
6796
19155
7693
9740
----
24107
18955
27232
53
12265
16507
----
----
----
1953
----
27242
21501
----
11408
2987
10315
2780
25807
21723
9776
840
2593
11350
21614
----
----
27756
----
13753
4009
8728
25924
----
1317
----
27935
3850
----
----
12034
26581
22681
23170
23806
6565
----
----
14036
16739
12306
1685
27655
7716
9474
12731
----
946
28170
----
16729
19513
17237
23379
26160
15042
26549
24242
----
8254
4004
20553
19545
23166
16452
22857
26218
13401
20934
5010
28101
9282
9675
11031
15160
21506
3827
8035
20061
22823
----
4871
26730
1718
27638
21025
5620
1088
24537
27027
4988
23447
23908
1215
4278
9275
3186
278
----
11947
14639
16565
831
28190
8719
1778
24350
----
----
1423
26385
18948
15932
2504
1076
28132
8643
3234
321
10718
13905
17324
18559
3623
3684
12818
26244
11713
18672
11832
19502
11208
13316
11992
2557
23472
845
7399
3472
24375
19219
20646
15086
2654
173
----
26861
21621
21956
1422
4810
18122
12780
15532
17231
8235
22478
----
----
16428
19052
28024
----
----
2078
6871
15625
6877
13422
13898
24873
25483
----
13427
5661
9398
11783
11392
4782
24878
27337
23651
10439
----
----
7816
9119
12353
18051
19632
21095
25380
----
5464
5529
9615
10597
22886
20058
13860
18288
----
----
5838
26184
11520
5278
25490
8319
22338
16981
25190
----
20444
358
22498
7481
9719
15633
17872
22970
25153
----
----
7265
6172
13154
8042
5080
16156
12326
18260
12743
23799
11261
27096
5750
22006
10182
7001
17222
17418
18747
5976
7528
26766
17133
14524
525
17758
10470
----
----
----
21204
11612
15304
2008
24334
6116
----
----
----
20026
12498
7801
3272
16665
28232
2424
13005
23978
27912
13085
1416
27705
9891
15652
17475
1562
18786
22813
12988
867
27023
4776
22018
23578
1578
23111
18441
14614
27588
21976
23186
25478
22887
----
1358
25662
5497
25088
27837
14052
14068
19805
22078
1695
----
----
8089
11519
6419
3144
3388
774
25018
5196
13637
26120
26186
11067
----
----
1480
12326
12296
3021
12381
10344
21417
25294
14058
18054
25123
26375
18362
64
----
----
----
----
----
----
17638
17306
10965
15911
8184
3179
16752
7473
146
10023
7414
16150
3550
20069
9151
25107
12047
14148
17711
----
1150
24669
25056
18905
1825
12552
1848
3136
5080
14637
3154
25648
11851
12534
13692
3863
13160
----
14328
20750
196
16706
9680
18586
24634
25990
15789
22540
9522
17509
27435
2881
26111
19461
20619
16752
25951
----
----
17795
7521
6177
19197
11580
16268
18124
16748
14886
3938
25759
25912
1173
----
----
25772
7362
15308
21086
11538
12778
18657
3000
3001
13781
18566
2618
17545
23439
13232
28034
15566
23736
18006
25299
----
----
----
----
14484
5213
6062
26960
10238
10964
23653
3529
14879
12544
26663
604
6876
20920
15600
3048
814
23186
----
----
----
----
6463
28373
7361
451
19046
26207
3721
8305
18652
13798
2690
18527
18806
15827
20328
1585
4065
2454
1854
15451
21998
25404
15139
----
----
----
10628
10083
9195
18594
8300
7645
15039
28232
12860
26345
13687
15688
15304
1046
3264
17536
14787
8255
13921
22302
21968
23652
25563
13908
28412
----
----
4353
28064
19771
4055
2565
2533
905
25317
4412
10561
23887
25320
16409
16411
18844
17996
3780
13338
21984
16350
1701
26620
2238
4032
----
----
----
----
----
----
----
10164
14519
20559
1811
8092
8399
18395
11152
1427
17766
9721
11485
21310
550
18641
15402
20068
17639
18767
11906
22543
9377
22739
21591
25379
402
6988
----
----
----
----
----
12524
4887
6065
1724
12113
6782
2277
16525
19833
1043
8915
8846
10195
1676
23505
14690
7002
13689
23309
23289
22627
16480
5945
19437
6865
3387
5513
19640
27726
218
14395
10537
24018
23463
18591
26411
23442
1833
24598
25925
25670
26986
----
----
----
----
----
25020
2058
3919
16346
5843
6289
26591
16235
12298
5495
9994
8920
8832
21988
10654
10971
10956
7451
12415
9529
21180
21317
21813
17127
28152
15108
17668
17619
18268
4066
7282
26697
11966
13536
18109
21693
21586
10583
22587
23203
13931
26384
3870
25122
10231
3753
19358
27955
23265
----
----
----
----
----
----
----
----
----
----
----
----
8611
25528
6731
11896
1366
22904
9722
25903
8778
9156
8377
2695
10421
7408
25926
25939
13721
1057
20558
23241
15843
17491
19072
17821
17715
9122
18495
18620
21362
24552
20811
17210
22577
1951
22308
23898
24801
2259
15505
617
21845
27300
27846
28027
----
----
----
----
----
----
----
----
----
5891
40
27033
2151
5712
1643
6979
2917
3761
13199
11922
8300
6114
16030
9078
13580
8573
8368
10417
10248
1077
2894
19253
5230
27554
20731
3729
13199
24178
20420
820
19444
25704
17376
27700
22779
21382
10358
19736
24650
3389
18500
17435
18713
3456
27909
469
20258
21964
22228
27547
1070
25852
6185
23532
26322
26819
25636
----
----
----
----
----
----
----
----
----
----
----
----
----
2962
9370
6738
5372
5620
26155
6325
11397
26029
27826
9661
9414
7914
3597
13278
16792
10769
18969
10908
10916
12386
12416
21200
21715
318
11506
16486
10393
23170
15650
16255
12102
16365
16077
17805
18254
19410
19771
1714
23411
390
18730
21120
1739
7565
22380
22157
2393
19245
23465
23537
6291
26907
24289
17526
24444
10064
27827
25152
22629
18687
26142
27042
1881
27487
27953
28081
----
----
----
----
----
----
----
----
----
----
----
----
----
----
----
----
----
----
----
----
----
----
----
4573
4616
4737
22955
13978
5250
15645
6240
15129
26320
1397
7979
25761
8921
18031
9575
9843
8301
22879
8247
12516
6228
11967
25829
23138
13921
2378
15498
8150
24294
25190
7621
6014
18405
9362
26600
13691
18307
14311
19858
22484
25294
23910
14984
20452
16080
14622
12787
28027
17632
16076
10399
6602
18280
4065
22514
3543
24505
20690
4125
13284
13037
25577
21949
20983
20682
8210
11169
27702
23419
25485
25900
25937
28011
26619
25211
27106
27706
28126
----
----
----
----
----
----
----
----
----
----
----
----
----
----
----
----
----
----
----
----
----
----
----
----
4995
11890
5748
2096
4545
6726
6734
5343
5524
24114
5782
27547
16409
13468
22259
16959
23523
10292
5538
19017
1396
10246
21492
8917
17970
1291
24820
9973
10601
10616
10581
6821
21274
11616
12004
25349
2703
13745
18554
22577
17278
14561
13822
14799
16158
23351
15975
8420
19793
2252
13649
23251
13481
16474
16476
9434
989
10221
13115
15572
27554
23781
18266
18474
3396
10594
590
23030
3482
19400
19450
12995
23177
21960
21158
20557
24852
21639
22158
22033
25580
22567
22703
23217
18644
22684
28158
4201
24972
27550
21920
3749
26822
3757
27043
15785
13962
24535
21690
27522
767
27822
3926
----
----
----
----
----
----
----
----
----
----
----
----
----
----
----
----
----
----
----
----
----
----
----
----
----
----
----
----
----
----
----
----
----
----
----
----
----
27668
4530
7287
1258
17645
14484
4996
24044
25065
5461
12368
5539
5679
4086
5794
17648
12320
17331
20225
15491
16064
7298
7362
10198
20792
26687
21332
7941
8088
18118
12294
8495
8815
8754
8783
9220
10041
9704
9713
9729
20350
28099
12412
12430
10249
27364
10978
10988
430
11993
7622
16249
12055
12057
11717
15195
17441
24456
12059
12061
20559
12418
18674
25817
12906
13233
17611
11230
26601
13858
13899
18799
11302
17052
19543
19986
24897
12183
15564
23016
18758
5896
16085
16475
16650
3855
13241
17468
3198
10214
21830
20698
18439
13298
21411
19617
23339
19769
17558
20387
21122
20621
18457
23487
20743
26376
5911
3625
20026
1636
21761
22395
16976
11916
23213
28032
6447
23512
3767
20669
11780
13115
3272
24096
24214
2834
1833
28296
6963
18386
24797
26865
25123
15085
25399
27416
26109
4109
28367
26804
26739
26641
27110
27565
26083
----
----
----
----
----
----
----
----
----
----
----
----
----
----
----
----
----
----
----
----
----
----
----
----
----
----
----
----
----
----
----
----
----
----
----
14359
----
----
----
----
----
----
----
----
----
----
----
----
----
----
----
----
----
----
----
----
3748
18249
4786
22865
5068
2434
5892
6735
21927
2534
5532
5556
18337
7091
12526
6734
19333
6285
1378
2508
1363
27339
7253
7244
7542
3596
7617
7368
23614
11411
9905
23132
24840
14522
8700
8933
8934
8906
17120
7921
16979
10042
27622
9382
9356
1378
9764
9773
9795
9881
9845
8152
8298
10294
1164
24738
11741
11266
19087
2231
21810
1775
11685
23611
2554
11319
11356
11484
12044
23175
5941
14195
2685
27553
12594
18502
23503
21417
15704
12816
856
1951
563
28178
11255
320
14378
18619
11119
18520
18376
18625
14309
3381
14990
13380
20380
10591
15689
19832
25073
624
17375
15071
16139
24679
28251
15593
5614
15737
15733
15740
13471
16384
16446
16478
25378
14679
16516
13860
16907
17658
18213
15106
16697
15916
17069
17854
7386
17560
3478
17387
23601
17575
17653
26791
24736
17844
5406
21658
18478
18480
18294
12317
18403
13812
18716
23043
18606
2006
23029
18164
1788
588
12841
27220
19665
20280
13031
25708
26175
20386
26489
22891
11961
4079
20864
3659
20969
21041
21151
23102
1134
3435
19119
21460
27615
16156
21660
21679
22502
21969
22262
12495
15360
22035
22094
22188
12325
11966
9262
8637
26977
20758
17506
1806
23976
23900
23902
23903
23930
24407
21364
28173
24279
24287
18693
24385
25745
1832
24395
25853
20158
27365
20005
1902
18172
25512
25591
25735
25781
14220
19911
26061
25084
26425
26250
27072
26790
22402
26682
15050
26750
27019
28340
22028
27911
1711
23262
13466
3352
----
----
----
----
----
----
----
----
----
----
----
----
----
----
----
----
----
----
----
----
----
----
----
----
----
----
----
----
----
----
----
----
----
----
----
----
----
----
----
----
----
----
----
----
----
----
----
----
----
----
----
----
----
----
----
----
----
----
----
----
----
----
----
----
----
----
----
22776
----
----
----
----
----
----
----
----
----
----
----
----
----
----
----
----
----
9168
15312
4319
4608
22059
4794
41
5711
5032
11493
5021
5027
5390
517
5450
5451
5447
5453
5458
409
5553
5611
5785
11405
21698
6746
18148
5811
6138
11686
6323
6215
6218
110
8920
6396
6397
6494
3289
26163
28184
23897
12941
12954
13635
21200
5653
15804
10141
7345
7646
7650
18871
10332
2957
11812
1398
11339
7976
8038
8023
8052
8026
8001
8004
9602
10053
960
8361
990
9012
4542
8171
8724
18938
9178
20635
25068
10094
11699
20007
6316
9697
9796
9761
9765
9809
9876
9873
2064
17512
5126
8215
11007
10419
26634
11217
4292
10738
15787
21163
10986
13187
10862
10906
26202
6928
16061
11413
13708
11552
11372
11428
10441
11472
11613
11649
11617
12093
12056
11587
21234
15416
6920
14286
12071
16333
8928
16965
14461
23518
15706
8570
12713
9223
18848
17113
13007
9333
27372
19547
17974
12239
2850
17138
15415
14669
6192
13628
6948
18358
21975
14905
24347
14555
14559
14562
18393
18285
10142
13632
16931
14206
14210
14070
1790
1045
11911
14355
7356
12262
15739
9732
14565
17404
7768
12909
23046
23054
14838
1107
14924
18433
14983
3396
15312
15316
23379
15399
3338
17774
15601
15602
15608
15672
3176
15866
15889
17057
16419
16420
16417
16168
20378
20380
16363
16387
3181
11422
18316
13924
21801
16732
16735
16738
16747
16653
19545
18214
17585
22143
17070
15471
1311
27216
17218
17386
17470
17471
17464
23601
22744
19231
17604
17585
27849
8740
17709
17126
17882
3775
17128
15521
15658
21378
21381
15672
13921
14129
14887
15005
18394
18534
18479
18454
18372
18816
16164
18964
16728
18991
23016
1133
14628
4072
22466
4132
13938
19845
19847
19409
13293
19070
27107
19776
14986
27922
21828
20183
20184
24079
14492
24180
20373
28083
27169
26768
19039
16559
20554
20592
21776
20841
20800
20796
23120
16628
25415
20960
10448
1421
21145
341
21343
25273
16075
21763
21764
27612
21655
21722
3664
23233
22071
22023
22158
22578
22072
22136
22548
22276
22158
20425
6200
17187
22667
27440
22814
20695
22829
22825
26513
24246
21259
23211
28155
23475
16521
23530
23612
23661
24327
23730
23623
27932
23919
7099
19930
24241
24244
16997
24389
24274
14920
3813
3822
25238
3842
28067
24954
25052
3342
25297
25179
25116
25118
12998
25306
17229
25588
7634
24282
25690
25745
25028
22057
26249
26476
4638
26810
26787
26693
25702
26915
26968
8212
4000
3991
3992
17397
25011
27239
27139
27666
27649
27716
27733
25479
4251
27977
28032
28078
28166
18803
3453
3956
----
----
----
----
----
----
----
----
----
----
----
----
----
----
----
----
----
----
----
----
----
----
----
----
----
----
----
----
----
----
----
----
----
----
----
----
----
----
----
----
----
----
----
----
----
----
----
----
----
----
----
----
----
----
----
----
----
----
----
----
----
----
----
----
----
----
----
----
----
----
----
----
----
----
----
----
----
----
----
----
----
----
----
----
----
----
----
----
----
----
----
----
----
----
----
----
----
----
----
----
----
----
----
----
----
----
----
----
----
----
----
----
----
----
----
----
----
----
----
----
----
----
----
----
----
----
----
----
----
----
----
----
----
----
----
----
----
----
----
----
----
----
----
----
----
----
----
----
----
----
----
----
----
----
----
----
----
----
----
----
----
----
----
----
23069
----
----
----
----
----
----
----
----
----
----
----
----
----
----
----
----
----
----
----
----
----
----
----
----
----
----
19465
24356
5138
4364
7436
2028
4446
4447
11700
4536
4538
5494
5200
10214
10573
6165
26703
8069
11527
341
5035
4924
4926
13100
4984
20576
27088
5030
5023
6848
5061
5078
5074
5076
25149
26255
13888
5368
11138
11141
5449
5552
26766
5631
5613
2590
5674
5677
5678
5662
25076
16864
1023
5796
6080
6079
6021
11394
6735
5890
16481
14864
7195
6130
6133
6136
6137
12357
7696
10295
19658
18655
26223
1328
15256
2489
6531
6535
23450
19144
23407
6692
6752
6742
6746
23714
7396
6875
6885
6925
26772
12295
12300
12305
16066
7077
7080
11111
7140
11308
13124
14484
7248
7230
7318
5407
15796
7510
7415
7423
7424
13526
354
10197
2335
2659
7750
7078
11385
11386
11387
16855
12436
960
7815
7824
7709
10269
7892
8969
8970
8972
8975
8977
8981
1399
22500
7973
7974
20741
8037
8039
8046
8048
8049
8050
8051
8098
8076
8231
17134
24593
8372
12180
12181
12184
8387
10260
12935
8490
8491
8492
8493
8494
8496
8498
8499
9677
8660
8662
17275
8720
8721
8710
1380
12922
8939
8819
8875
8882
8891
1587
9462
9468
9258
5818
17631
9342
8489
23810
9084
14769
9377
12489
19610
4614
10337
8420
9758
9763
9791
9874
9880
11104
10189
13416
15041
8303
12259
15277
21726
10299
24445
10221
11043
10648
10662
10416
10420
10423
10425
10426
10427
10428
10429
10433
13088
10542
13893
10598
12424
7741
10641
1648
10781
10842
10765
10961
10903
10907
10976
10838
10432
13800
14471
10987
15245
11102
14349
24966
11053
11197
25200
10349
11369
11370
11371
1363
11481
1161
11720
12076
15572
28004
17818
11750
15207
16200
19962
11777
15437
15440
11888
11891
20264
28196
23769
12029
12060
12064
12070
12073
24457
14257
4775
13977
2033
14646
18059
10019
24730
6194
15944
11919
23601
774
6186
4646
12357
22790
14970
12622
12469
23460
12594
10783
6011
19319
11774
15705
11310
12677
12683
11088
12710
12706
12710
12711
12872
12933
17459
23183
21590
18733
19752
25578
13140
13136
13194
13175
13187
13027
14290
14921
13290
10621
13376
28342
22165
1842
12037
13563
13890
13678
13681
13685
26849
27763
13705
10671
14558
24573
25583
21183
14435
13906
13912
16016
23448
14237
14069
15626
25387
14131
18531
14293
14280
14352
12420
13400
24758
24773
24775
17066
13878
18140
20320
20318
15733
14536
14636
14638
12841
14675
21494
1569
18652
14909
14919
20731
1743
14903
12317
14985
14992
14993
14994
14995
15054
21804
18749
22723
25530
6670
15206
15210
15219
15225
15191
6426
15267
15266
15500
13208
17169
28125
15377
18228
23608
20730
17778
17780
25886
17789
17792
15596
15594
15597
15598
15599
15649
15680
15683
15697
21625
26572
15786
15799
15795
23377
15890
15949
27044
2103
13962
16056
16057
16062
16063
24433
5818
16402
16926
16927
16929
16375
7449
16417
16508
17349
22130
21169
16518
17997
3621
16897
16730
16740
16743
16744
16746
16836
16837
16838
16840
16845
18200
18208
18211
18212
16178
28165
21002
2895
16998
17001
17005
17016
27963
17067
17068
17106
20814
20331
17217
27069
26409
17392
17416
20136
17474
25374
17511
17515
17022
17567
17598
17605
24611
17637
17937
15511
1819
4736
20776
23793
26845
21376
21377
21379
18007
24701
22778
2288
22022
17569
18106
23459
18141
18156
18157
18158
18576
18235
18236
20354
18238
18396
6217
18511
18458
18562
18473
12544
18529
18419
777
18567
2960
18603
18664
18772
26934
26935
26936
26943
18827
18830
18913
18966
23693
19001
19933
23014
20895
19396
17277
19154
19209
20678
24682
23030
28356
28358
28360
23029
19841
23714
18237
19377
15325
19627
19629
19634
19735
18168
26162
19783
19784
10266
3490
27565
18865
2548
12426
20848
14081
17827
729
12329
21890
14082
4535
26408
20346
805
24182
24432
22777
5936
20447
20435
27303
20580
20590
21146
27911
5957
20725
25351
18050
24489
25783
24476
23932
5575
7289
21161
27416
21232
23100
23101
23103
23104
23098
25333
21272
26332
17567
9842
18941
21459
21544
16079
16156
15707
1328
23267
21765
27346
17544
21734
21751
14913
21904
4911
21971
21841
21880
10439
22023
22411
26791
28191
6850
16728
23203
22327
18315
22081
22071
21466
19758
22417
26613
22179
3695
22685
14602
10553
22818
27533
22917
15777
25571
25581
25456
23223
16446
14646
23282
23284
18055
23300
23443
23444
23445
27440
20697
20633
18848
27398
23488
25990
19030
20694
23548
23710
23711
23713
2590
23579
27171
15071
23660
23662
15704
22006
23719
23720
15916
23767
7091
15396
24516
24007
24243
24046
24047
24137
24139
24159
24177
24240
24281
24342
24349
24352
24382
24383
24378
24397
19962
11791
27979
28391
24581
24597
24686
26568
17897
25949
21194
24771
24770
21165
23286
24908
25074
25017
25143
25188
25210
25227
25315
23241
27146
14887
25480
25600
25548
25562
25459
25663
25716
25732
25747
25755
25724
25765
25763
25779
25797
17428
26454
17742
7483
26037
26039
26042
26043
26035
14635
26067
26235
26236
26238
26143
2905
26326
24671
23532
26429
26442
26447
26473
26523
990
27073
27074
4135
26707
26713
26818
26837
26765
26802
26624
17350
26901
26966
26967
26969
27037
27038
25515
27197
21165
27656
27297
27361
27350
27353
27344
27387
21642
27402
3836
19699
27629
27630
27463
27483
27485
27478
27480
27575
27570
27528
27581
27566
27664
27682
27683
27669
27670
27673
27674
27717
27725
27806
27816
27819
27820
27823
17431
27856
27852
27853
27895
27965
28073
28107
28120
28080
28151
28139
28208
28217
28220
28224
28257
28279
28305
14810
28301
12713
3275
17093
28408
28409
28410
----
----
----
----
----
----
----
----
----
----
----
----
----
----
----
----
----
----
----
----
----
----
----
----
----
----
----
----
----
----
----
----
----
----
----
----
----
----
----
----
----
----
----
----
----
----
----
----
----
----
----
----
----
----
----
----
----
----
----
----
----
----
----
----
----
----
----
----
----
----
----
----
----
----
----
----
----
----
----
----
----
----
----
----
----
----
----
----
----
----
----
----
----
----
----
----
----
----
----
----
----
----
----
----
----
----
----
----
----
----
----
----
----
----
----
----
----
----
----
----
----
----
----
----
----
----
----
----
----
----
----
----
----
----
----
----
----
----
----
----
----
----
----
----
----
----
----
----
----
----
----
----
----
----
----
----
----
----
----
----
----
----
----
----
----
----
----
----
----
----
----
----
----
----
----
----
----
----
----
----
----
----
----
----
----
----
----
----
----
----
----
----
----
----
----
----
----
----
----
----
----
----
----
----
----
----
----
----
----
----
----
----
----
----
----
----
----
----
----
----
----
----
----
----
----
----
----
----
----
----
----
----
----
----
----
----
----
----
----
----
----
----
----
----
----
----
----
----
----
----
----
----
----
----
----
----
----
----
----
----
----
----
----
----
----
----
----
----
----
----
----
----
----
----
----
----
----
----
----
----
----
----
----
----
----
----
----
----
----
----
----
----
----
----
----
----
----
----
----
----
----
----
----
----
----
----
----
----
----
----
----
----
----
----
----
----
----
----
----
----
----
----
----
----
----
----
----
----
----
----
----
----
----
----
----
----
----
----
----
----
----
----
----
----
----
----
----
----
----
----
----
----
----
----
----
----
----
----
----
----
----
----
----
----
----
----
----
----
----
----
----
----
----
----
----
----
----
----
----
----
----
----
----
----
----
----
----
----
----
----
----
----
----
----
----
----
----
----
----
----
----
----
----
----
----
----
----
----
----
----
----
----
----
----
----
----
----
----
----
----
----
----
----
----
----
----
----
----
----
----
----
----
----
----
----
----
----
----
----
----
----
----
----
----
----
----
----
----
----
----
----
----
----
----
----
----
----
----
----
----
----
----
----
----
----
----
----
----
----
----
----
----
----
----
----
----
----
----
----
----
----
----
----
----
----
----
----
----
----
----
----
----
----
----
----
----
----
----
----
----
----
----
----
----
----
----
----
----
----
----
----
----
----
----
----
----
----
----
----
----
----
----
----
----
----
----
----
----
----
----
----
----
----
----
----
----
----
----
----
