1
43662
34818
12523
43601
43761
1756
34758
43882
28873
41505
39280
42019
12853
20051
20623
43542
26125
43546
4758
43782
39651
25156
40427
33937
12488
43889
36612
22710
43895
21828
18963
7612
34654
33745
43687
1463
22137
9458
29646
7620
23509
7193
43647
27354
43664
43615
43284
9764
3067
34486
38336
4227
20043
9947
33428
4
19166
42821
43774
11407
10146
43192
3866
43712
36787
42033
21564
38895
38913
40860
2597
18
1512
30896
28389
12972
36503
43074
43933
30685
32690
43625
43014
43788
15386
41899
14562
35218
43555
16492
32293
43626
43151
43674
3403
21629
39767
42745
15245
33697
14045
8276
42631
43823
15534
26188
23615
24732
7018
38582
11811
9950
20998
29498
43554
23747
42377
8513
8939
11159
22085
3987
25488
28741
31987
4631
17847
15518
19404
31630
30361
5321
32742
11012
13938
27220
21180
31700
43966
9412
20070
23064
221
15667
28605
43766
43813
3159
28199
23968
16467
24437
37748
1243
15271
17627
18383
7239
13590
36492
8529
15941
16519
25148
6258
7961
5389
10091
31934
5472
24279
19748
35474
36127
15877
26326
38625
12
13691
33903
2225
8409
9230
36177
40404
7646
41785
43509
42943
37801
647
14072
2131
16858
602
10418
13046
6841
13058
35256
4191
4458
9426
8418
39405
41727
12222
13479
17451
35220
20822
1359
9460
8
13726
43490
5735
17700
24874
32852
43655
9944
10801
23372
27542
20
9688
15733
21019
38752
1333
43582
9739
29615
34641
3291
13650
14905
20237
37727
40563
9999
7871
11936
22228
38335
38744
143
6289
9776
10541
15094
26561
10065
13389
33731
33297
2378
20971
27117
15606
40644
18033
30772
35862
43641
16117
20484
23772
34839
3083
4330
4445
39766
22
9150
15025
10141
15640
12782
20258
27294
5022
11530
18971
30202
14293
36088
37277
41235
7936
21272
23596
38145
40508
60
667
12426
19803
2020
6915
10018
19188
22463
26121
32397
33471
15776
16670
18401
21795
25625
33151
37771
12937
16079
20846
27234
38299
8443
36548
22201
38480
4312
42240
43963
779
1951
20495
14046
20707
28915
2533
3322
6204
16887
17215
17566
22280
22481
43527
2800
4553
9948
9983
17756
13337
20474
39359
7477
20246
8913
21905
22882
30355
32408
40219
41709
5885
20340
25331
1642
7965
14561
24794
38604
11414
24915
33678
37238
707
3940
21575
43181
3412
4217
4555
10103
10880
12916
13909
25592
29982
3822
17409
19550
24544
27983
33803
36407
20618
31281
41170
5302
13649
14259
16770
22728
5372
6611
7740
11842
17990
35939
40465
12279
14434
35675
37969
40341
43780
6594
18382
21804
27135
35380
41376
42214
42317
2044
15022
25231
43482
1962
9006
9512
11077
19709
21264
26289
32809
33266
33650
5160
6780
7377
12182
16262
18465
20677
23136
28070
32741
38186
8859
21820
36120
36780
13015
20648
23312
34576
1457
12301
12448
12989
13850
15273
28309
3314
3915
8420
10501
29298
4023
19455
19513
22912
23326
24797
30271
36491
37910
39108
2880
6138
7492
11316
12025
13276
13654
23219
37577
43003
634
1225
4835
10820
14382
15931
35318
38572
11256
22275
30689
32373
33505
38352
40038
41728
1297
7044
8514
8926
10934
11027
16164
18939
20200
21181
22994
26079
27404
28071
36250
39185
718
6941
8184
18435
19256
20786
25158
27349
29654
29820
43591
6354
10223
12145
19458
20424
22980
32440
2536
6951
8298
8936
9782
11674
12297
13733
14188
17485
23190
25328
26850
6712
8692
8771
14669
19083
21157
23385
24179
30499
33363
33528
34931
41892
1546
3411
7335
9067
9364
9932
10984
12299
13412
16307
20671
23794
26687
27092
29316
34875
468
1107
5637
6622
7194
7778
11585
15605
17526
24609
25282
34756
35644
1521
4292
5292
6848
9247
9501
11073
12150
12809
13143
13644
15595
16286
17278
17811
19066
20333
22586
23318
23795
28680
39090
42659
43201
1469
3667
3821
4183
4493
4899
6861
9338
9943
14717
18574
19737
23104
24240
24372
37234
43987
7271
9580
14777
16109
17874
17912
22928
24499
31220
35297
36506
981
2049
3754
8036
8708
8956
9121
10935
11677
11985
15005
18974
20588
23138
27202
30422
43692
202
2705
4836
4987
7138
9359
12928
13370
19165
19481
22050
23079
26502
31592
33116
33552
33699
38375
41206
1948
3012
3121
3743
10157
13258
14522
15227
15257
16402
16794
16850
18270
19886
22459
22860
25377
28819
29770
34474
41243
5016
5948
7900
10782
11169
11941
15722
21805
24808
24856
26915
27382
29087
33983
34285
34862
37543
42829
43320
1474
3172
3253
3260
5393
6251
6376
7864
11421
14316
17439
18308
19276
19277
24267
24795
26914
29471
34134
34990
40494
40815
41978
6208
6919
8687
9285
10642
10723
11933
14019
14050
14594
17685
17931
18627
19325
20001
24475
29030
30287
32068
32674
32820
34183
40391
42649
1385
3839
8853
11682
13376
15189
15402
16121
17845
19643
20250
20575
22932
23420
23637
26509
26560
29679
32432
32824
33252
6501
8229
12477
14063
20754
23332
25181
29326
29830
31862
34042
34519
40237
40535
40562
43639
4829
8816
11660
12520
13130
17240
21480
21910
24185
24322
25338
26688
27917
28768
29990
30584
32181
34995
1660
3341
4021
5105
5146
5521
5953
6499
8205
8697
9726
12059
13780
18163
19218
20354
21097
21686
22845
25223
29637
30379
31760
34465
34639
36350
38463
2590
2735
3219
4129
4196
5983
8134
8512
9474
12257
12300
16168
17458
17520
17686
17806
18034
19174
23525
28385
29148
29764
29821
30380
32145
35791
35821
38123
38470
43708
6752
9574
11938
12208
12715
12983
15807
16465
24964
25188
25380
25909
26033
27564
30091
31353
32630
35728
35965
37359
37435
39154
39477
39638
1527
1702
1724
3161
3233
5003
5421
9352
9490
10595
10750
10990
11247
13122
14955
15369
16778
17935
18357
18396
19002
19153
21316
23042
23545
23589
24248
25704
28220
29202
29430
30393
30605
31663
32340
37530
41778
1291
1352
1373
1493
3506
3795
4310
4662
6257
8783
8962
9455
9971
11126
11282
12698
12798
13014
13320
14374
15256
16268
17196
18168
21608
22033
23247
23313
23807
24140
24602
26657
27587
30899
32083
32427
33570
35448
35614
36810
39801
40071
40549
42314
42833
43175
2016
4842
6747
8971
9404
10032
11243
12044
12734
13498
14491
17994
18182
18870
19300
19475
19476
20030
20338
23224
24853
25598
26014
28353
28643
34666
39191
43444
352
420
1074
1670
2041
2178
4047
4365
5062
6455
7003
9439
9494
9669
9894
10460
10703
11812
12856
13371
15624
16248
17355
17478
19017
19020
19718
21723
21855
22638
22865
26056
26763
28675
28730
29388
30447
33098
34036
34603
34718
36233
38476
41372
43038
43807
808
3160
5366
5409
6365
6396
6438
6591
7057
8414
8468
8779
9589
11037
12381
12518
12589
12668
13507
13699
13747
15882
16964
18217
18253
21072
21190
21445
21472
21758
21857
22362
23368
23800
26165
27488
28299
30851
31864
32005
32022
32133
33344
34582
35857
37414
37682
43334
44001
1174
1798
3998
4161
4634
5457
5842
6020
6362
8265
8277
8737
9012
10212
10476
10807
11426
11676
11873
12179
14922
15467
16126
16534
19148
20253
20883
21579
23246
23379
23655
24126
24314
24846
25220
25700
27023
28665
29613
30758
31007
31268
31890
32082
32091
33884
35576
35699
36963
37236
38837
40014
40523
40548
40602
40825
41360
41373
43421
43643
43904
82
655
1298
2784
4153
4291
4346
5335
5771
6649
6901
9904
10500
12429
13511
13828
14395
14411
15017
16202
16260
16866
16895
17218
17428
17509
18582
18607
18738
19414
19877
20571
21052
21770
22380
22460
24299
25594
25891
25997
27693
27758
28374
29061
29614
30331
31194
31476
32051
32886
33063
33499
34449
34455
37671
37839
37950
38420
39802
40343
40485
40858
40994
41309
42268
79
714
3054
3649
3785
4059
4911
7034
7090
7754
7756
9744
9926
9949
9967
10618
11053
11620
12827
13728
13925
14159
14678
15511
16229
16896
16999
17187
17430
18051
18395
18802
18954
19501
19644
20059
21899
23511
23729
24443
25247
27082
27130
27462
27946
28303
28995
29766
30178
30247
30944
30968
31847
33649
33902
34538
35286
36593
37175
37496
37674
37764
38645
41540
42153
42560
43319
546
1024
1197
1762
1852
3190
3333
3609
4894
5973
5995
6784
6958
7473
7694
7878
7958
8731
9087
10040
10080
10677
11852
12298
12612
12672
12832
13541
14036
14375
16279
16823
17039
17595
17631
17687
17831
17833
18843
18942
19245
20782
21649
23276
23367
23778
24730
24919
25243
25839
26461
27124
27903
28938
28994
29955
30250
30330
30846
31037
31598
32221
32583
33336
34033
34165
34219
35356
35438
35963
36533
37441
38156
38606
39316
39904
40872
41282
42183
42435
42571
43465
43671
85
843
1010
1516
1529
1589
2028
2172
3242
3391
4927
5000
5669
6652
7368
7528
7582
7751
7938
8198
9093
9144
10696
11806
11840
11956
12031
12132
12569
12867
13737
15088
15936
17024
17807
18686
19322
19581
20298
21911
22372
22448
23037
23717
24502
24523
24881
25832
26178
26928
27414
28172
28674
29295
29576
29619
30165
30192
30376
30388
31197
31975
32738
32906
32907
33507
34643
34697
35780
36609
37657
39683
39777
40375
40787
42844
43688
43700
701
797
844
933
1261
1368
1378
1739
1800
2078
2091
2173
2320
2505
2951
3283
3308
3512
3637
4070
4378
4547
4716
4782
4921
6028
6178
6201
6506
6538
6650
6763
6834
7679
8137
8255
8421
8489
9333
9476
9579
9903
10181
10539
10996
11040
11359
11737
11809
12296
12490
12532
12781
12807
13028
14460
14539
14908
14916
15099
15199
16246
16544
17512
17776
17936
18012
18314
18756
19255
20807
20985
21073
21349
21466
21862
21942
22036
22243
22439
22677
23285
23808
23950
24228
24577
24590
24671
24842
24974
25588
27083
27154
28294
29147
29193
29308
29627
29719
29984
30770
31090
31308
31387
31632
31940
32030
32226
32332
34072
34330
34382
34709
35514
36340
36783
36960
36966
37078
37321
37828
37916
39291
39609
39752
40593
40807
41031
41191
42177
42384
42424
42980
43610
388
650
1274
1317
1610
1841
1902
1912
2094
2583
2646
3133
3655
3990
4259
4563
4732
5682
5714
6115
6215
6504
6525
6900
6929
7104
7616
8063
8274
8562
9008
9316
9958
10119
10492
11068
11204
11320
11694
12303
12531
12828
12879
12968
13180
13221
13353
13647
14300
14674
14737
14915
15705
15748
15749
16132
16245
16293
17454
17507
18130
18430
18433
19135
20150
21066
21100
21140
21465
22120
22365
22885
23141
23934
24192
25507
25892
28093
28787
29029
29089
29478
29906
30284
30786
31121
31133
31270
31888
32298
32605
32692
32795
32911
33238
33294
33655
34013
34181
34493
34665
34845
34941
35126
35142
35546
36199
36415
37775
37782
37789
37938
38005
38924
38999
39175
40147
40716
40801
42396
43416
43827
46
314
324
951
1056
1081
1237
1286
1847
1903
2015
2047
2121
2210
2444
2504
3131
3356
3378
3381
3435
3451
3464
3508
3519
3565
3697
3967
4201
4807
4998
5257
5277
5658
6036
6458
6523
6548
6905
7316
7381
7452
7969
8093
8154
8483
8672
9246
9559
9636
9655
9695
9852
9969
10557
10755
12035
12289
12333
12908
12993
13004
13056
13441
13840
13854
14016
14184
14303
14552
14860
16071
16791
16849
17665
17732
17930
18218
18676
18820
18987
19116
19196
19267
19526
19876
20244
20490
20663
21733
22057
22184
22197
22198
22531
23131
23889
24268
24310
24420
25401
25439
26080
26281
26404
26452
26597
26760
27413
27751
27765
28112
28242
28264
29441
29442
29616
30878
31095
31358
31518
32138
32735
33158
33325
33343
33362
33370
33967
34681
34846
35047
35109
35500
35783
36037
36872
37324
37591
37766
37772
37800
37896
37978
37986
37994
37996
38889
39433
39550
39610
39916
40240
40344
40412
40661
40797
40808
42694
43381
43649
43660
43722
428
1123
1314
1409
1738
1799
1882
1942
1952
2143
2562
2582
2826
3040
3041
3329
3376
3380
3415
3422
3854
3938
4278
4683
4708
5007
5132
5196
5202
5555
5566
5712
5852
5991
5992
6016
6064
6993
7652
8189
8408
8530
8583
8589
8598
8741
8792
9245
9363
9413
9513
9604
9887
9970
10123
10277
10461
10505
11031
11117
11118
11136
11242
11249
11457
11640
11841
12009
12355
12994
13022
13327
13569
13664
14081
14168
14369
14504
14567
14735
14796
15144
15324
15339
15585
16072
16231
16461
16890
16940
16950
17033
17445
17523
17721
17926
18397
18818
18860
18983
18984
19324
19658
19736
20151
20324
20678
21111
21732
21766
21907
21919
21985
22099
22170
22257
22846
22996
23033
23310
23573
23762
23790
23948
24137
24325
24433
24783
24805
24806
24942
25132
25361
25514
25996
26510
26616
26833
26899
27151
27259
27419
27421
27684
27750
27998
28247
28386
28449
28597
28867
28868
29190
29358
29744
29858
29862
29863
29933
30005
30104
30203
30299
30593
30764
30885
31071
31109
31269
31520
31695
31791
31931
32042
32174
32379
32470
32923
33015
33073
33097
33480
33495
33743
33963
33968
34048
34154
34269
34596
35188
35222
35260
35472
35611
36374
36622
36843
36844
36932
37588
37627
37660
37722
37889
37895
38950
39541
39639
39644
39645
40154
40418
40474
41061
41062
41063
41125
41299
41769
42052
42065
42066
42097
42315
42670
43093
43600
43640
43727
480
658
901
1196
1208
1234
1292
1315
1369
1374
1375
1382
1446
1605
1691
1960
1969
1982
2085
2086
2101
2485
2935
2988
3029
3039
3269
3357
3590
3808
3849
3853
3898
4184
4263
4366
4635
4654
4815
4954
4955
4988
5379
5603
5681
5722
6339
6382
6423
6502
6528
6551
6660
7196
7333
7334
7412
7493
7583
7600
7967
8110
8406
8427
8502
8701
8894
8991
9015
9024
9025
9232
9336
9361
9402
9473
9575
9628
9829
9953
10556
10780
10858
10997
11032
11047
11048
11054
11088
11141
11479
11488
11492
11527
11549
11934
11966
11989
11995
12194
12224
12319
12447
12723
13033
13073
13103
13225
13322
13553
13701
13751
14097
14144
14282
14448
14555
14586
15613
15618
15711
15718
15925
16075
16575
16769
16784
16889
16906
16985
17264
17473
17805
17842
17865
18651
18674
18907
18919
19210
19211
19451
20020
20138
20524
20767
21003
21070
21334
21348
21415
21728
21909
22322
22379
22391
22622
22858
22877
23044
23105
23140
23148
23314
23656
23728
24095
24238
24472
24587
24801
25193
25320
25407
25601
26254
26948
27056
27065
27088
27263
27650
27840
27926
28034
28043
28055
28298
28614
28767
28820
28897
28941
28942
29015
29103
29327
29721
29732
29783
29892
29917
30385
30632
30635
30767
30771
30882
31081
31151
31219
31253
31317
31335
31398
31507
31685
31789
31865
32217
32255
32670
32754
33004
33038
33080
33166
33253
33337
33340
33361
33466
33715
34073
34177
34186
34739
34902
34980
35038
35108
35352
35389
35469
35560
35774
35831
35959
35971
36019
36206
36498
36806
36990
37465
37564
37652
37675
37712
37799
38190
38256
38737
38778
38953
39100
39152
39401
39434
39834
39839
40046
40159
40349
40553
40678
41073
41077
41209
41221
41330
41446
41464
41720
42120
42121
42430
43036
43197
43280
43341
43559
505
559
849
902
980
996
1170
1227
1247
1276
1426
1443
1481
1878
1904
1909
1917
1959
2207
2326
2456
2542
2763
2777
2825
2907
3042
3048
3136
3142
3175
3223
3423
3559
3568
3624
3696
3724
3725
3728
3794
4034
4041
4123
4124
4262
4277
4340
4341
4391
4545
4653
4681
4887
4895
4904
4926
5019
5096
5151
5338
5404
5629
5636
5798
6053
6067
6112
6116
6181
6434
6435
6471
6684
6717
6750
6751
6783
6808
6847
6914
6952
7199
7225
7330
7427
7485
7660
7680
7768
7814
7823
7843
8058
8064
8065
8081
8082
8332
8345
8407
8541
8641
8695
8780
8873
8907
8955
9111
9167
9345
9479
9683
9705
9734
9931
9991
10041
10064
10118
10126
10641
10727
10742
10894
10906
11009
11315
11360
11513
11517
11673
11680
11954
11957
11988
12012
12056
12092
12294
12327
12329
12431
12453
12476
12636
13032
13239
13248
13285
13518
13524
13584
13633
13842
13926
14107
14108
14117
14221
14291
14326
14330
14376
14407
14437
14554
14647
14858
14893
14989
15016
15109
15143
15166
15169
15297
15505
15543
15582
15584
15586
15756
15763
15829
15922
16007
16122
16272
16401
16496
16559
16560
16690
16930
17193
17241
17386
17413
17417
17463
17552
17589
17688
17830
17841
17849
17853
17915
18183
18202
18205
18305
18431
18819
18992
19038
19115
19195
19358
19698
19735
19771
19788
19833
19845
19849
19878
20031
20147
20366
20371
20497
20498
20501
20522
20589
20653
20779
20915
20972
21095
21387
21591
21646
21727
21764
21784
21874
22142
22217
22218
22327
22392
22393
22637
22655
22703
22763
22764
22836
22880
22922
23049
23076
23086
23106
23208
23211
23254
23446
23478
23700
23767
24070
24326
24335
24539
24854
24913
25071
25100
25121
25145
25406
25442
25805
25889
25910
26022
26071
26101
26331
26375
26479
26739
26789
26860
26890
27496
27709
27755
27925
28229
28514
28574
28898
28984
29300
29355
29356
29661
29725
29768
29779
29900
29968
30036
30083
30100
30114
30195
30364
30454
30714
30756
30817
30818
30915
31012
31113
31211
31212
31539
31553
31674
31749
31788
31795
31796
31834
31903
31905
31998
32144
32175
32190
32219
32341
32425
32577
32669
32744
32804
32952
33152
33157
33162
33224
33244
33429
33477
33487
33504
33518
33565
33652
33703
33736
33844
33965
34031
34270
34312
34511
34708
35072
35176
35289
35329
35386
35431
35487
35615
35716
35957
35958
36155
36322
36381
36392
36543
36579
36664
36694
36721
36874
36985
37242
37426
37548
37560
37985
38012
38187
38402
38434
38462
38533
38600
38726
38743
38874
38970
39135
39331
39425
39450
39601
39649
40130
40185
40209
40350
40420
40423
40501
40633
40645
40770
40820
40846
41043
41060
41119
41213
41245
41690
41692
42099
42423
42427
42453
42474
42517
42717
42808
42909
42995
43183
43244
43245
43614
43702
43862
43866
108
112
113
379
458
520
521
528
583
609
681
741
789
809
826
878
952
1005
1140
1157
1158
1184
1259
1260
1405
1444
1607
1615
1700
1758
1844
2007
2055
2056
2071
2114
2115
2119
2120
2149
2161
2176
2184
2185
2186
2192
2198
2199
2364
2370
2392
2404
2522
2534
2544
2571
2640
2700
2708
2810
2909
2995
3044
3108
3111
3112
3147
3212
3265
3304
3468
3482
3546
3579
3612
3678
3692
3784
3832
4115
4204
4281
4283
4396
4397
4567
4583
4584
4710
4711
4720
4739
4760
4761
4811
5046
5054
5055
5073
5090
5210
5368
5405
5456
5458
5474
5517
5563
5634
5642
5670
5673
5675
5684
5822
5899
5903
5904
6015
6032
6073
6164
6173
6187
6194
6195
6219
6220
6237
6395
6457
6459
6463
6466
6467
6515
6544
6599
6616
6623
6681
6743
6759
6774
6777
6778
6779
6781
6939
7030
7183
7184
7187
7235
7237
7309
7356
7526
7638
7639
7642
7658
7714
7836
7848
7870
7872
7981
8102
8136
8222
8395
8441
8442
8543
8545
8609
8646
8652
8715
8720
8789
8791
9021
9022
9076
9198
9264
9343
9350
9380
9384
9544
9545
9546
9615
9616
9618
9622
9623
9637
9694
9699
9720
9728
9839
9992
10077
10088
10101
10127
10144
10147
10155
10235
10261
10499
10639
10702
10857
10914
10977
10998
11002
11003
11004
11044
11139
11314
11478
11500
11622
11761
11770
11776
11791
11839
11844
11886
11902
11986
11997
12001
12015
12033
12061
12192
12203
12225
12302
12322
12335
12417
12691
12692
12710
12765
12858
12859
12909
12979
13016
13067
13096
13267
13351
13523
13767
13789
13838
13839
13845
14087
14092
14093
14103
14164
14179
14180
14196
14222
14308
14433
14502
14536
14742
14861
14910
14917
14932
14965
15042
15087
15138
15139
15142
15210
15312
15560
15583
15609
15626
15661
15694
15695
15781
15850
15896
15950
16210
16316
16393
16530
16543
16549
16561
16747
16805
16843
16868
16965
16989
17034
17133
17207
17211
17214
17312
17470
17573
17580
17862
17880
18013
18037
18040
18041
18361
18370
18404
18409
18499
18520
18611
18747
18846
18857
18892
19036
19046
19107
19112
19221
19234
19379
19443
19444
19556
19671
19826
19841
19962
20047
20095
20201
20329
20520
20584
20603
20633
20665
20773
20800
20813
20880
20901
20902
20903
20978
21144
21153
21183
21309
21370
21443
21531
21545
21583
21645
21685
21706
21709
21714
21765
21782
21840
21947
22049
22088
22286
22340
22383
22742
22773
22898
22930
23038
23053
23075
23088
23204
23210
23266
23359
23687
23704
23734
23780
23803
23804
23831
23836
23971
24072
24089
24112
24188
24306
24359
24418
24435
24504
24522
24598
24600
24643
24691
24699
24715
24892
25123
25176
25412
25420
25465
25620
25633
25676
25817
25818
25825
25842
25849
25854
25904
26253
26259
26374
26378
26532
26555
26556
26557
26562
26669
26728
26767
26842
26846
26869
27036
27147
27174
27184
27197
27208
27336
27459
27486
27509
27549
27563
27745
27858
27875
28059
28072
28155
28190
28282
28822
28935
28949
28990
29039
29095
29186
29328
29330
29342
29444
29465
29802
29855
29861
29866
29954
29986
30035
30041
30060
30138
30176
30261
30305
30324
30373
30390
30445
30455
30495
30520
30592
30824
30921
30964
30981
31044
31152
31367
31388
31394
31494
31523
31552
31562
31622
31636
31739
31740
31904
31980
32158
32229
32230
32232
32266
32317
32342
32359
32414
32500
32514
32606
32613
32622
32639
32644
32652
32658
32946
33161
33240
33307
33405
33427
33441
33452
33468
33573
33607
33653
33656
33661
33725
33758
33836
33837
33838
33861
33915
34005
34078
34080
34121
34123
34184
34293
34380
34386
34389
34620
34765
34779
35067
35068
35081
35082
35098
35101
35167
35366
35471
35481
35504
35536
35667
35779
35824
35863
35873
35881
35891
35932
35972
36006
36156
36316
36369
36384
36422
36454
36460
36462
36624
36634
36669
37026
37030
37106
37221
37241
37318
37347
37348
37356
37532
37533
37535
37536
37544
37549
37561
37758
37787
37829
37946
37953
38035
38099
38139
38200
38207
38279
38378
38440
38457
38487
38589
38618
38619
38673
38688
38830
38971
38972
38974
38984
39020
39056
39121
39168
39196
39312
39414
39444
39501
39508
39586
39600
39640
39750
39829
39909
39955
40005
40125
40126
40217
40275
40387
40388
40392
40546
40566
40600
40746
40789
40800
40934
40953
41124
41304
41361
41493
41494
41555
41566
41911
41964
42051
42106
42181
42193
42204
42241
42500
42662
42668
42695
42718
43092
43102
43254
43255
43324
43556
43650
43678
43787
43825
43829
43832
43849
43864
109
110
346
503
506
537
549
610
611
728
745
787
961
1034
1063
1066
1071
1072
1175
1192
1193
1233
1279
1311
1318
1366
1388
1432
1445
1456
1460
1472
1485
1695
1737
1760
1822
1830
1864
1897
1935
1974
1976
1977
1978
1980
1981
2031
2034
2102
2148
2166
2167
2168
2170
2182
2189
2190
2195
2196
2201
2202
2376
2377
2417
2427
2428
2443
2490
2525
2622
2626
2627
2637
2638
2639
2641
2697
2710
2730
2736
2785
2786
2816
2854
2862
2868
2869
2872
2878
2904
2905
2908
2942
2981
2982
2983
2994
2997
3010
3055
3062
3151
3153
3182
3205
3207
3232
3266
3278
3288
3292
3300
3301
3303
3309
3311
3312
3326
3328
3331
3332
3342
3366
3372
3373
3374
3393
3401
3402
3416
3427
3428
3465
3466
3467
3474
3475
3476
3529
3571
3578
3610
3614
3670
3709
3719
3720
3762
3800
4035
4036
4063
4086
4087
4088
4091
4092
4125
4131
4231
4232
4233
4250
4264
4275
4280
4290
4392
4398
4417
4418
4450
4452
4456
4457
4461
4578
4588
4601
4603
4616
4617
4620
4621
4690
4691
4697
4731
4814
4957
4976
4981
5030
5069
5081
5099
5100
5122
5126
5157
5204
5211
5214
5215
5216
5242
5243
5271
5272
5273
5290
5291
5309
5337
5348
5354
5382
5406
5415
5438
5445
5460
5461
5471
5516
5536
5561
5590
5591
5593
5594
5604
5643
5717
5718
5768
5769
5773
5785
5810
5812
5820
5821
5832
5844
5860
5861
5862
5883
5891
5898
5900
5902
5905
5906
5907
5938
5981
6026
6031
6039
6065
6071
6083
6084
6088
6109
6150
6196
6197
6198
6278
6311
6334
6384
6398
6404
6405
6493
6511
6512
6520
6618
6619
6620
6648
6682
6732
6760
6764
6766
6787
6891
6892
6893
6894
6933
6988
6989
6990
6992
7009
7010
7026
7061
7075
7076
7094
7140
7171
7186
7202
7247
7307
7308
7310
7374
7400
7403
7545
7565
7571
7601
7602
7625
7633
7655
7656
7663
7673
7704
7705
7712
7780
7781
7816
7818
7819
7827
7837
7842
7913
7952
8060
8197
8206
8272
8440
8470
8487
8544
8560
8561
8630
8642
8693
8694
8700
8782
8790
8810
8811
8813
8814
8858
8871
8948
8953
8989
9020
9126
9130
9159
9207
9225
9234
9235
9236
9237
9238
9240
9263
9269
9270
9349
9397
9401
9408
9427
9442
9448
9456
9531
9533
9552
9601
9612
9620
9647
9657
9700
9701
9729
9742
9768
9772
9777
9850
9994
10128
10160
10205
10207
10269
10330
10370
10430
10440
10486
10493
10497
10498
10504
10573
10584
10585
10599
10646
10657
10661
10823
10888
10890
10893
10905
10931
10940
10943
11001
11135
11165
11198
11294
11302
11317
11333
11373
11378
11432
11437
11443
11463
11502
11657
11664
11670
11707
11708
11742
11817
11823
11834
11848
11870
11883
11884
11887
11888
11897
11916
11935
11949
11951
11952
11953
11964
11987
11992
11993
11999
12000
12018
12024
12028
12191
12207
12210
12263
12290
12291
12295
12307
12310
12413
12440
12441
12442
12450
12570
12573
12621
12644
12645
12648
12649
12652
12653
12654
12655
12656
12657
12695
12709
12711
12712
12716
12717
12743
12830
12848
12868
12910
12911
12922
12923
12932
13027
13108
13333
13380
13383
13450
13454
13489
13526
13539
13671
13692
13721
13768
13769
13770
13773
13801
13814
13826
13832
13846
13944
14047
14051
14052
14053
14088
14089
14094
14099
14132
14185
14215
14217
14218
14219
14256
14331
14378
14379
14386
14391
14494
14558
14718
14874
14891
14906
14911
14912
14913
14914
14923
14924
14928
14933
14934
14937
14938
14940
14941
14942
14943
14994
15037
15137
15161
15165
15211
15230
15260
15311
15341
15397
15406
15409
15457
15458
15460
15575
15590
15592
15603
15633
15635
15641
15658
15784
15789
15791
15814
15816
15847
15871
15902
15919
16114
16237
16238
16240
16241
16287
16325
16351
16352
16427
16441
16459
16460
16464
16551
16552
16556
16689
16779
16780
16847
16871
16874
16926
16931
16932
16933
16939
16945
16952
16991
17053
17105
17106
17107
17135
17138
17222
17228
17232
17281
17286
17388
17472
17501
17591
17663
17705
17707
17771
17808
17850
17851
17852
17866
17867
17895
17902
17922
18042
18120
18259
18331
18358
18376
18419
18426
18427
18467
18468
18498
18693
18725
18737
18773
18798
18838
18842
18848
18941
18957
18969
18994
19016
19042
19047
19048
19053
19054
19061
19077
19078
19082
19123
19132
19159
19170
19184
19233
19259
19294
19299
19345
19426
19433
19529
19537
19564
19566
19570
19573
19575
19576
19577
19631
19707
19768
19769
19770
19837
19838
19839
19840
19859
19872
19903
19930
19935
20013
20040
20104
20110
20114
20172
20245
20303
20342
20384
20489
20560
20568
20569
20570
20597
20638
20639
20651
20652
20679
20680
20718
20719
20720
20733
20884
20885
20886
20888
20889
20890
20898
20975
20996
21045
21046
21051
21081
21147
21150
21151
21152
21154
21155
21160
21161
21238
21291
21295
21299
21353
21422
21442
21461
21462
21463
21490
21543
21556
21557
21560
21590
21612
21679
21680
21681
21682
21697
21705
21715
21724
21760
21763
21774
21775
21776
21851
21896
21897
21898
21956
21987
21988
22055
22083
22116
22165
22209
22303
22311
22326
22368
22375
22416
22536
22627
22661
22689
22694
22711
22712
22719
22735
22737
22741
22755
22765
22778
22782
22876
22884
22887
22907
23061
23066
23142
23143
23147
23197
23198
23199
23203
23226
23227
23228
23236
23237
23340
23350
23387
23441
23445
23476
23477
23550
23579
23650
23652
23671
23693
23718
23726
23740
23758
23759
23793
23837
23839
23850
23906
24102
24255
24264
24289
24292
24293
24300
24307
24354
24355
24417
24434
24466
24467
24611
24612
24616
24620
24681
24714
24802
24803
24819
24957
24976
24977
24978
25030
25035
25074
25075
25076
25084
25085
25087
25124
25130
25133
25252
25336
25340
25341
25363
25458
25505
25549
25556
25634
25691
25708
25783
25816
25822
25829
25844
25850
25855
25856
25861
25879
25880
25974
25979
25985
26010
26063
26070
26083
26084
26085
26096
26151
26166
26171
26174
26228
26229
26230
26231
26232
26233
26234
26235
26346
26373
26379
26387
26424
26483
26492
26559
26565
26640
26802
26803
26841
26885
26921
26936
26945
26971
26972
26973
26974
26976
26979
26980
26982
27035
27123
27127
27129
27148
27149
27209
27214
27250
27273
27291
27335
27338
27374
27375
27443
27478
27481
27607
27664
27685
27731
27753
27839
27859
27860
27861
27865
27873
27937
27963
27976
27977
28007
28021
28152
28156
28191
28210
28455
28462
28470
28473
28541
28576
28747
28809
28823
28933
28991
29028
29034
29072
29093
29094
29102
29141
29143
29144
29150
29173
29182
29306
29331
29400
29405
29425
29466
29467
29470
29485
29535
29578
29681
29708
29711
29715
29724
29731
29739
29740
29753
29763
29790
29826
29842
29848
29849
29851
29852
29871
29898
29899
29902
29926
29935
29937
29963
29967
29972
29981
29996
30010
30012
30014
30018
30031
30040
30085
30134
30153
30184
30190
30191
30196
30214
30225
30276
30282
30311
30338
30377
30572
30586
30587
30599
30600
30601
30629
30641
30697
30710
30735
30759
30784
30785
30790
30801
30812
30813
30814
30815
30822
30823
30903
30917
30953
31029
31056
31082
31112
31162
31163
31182
31183
31184
31217
31233
31234
31236
31240
31241
31260
31275
31299
31355
31356
31365
31375
31425
31473
31474
31491
31504
31554
31555
31759
31801
31895
31983
32007
32008
32013
32040
32059
32135
32166
32193
32222
32231
32246
32278
32295
32335
32336
32337
32338
32344
32350
32411
32426
32455
32632
32649
32650
32662
32667
32689
32756
32767
32773
32801
32806
32815
32816
32909
32921
33014
33018
33099
33164
33193
33292
33339
33387
33526
33657
33658
33665
33674
33705
33723
33787
33788
33799
33890
34057
34110
34141
34142
34143
34153
34164
34166
34187
34196
34198
34241
34273
34283
34323
34370
34371
34379
34448
34454
34456
34457
34459
34460
34463
34495
34522
34523
34530
34588
34599
34702
34828
34838
34958
35043
35064
35065
35066
35156
35160
35243
35278
35311
35315
35355
35357
35381
35384
35390
35429
35483
35484
35485
35488
35518
35548
35669
35696
35697
35781
35848
35849
35850
35865
35877
35886
35951
35952
35953
35961
35967
35968
36025
36135
36184
36185
36244
36247
36249
36255
36256
36258
36260
36311
36315
36396
36397
36409
36416
36468
36502
36586
36600
36631
36639
36682
36683
36753
36785
36786
36850
36862
36863
36868
36869
36870
36871
36876
36877
36894
36908
36909
36967
37033
37034
37035
37036
37051
37088
37089
37095
37097
37098
37099
37105
37113
37114
37179
37183
37216
37220
37272
37388
37442
37571
37572
37603
37606
37608
37609
37610
37611
37614
37615
37680
37708
37711
37719
37723
37769
37781
37798
37813
37893
37933
37934
37965
37989
38061
38064
38065
38084
38085
38087
38106
38121
38161
38191
38211
38257
38260
38266
38267
38319
38495
38520
38584
38588
38659
38670
38716
38718
38733
38738
38838
38901
38948
38949
39043
39112
39141
39155
39218
39351
39352
39369
39451
39485
39563
39619
39665
39672
39681
39727
39773
39846
39848
39849
39850
39851
39884
39908
39922
39989
39991
39994
39996
40030
40066
40119
40120
40142
40143
40214
40215
40269
40270
40296
40310
40338
40340
40444
40450
40471
40554
40564
40565
40568
40613
40614
40615
40616
40619
40620
40632
40714
40715
40804
40805
40806
40816
40817
40818
40819
40821
40822
40826
40938
40939
40945
40962
40969
40989
40995
41098
41140
41172
41173
41174
41179
41202
41292
41313
41343
41347
41397
41408
41418
41427
41428
41429
41476
41477
41619
41644
41651
41668
41701
41745
41805
41806
41812
41813
41819
41820
41846
41869
41877
41878
41881
41891
41893
41894
41942
41944
41945
41951
41952
41973
41975
41976
42041
42042
42043
42044
42057
42058
42073
42079
42080
42118
42144
42145
42146
42147
42162
42163
42166
42167
42168
42169
42250
42270
42305
42324
42325
42330
42333
42334
42439
42464
42491
42501
42753
42913
42936
43133
43166
43210
43240
43253
43304
43439
43513
43553
43576
43659
43694
43705
43715
43804
43805
43897
43898
43899
386
502
507
508
539
540
541
542
569
570
587
696
697
727
729
730
731
735
748
749
750
766
825
868
904
956
957
958
959
960
963
970
971
975
976
1059
1060
1061
1062
1068
1069
1070
1075
1143
1189
1191
1283
1295
1303
1304
1305
1310
1319
1320
1321
1322
1323
1325
1343
1344
1345
1377
1389
1390
1391
1392
1393
1396
1404
1407
1408
1411
1412
1413
1414
1427
1428
1438
1439
1441
1449
1450
1452
1453
1461
1462
1465
1466
1467
1468
1616
1617
1672
1699
1774
1777
1778
1779
1793
1794
1814
1816
1831
1832
1836
1861
1862
1863
1907
1916
1986
1987
1988
1989
1990
2012
2013
2014
2019
2038
2039
2051
2053
2057
2063
2152
2153
2154
2155
2158
2159
2163
2164
2165
2169
2174
2175
2187
2188
2200
2291
2300
2301
2338
2350
2351
2368
2369
2402
2405
2406
2407
2409
2410
2411
2422
2423
2424
2425
2426
2430
2431
2432
2434
2436
2457
2461
2462
2463
2477
2480
2491
2530
2619
2620
2621
2623
2624
2635
2647
2648
2683
2709
2738
2739
2764
2765
2766
2771
2776
2782
2789
2790
2792
2806
2807
2808
2815
2837
2838
2839
2840
2841
2843
2844
2846
2847
2849
2850
2851
2853
2855
2856
2857
2858
2859
2860
2861
2865
2866
2873
2874
2875
2876
2877
2881
2882
2883
2884
2885
2888
2889
2890
2891
2892
2893
2894
2895
2896
2897
2900
2901
2902
2903
2906
2910
2911
2912
2913
2917
2918
2919
2920
2922
2923
2924
2925
2926
2928
2929
2930
2931
2989
2990
2991
2999
3000
3016
3017
3018
3019
3026
3027
3043
3058
3060
3075
3076
3077
3078
3079
3080
3084
3087
3088
3089
3098
3099
3100
3101
3104
3130
3134
3149
3211
3267
3281
3302
3325
3336
3337
3348
3349
3360
3361
3362
3363
3364
3365
3384
3385
3386
3429
3430
3431
3432
3436
3437
3439
3454
3491
3493
3497
3498
3499
3500
3509
3527
3528
3541
3544
3548
3553
3556
3557
3558
3560
3561
3562
3563
3567
3613
3669
3681
3682
3683
3686
3687
3688
3689
3690
3695
3698
3699
3700
3701
3702
3703
3704
3705
3706
3708
3710
3750
3781
3788
3789
3790
3791
3793
3797
3798
3799
3805
3811
3812
3978
4033
4051
4052
4054
4055
4061
4062
4064
4066
4067
4068
4071
4116
4117
4127
4139
4192
4193
4194
4195
4202
4220
4221
4225
4226
4230
4234
4237
4238
4252
4253
4265
4271
4272
4273
4274
4286
4288
4304
4305
4306
4307
4314
4315
4316
4317
4318
4331
4338
4356
4357
4367
4368
4369
4370
4376
4377
4404
4415
4416
4432
4435
4437
4446
4447
4448
4454
4459
4462
4464
4468
4481
4491
4492
4495
4526
4529
4530
4531
4532
4544
4566
4637
4638
4639
4644
4645
4646
4647
4648
4649
4650
4651
4668
4669
4670
4671
4676
4677
4678
4679
4685
4698
4699
4702
4703
4704
4730
4740
4741
4742
4757
4800
4801
4802
4864
4912
4923
4930
4931
4932
4933
4934
4935
4936
4937
4956
4968
4969
4970
4971
4972
5031
5032
5033
5034
5035
5036
5037
5038
5039
5040
5042
5044
5063
5070
5071
5072
5079
5080
5102
5103
5106
5107
5153
5155
5156
5158
5159
5165
5166
5167
5168
5169
5170
5171
5172
5173
5174
5175
5176
5187
5188
5212
5213
5217
5218
5219
5230
5236
5246
5247
5288
5295
5317
5318
5331
5332
5345
5346
5347
5352
5353
5361
5386
5387
5441
5442
5443
5444
5455
5459
5469
5470
5476
5477
5479
5480
5484
5495
5526
5532
5533
5534
5535
5545
5546
5547
5548
5549
5550
5557
5558
5559
5562
5606
5639
5640
5641
5659
5680
5700
5797
5807
5808
5809
5818
5834
5849
5853
5854
5855
5856
5857
5858
5875
5876
5877
5886
5887
5888
5889
5890
5901
5909
5924
5932
5944
5945
5946
5956
5957
5958
5977
5984
5985
5986
5993
5994
6002
6017
6030
6038
6042
6043
6054
6061
6074
6075
6078
6079
6086
6087
6089
6092
6097
6099
6146
6147
6148
6149
6151
6152
6153
6158
6159
6184
6189
6190
6191
6192
6193
6199
6205
6224
6225
6226
6227
6228
6239
6240
6241
6242
6243
6244
6252
6255
6256
6261
6262
6263
6264
6267
6272
6280
6281
6287
6292
6293
6297
6298
6299
6300
6301
6306
6307
6308
6309
6317
6318
6322
6326
6327
6328
6329
6330
6331
6332
6333
6344
6345
6351
6355
6357
6360
6372
6373
6374
6380
6385
6415
6416
6417
6427
6429
6436
6461
6462
6473
6475
6476
6477
6478
6479
6480
6487
6488
6489
6490
6491
6492
6503
6521
6524
6531
6535
6536
6537
6556
6557
6558
6559
6561
6562
6563
6564
6565
6570
6571
6572
6575
6600
6628
6639
6640
6641
6642
6643
6647
6672
6683
6688
6689
6690
6693
6694
6695
6696
6697
6699
6702
6705
6706
6707
6708
6710
6719
6726
6727
6728
6737
6741
6742
6772
6798
6799
6800
6802
6807
