1
3
23692
26793
26255
19599
25799
25485
23102
26185
6489
25500
26613
23579
26558
26476
21189
12111
7836
16700
21654
26667
15612
13405
2865
26492
17277
5771
23086
8111
26241
6536
26268
19509
7158
12835
26034
3748
26318
3735
8210
4106
19132
24454
24552
20870
23073
4778
11625
12710
26841
4801
4
10221
13364
25905
17307
26657
2683
17682
21533
3849
598
26535
21261
1336
1659
5303
14415
4937
12080
7752
20754
26800
16427
26658
27
7604
12307
547
5067
5917
13930
13410
13552
1778
24856
8061
10914
21790
7603
4896
26583
3942
25838
3648
26725
3828
25
17993
20954
14558
17441
18832
9802
11140
17535
1421
9449
10330
13665
25831
25842
9808
26832
15617
25536
648
23846
5070
15851
25709
16653
21093
26723
22880
26416
7262
14269
15176
7041
23191
21896
3695
16539
4698
26
8473
494
1558
26833
19568
20524
4151
19778
3534
26206
1027
5882
16498
9253
12569
11763
26166
8418
11455
8183
10877
26577
4413
14943
16170
5227
7543
1814
3008
9112
7184
8726
18721
4679
5061
7814
544
4387
8628
13578
23199
21419
7579
8934
11433
24035
3322
21408
10638
21659
14958
22930
26542
4253
20684
25911
8772
10257
20348
26581
26724
7259
7391
20787
26835
9094
5005
11666
14399
26281
26764
7765
7816
8604
18043
1268
1316
6179
14467
23850
24364
84
7016
14411
15203
8592
17386
26831
778
14949
1348
20188
23899
2891
23937
24666
1667
23029
26092
7176
24787
4048
9162
15311
1228
3023
10605
16153
8952
14131
15522
1556
5045
14575
20725
21936
3351
8417
9895
14625
16671
26744
8356
17398
26818
12967
26847
1220
5183
6002
16390
17958
18794
20528
22866
7880
8291
23765
4594
4612
5461
5740
6047
11708
17746
6165
14470
17825
3591
6949
8646
11060
11576
12222
14533
5505
7586
10336
10546
15089
17721
25230
26582
2409
3513
6401
10865
23802
3179
4467
18952
22040
24559
7979
9631
10530
11542
18234
26126
3556
8461
16839
21290
21661
23990
4972
9083
12329
16152
22440
25763
2427
2808
15820
17589
21185
21981
26174
6556
8918
12493
14359
24220
990
2123
2748
4076
12407
13493
20607
21583
24877
417
4924
8637
20208
2594
4592
5089
6799
7013
20575
4883
5742
5811
10770
14866
18190
18210
22387
930
6134
6757
8995
10003
11241
12594
18297
18618
26789
2404
10511
11436
12963
17748
24041
26430
7284
13176
13749
14192
14834
18594
19671
25097
257
9597
11655
12446
12464
17237
18655
23774
5496
8205
8677
9005
11110
11275
25679
2435
3312
4110
5964
8241
13404
14684
18156
26382
4513
5363
8802
8870
10737
11530
16828
25713
521
1160
3184
3186
3201
3839
6505
7146
7717
9919
10083
10477
13108
17655
19047
22037
22820
25737
26728
26826
3674
6021
8296
8737
9279
10717
10927
12318
12356
18642
19978
22294
23419
25255
25345
3444
5266
5779
8263
10262
12848
14555
15327
17979
18008
18943
21117
21459
23218
26695
1652
1972
3464
4751
5801
7545
10466
13746
18419
19161
23337
2931
5249
5699
6756
7755
10723
11570
16435
18035
18427
18605
18828
19605
24873
26771
877
976
1922
2243
4613
5835
6186
8121
9645
10150
11212
12689
13397
14408
16230
17956
18677
20105
20740
20769
3449
4232
6244
7309
8936
11150
11396
11881
13006
13792
14736
17280
18569
19929
23013
23789
23812
24699
24950
700
1302
2087
4479
5002
5339
10678
10876
11847
12110
12312
16228
19303
19819
21415
21510
22271
22746
1441
1770
1877
3223
5506
5541
7754
8511
8973
9405
9967
10192
10451
10564
11517
12891
13879
15903
16442
17087
17831
19406
20813
21110
21648
24952
26742
5109
5987
7583
7887
9379
10285
12046
13977
16361
17758
18989
20210
21292
22772
22944
24070
24881
25712
2722
4321
4729
5376
5684
6122
6164
6621
7137
8899
9745
11326
13114
14014
15059
15519
15825
16198
17415
18682
18887
18992
20562
21665
23252
24159
24258
25772
26149
1242
1351
1414
1435
1899
3187
4115
6182
7125
8798
9107
9109
11813
12282
14246
14556
15511
20782
21507
21522
21705
21760
23578
24831
24839
25670
527
1577
3700
4542
4604
4639
6370
7084
7317
7806
8138
8426
8965
9075
9708
10334
10756
11743
11880
13034
14477
14480
14891
15100
15177
15773
16561
17371
19440
19625
21465
22644
24636
65
496
632
1368
1542
2873
3153
4032
5297
5555
5597
6598
7574
9077
10197
12873
12962
13089
13198
13481
13530
14257
14468
15339
18217
18990
20229
22151
23078
24876
24970
26023
546
690
720
1601
5535
8204
8240
11126
11397
13144
13151
14428
15102
15414
15437
15742
16702
17361
18464
20046
20292
20918
22344
22366
22374
22637
22801
23193
23351
23476
24621
25242
487
665
1236
1799
2643
2862
3816
3932
3954
4598
4630
5200
5483
5763
5819
5933
6285
6550
6715
7069
7881
8533
8741
8750
10524
10883
12882
13136
13191
13504
13669
13912
14303
14494
14572
15067
15480
15571
15936
16293
16473
16578
17205
17755
18495
19391
19640
20349
20695
21141
21831
22805
23461
24374
26557
505
542
1355
2037
2085
2376
3054
3076
3411
3499
4138
5775
6314
7068
7477
7937
8051
8220
8223
8430
9715
10335
10469
10735
10966
11421
11619
11641
12073
12319
12602
12613
12745
12814
12816
12929
12956
13217
14330
14340
15566
16566
16585
16757
18096
18127
18159
19116
19268
19790
20263
20351
21681
21958
22269
22995
23204
23957
24008
24091
26633
970
1053
1685
2284
2809
2902
3716
4067
4721
5601
5825
5845
7138
7370
7456
8231
8484
10199
10442
10479
10696
12215
12281
12531
13271
13549
13644
13726
13778
14268
14356
14481
15122
15138
15183
15408
15597
17106
17537
18220
18471
18798
18971
19113
19140
19500
19773
20194
20527
20608
21359
21463
21956
23445
25331
25349
641
799
963
1100
1578
1635
1912
1961
2142
2163
2248
2723
2903
2995
3493
3630
3662
3774
4330
4881
5073
5617
5874
5879
6167
7567
7790
7817
7818
8732
9064
9429
10443
10487
10765
11177
11456
12018
12287
12413
13047
13325
13427
13646
14175
14412
15647
16602
16824
17583
17910
18345
18711
19400
20178
20201
20823
21270
21663
22016
22189
22966
23027
23490
23854
23961
24693
25013
25046
25987
26617
259
873
943
946
964
978
980
1092
1293
1645
1795
2055
2757
2957
3123
3235
3597
3739
3913
4200
4214
4256
4486
4746
4833
6266
6289
6512
6750
6760
7751
7815
7924
8122
8579
8612
8797
8801
9267
9268
9749
10125
10493
10548
11540
11574
11578
12672
12715
12853
12879
13068
13092
13495
14126
14225
14401
15110
15479
15842
15954
16118
16206
16807
16827
17306
18115
18131
18161
18232
18961
19148
19847
20003
21751
21828
22024
22430
22432
22968
23031
23300
23395
23568
24350
24416
24764
24985
25316
25550
26217
54
294
302
415
491
1164
1376
1669
1879
1988
2086
2088
2414
2459
2506
2592
2825
3347
4054
4078
4082
4143
4196
4219
4233
4547
4619
4725
5615
6012
6127
6658
7083
7096
7319
7342
7359
7621
7934
8203
8444
8725
8832
9086
10021
10264
10297
10505
11239
11357
11430
11474
11568
11693
11948
12247
12283
12314
12484
12865
12975
13030
13039
13048
13118
13207
14118
14392
14438
14451
14457
14590
14802
15461
15561
16238
16443
16594
16600
16642
16849
17274
17292
17396
17569
17656
17808
18405
18586
18911
19154
19266
19930
20450
20503
20720
20751
21614
21740
22239
22501
22757
23097
23313
23316
24429
24477
25133
25320
26060
26359
26491
357
482
630
850
929
1161
1206
1247
1347
1500
1626
1864
1887
2018
2272
2573
2589
3016
3173
3182
3572
3594
3596
3755
3949
4051
4114
4117
4162
4277
4340
4485
4580
4631
4638
4740
4743
4835
5011
5272
5931
6220
6260
6373
6391
6582
6657
6975
7077
7087
7120
7135
7188
7358
7392
7411
7727
7741
8075
8376
8460
8886
9084
9373
9464
9504
9752
9961
10105
10458
10690
11142
11611
11781
11984
12005
12092
12130
12217
12317
12374
12465
12527
12648
12769
12902
12964
13920
14045
14234
14337
14429
14442
14456
14532
14609
14746
14938
14973
15033
15125
15163
15246
15319
15361
15424
15470
15950
15985
16373
16720
16791
16815
17071
17215
17232
17568
18316
18425
18686
18692
19037
19092
19290
19415
19480
19539
19748
19784
19824
20212
20423
20459
20635
20663
20731
20809
20917
20971
21041
21340
21446
21506
21558
21918
22173
22557
22865
22893
23381
23557
23743
23817
24126
24217
24335
24439
24464
24469
25304
25379
25593
25727
25755
25865
26175
26224
26243
26245
26267
26412
26607
26623
26649
26838
211
462
548
654
785
792
897
1073
1084
1257
1440
1570
1574
1757
1769
1905
2208
2298
2575
2579
2606
2777
2943
3111
3148
3180
3326
3390
3443
3486
3505
3524
3536
3540
3554
3568
3588
3673
3696
3715
3756
3773
3840
3856
3904
3908
3910
3927
4033
4069
4165
4180
4334
4365
4459
4500
4548
4754
4856
5084
5116
5122
5270
5280
5390
5446
5455
5517
5604
5606
5812
5836
5837
5992
6032
6093
6372
6374
6382
6387
6409
6442
6696
6712
6716
6722
6736
6847
6848
6920
7127
7271
7303
7410
7502
7520
7812
8793
8834
9067
9069
9126
9381
9634
9730
9934
10084
10101
10171
10230
10441
10478
10490
10750
10786
10858
11127
11180
11185
11298
11302
11333
11385
11571
11865
11904
12330
12332
12450
12451
12477
12518
12576
12582
12610
12614
12717
12805
13007
13041
13063
13113
13324
13505
13611
13661
13748
13775
13815
13911
13944
13951
14233
14298
14317
14452
14464
14486
14513
14767
14977
15003
15466
15510
15642
15704
15778
16027
16159
16332
16654
16659
17395
17407
17541
17603
17743
17752
17830
17887
17901
18287
18453
18494
18632
18651
18684
18953
18968
18997
19176
19344
19611
19821
20138
20228
20245
20418
20599
20617
20963
21056
21132
21244
21498
21542
21719
21761
21788
22017
22030
22364
22383
22400
22491
22492
22631
22650
22733
22877
23002
23050
23287
23315
23367
23464
23469
23534
23555
23566
23567
23655
23668
23917
23956
24269
24276
24361
24452
24568
24596
24620
24753
24794
24967
25035
25120
25132
25167
25187
25197
25258
25284
25729
25742
25786
25870
26009
26252
26342
26404
26509
26602
26609
81
115
116
162
227
321
497
526
649
657
682
767
875
903
905
979
986
987
1082
1083
1096
1142
1237
1361
1383
1416
1433
1436
1445
1485
1536
1537
1539
1554
1581
1683
1709
1729
1826
1828
1936
1942
1943
1990
2021
2025
2070
2091
2096
2126
2159
2299
2327
2384
2407
2532
2595
2652
2720
2780
2868
2869
2898
2912
2954
3059
3106
3135
3136
3139
3194
3195
3196
3212
3325
3424
3432
3463
3515
3517
3518
3661
3666
3688
3736
3796
3822
3959
3961
3983
4008
4015
4055
4083
4112
4116
4133
4306
4370
4452
4458
4609
4714
4737
4832
4942
4965
4983
5009
5156
5204
5205
5206
5207
5327
5333
5466
5498
5499
5507
5576
5778
5788
5792
5794
5985
5996
5999
6053
6097
6117
6218
6269
6278
6283
6292
6295
6311
6350
6431
6467
6468
6476
6539
6646
7104
7107
7240
7261
7269
7274
7294
7316
7488
7507
7590
7660
7686
7742
7764
7802
7896
7974
8105
8345
8599
8603
8609
8614
8641
8647
8751
8951
9015
9041
9111
9128
9237
9281
9301
9450
9506
9521
9721
9789
9791
9803
9849
9884
9901
9951
9980
9981
10014
10179
10194
10275
10337
10357
10439
10535
10599
10679
10742
10753
10862
10896
10916
11004
11010
11018
11038
11070
11200
11217
11443
11475
11532
11546
11564
11565
11683
11814
11836
11901
11905
11916
11995
12010
12036
12177
12198
12320
12334
12397
12497
12700
12714
12724
12875
12911
13032
13035
13119
13173
13196
13378
13455
13457
13466
13619
13671
13673
13676
13688
13735
13745
13757
13758
13873
13945
13946
13959
13996
14130
14140
14157
14170
14251
14339
14489
14550
14679
14728
14782
14787
14982
15144
15145
15230
15236
15308
15316
15592
15641
15706
15741
15934
15975
15976
16024
16043
16233
16246
16274
16287
16297
16304
16306
16309
16376
16516
16580
16584
16640
16660
16661
16725
16771
16803
16825
16847
16875
16906
16971
17000
17014
17033
17177
17181
17258
17263
17547
17596
17631
17753
17954
18103
18141
18170
18209
18226
18397
18409
18508
18538
18543
18568
18610
18733
18998
19007
19080
19202
19223
19265
19267
19462
19534
19536
19598
19669
19679
19698
19704
19706
19745
19769
19809
19837
19869
19876
19905
20144
20148
20299
20396
20490
20552
20666
20950
20975
21254
21314
21390
21441
21500
21601
21717
21718
21919
22012
22062
22080
22260
22266
22274
22475
22561
22573
22702
22766
22775
22926
22937
22938
22977
23075
23098
23123
23210
23226
23317
23322
23545
23756
23916
23942
24072
24113
24381
24421
24483
24571
24572
24573
24711
24869
25103
25131
25150
25252
25468
25481
25530
25688
25714
25823
25824
25858
25888
25938
25960
25966
26181
26233
26424
26446
26493
26653
26672
26734
26737
26770
26790
78
324
343
395
425
426
492
552
695
727
728
780
824
881
1011
1062
1087
1103
1193
1240
1265
1280
1303
1327
1329
1342
1394
1407
1417
1423
1426
1438
1443
1469
1486
1490
1525
1529
1550
1573
1596
1597
1656
1677
1731
1780
1785
1786
1789
1845
1846
1850
1897
1904
1924
1947
1979
2054
2074
2098
2135
2153
2157
2158
2168
2195
2196
2197
2227
2228
2242
2259
2260
2279
2291
2314
2357
2471
2534
2546
2574
2582
2627
2688
2744
2745
2791
2797
2799
2837
2852
2858
2859
2860
2908
2909
2937
2952
3019
3062
3071
3073
3077
3113
3205
3209
3210
3211
3219
3228
3231
3249
3269
3273
3277
3278
3279
3283
3314
3323
3361
3369
3387
3388
3389
3393
3394
3418
3459
3468
3481
3495
3531
3539
3543
3571
3616
3620
3632
3633
3634
3694
3701
3767
3832
3842
3847
3852
3857
3869
3887
3903
3911
3930
3934
3943
3980
3985
4007
4019
4111
4113
4149
4157
4187
4201
4226
4242
4250
4252
4255
4263
4288
4326
4337
4372
4373
4374
4388
4453
4457
4478
4517
4541
4582
4601
4624
4645
4705
4711
4741
4755
4787
4791
4853
4854
4888
4889
4891
5120
5195
5231
5241
5299
5300
5311
5330
5367
5384
5393
5439
5447
5480
5503
5587
5598
5616
5620
5662
5746
5752
5785
5814
5847
5854
5857
5869
5873
5968
5997
6052
6058
6059
6139
6204
6217
6277
6346
6348
6386
6474
6520
6534
6553
6560
6633
6653
6702
6706
6723
6731
6742
6747
6806
6808
6809
6810
6815
6828
6829
6907
6959
7061
7067
7106
7109
7197
7199
7200
7201
7206
7246
7256
7258
7260
7263
7345
7369
7403
7413
7468
7489
7490
7491
7496
7523
7591
7595
7596
7597
7598
7599
7600
7635
7636
7708
7767
7768
7772
7785
7858
8064
8129
8219
8225
8233
8258
8365
8424
8457
8507
8518
8605
8607
8608
8615
8645
8672
8682
8684
8744
8745
8855
8882
8893
8908
9073
9076
9096
9099
9108
9110
9114
9179
9240
9246
9282
9345
9353
9370
9377
9475
9480
9495
9549
9623
9696
9699
9707
9712
9728
9744
9775
9797
9798
9839
9852
9886
9960
10102
10111
10114
10116
10127
10138
10166
10190
10212
10223
10253
10266
10267
10268
10269
10291
10316
10331
10398
10455
10456
10483
10486
10666
10702
10710
10727
10747
10748
10827
10871
10872
10901
10902
10930
11015
11025
11062
11075
11092
11096
11097
11137
11171
11191
11235
11238
11386
11410
11413
11414
11460
11462
11488
11491
11527
11645
11705
11714
11740
11758
11761
11783
11799
11837
11864
11896
11902
11919
11920
11989
12009
12031
12063
12083
12086
12115
12116
12142
12149
12272
12308
12315
12346
12372
12412
12414
12443
12453
12456
12510
12511
12533
12538
12540
12541
12542
12547
12548
12609
12691
12721
12727
12729
12733
12744
12792
12802
12886
12895
12900
12913
12917
12918
12948
13003
13040
13045
13060
13064
13073
13122
13171
13186
13216
13274
13275
13280
13281
13282
13284
13322
13413
13414
13428
13456
13458
13598
13610
13645
13734
13742
13788
13800
13836
13838
13859
13896
13916
13947
13948
14028
14043
14120
14163
14206
14207
14240
14283
14285
14289
14290
14302
14308
14334
14342
14346
14496
14534
14542
14582
14591
14616
14670
14680
14700
14705
14852
14854
14856
14860
14870
14888
14937
15038
15048
15049
15072
15174
15227
15279
15295
15377
15452
15453
15478
15509
15513
15526
15569
15681
15719
15771
15772
15843
15847
15876
15877
15880
15945
16008
16104
16173
16180
16182
16204
16205
16209
16214
16221
16267
16271
16282
16301
16302
16303
16310
16311
16312
16313
16352
16365
16409
16472
16495
16514
16526
16579
16595
16604
16666
16669
16722
16729
16744
16812
16848
16871
16934
16958
16984
17001
17034
17036
17079
17127
17175
17270
17354
17401
17412
17448
17450
17451
17487
17507
17566
17581
17582
17634
17659
17688
17722
17729
17774
17790
17864
17875
17879
17904
17946
17948
18117
18228
18260
18274
18330
18336
18354
18379
18459
18533
18544
18631
18670
18696
18740
18865
18888
18954
19019
19066
19093
19095
19104
19108
19144
19197
19216
19285
19453
19484
19517
19518
19547
19557
19569
19596
19613
19616
19651
19708
19712
19721
19732
19766
19770
19799
19804
19811
19843
19864
19887
19900
19955
19957
19975
19989
20001
20017
20023
20160
20251
20313
20341
20354
20370
20420
20510
20526
20538
20560
20563
20665
20670
20673
20703
20742
20876
20900
20922
20929
20934
20935
20939
20990
21109
21120
21138
21139
21142
21235
21236
21298
21310
21360
21361
21362
21381
21405
21475
21484
21488
21546
21551
21586
21638
21664
21695
21696
21727
21797
21801
21912
21920
21921
21924
21925
21977
21984
21989
22029
22035
22104
22116
22227
22230
22291
22296
22392
22398
22413
22415
22447
22473
22479
22494
22553
22554
22570
22620
22651
22665
22666
22675
22678
22696
22719
22720
22726
22727
22734
22736
22787
22800
22807
22808
22906
22925
22935
22939
22984
22992
23071
23072
23141
23145
23149
23154
23305
23369
23393
23402
23446
23504
23522
23546
23561
23562
23564
23597
23618
23628
23685
23748
23768
23831
23832
23834
23835
23862
23864
23873
23933
23954
23967
24036
24038
24086
24094
24155
24184
24222
24273
24284
24288
24299
24301
24303
24366
24430
24440
24459
24460
24569
24577
24598
24600
24614
24656
24660
24668
24675
24683
24735
24736
24737
24739
24740
24748
24749
24795
24800
24838
24847
24855
24892
24893
24982
25001
25002
25003
25004
25006
25007
25008
25009
25010
25016
25068
25069
25082
25086
25087
25121
25122
25198
25201
25225
25238
25239
25270
25279
25319
25350
25360
25361
25362
25413
25435
25474
25507
25566
25567
25599
25602
25610
25623
25630
25639
25649
25652
25672
25684
25691
25700
25741
25747
25761
25762
25764
25768
25770
25776
25777
25779
25780
25781
25878
25951
26124
26184
26249
26277
26362
26385
26386
26390
26444
26457
26458
26486
26529
26587
26594
26634
26652
26668
26711
26748
26753
26804
26808
100
202
266
349
350
351
369
493
503
504
631
637
646
650
667
684
688
694
722
723
724
726
729
731
732
775
776
777
845
846
847
853
874
880
891
892
906
911
921
926
932
935
936
937
940
941
942
956
957
958
961
962
965
967
968
991
1125
1126
1138
1139
1141
1165
1208
1209
1210
1221
1223
1231
1234
1253
1277
1300
1315
1318
1330
1331
1332
1333
1334
1343
1350
1393
1408
1418
1422
1429
1430
1434
1491
1503
1520
1521
1531
1547
1549
1551
1569
1572
1586
1589
1621
1664
1674
1675
1678
1679
1680
1684
1696
1714
1756
1767
1768
1788
1793
1800
1812
1813
1815
1818
1820
1822
1824
1825
1829
1832
1833
1834
1835
1836
1838
1839
1841
1842
1844
1849
1852
1854
1855
1857
1859
1862
1869
1870
1892
1895
1902
1903
1906
1907
1908
1917
1918
1919
1937
1938
1939
1940
1941
1945
1946
1952
1963
1965
1967
1968
1978
1983
1991
2000
2026
2035
2038
2052
2053
2077
2092
2099
2100
2106
2110
2132
2133
2164
2165
2169
2170
2176
2178
2179
2180
2182
2235
2237
2241
2257
2258
2285
2289
2306
2323
2324
2325
2329
2330
2332
2333
2335
2336
2337
2358
2385
2389
2391
2392
2393
2394
2403
2405
2422
2423
2433
2496
2497
2498
2500
2544
2580
2583
2586
2590
2596
2598
2599
2605
2608
2634
2636
2637
2638
2641
2644
2664
2666
2673
2674
2675
2678
2680
2681
2686
2692
2694
2699
2703
2704
2711
2712
2714
2718
2728
2730
2740
2741
2742
2743
2746
2747
2759
2773
2784
2785
2788
2792
2793
2794
2798
2803
2805
2811
2820
2821
2822
2829
2830
2834
2839
2846
2849
2850
2855
2877
2884
2886
2889
2892
2893
2905
2906
2907
2914
2918
2919
2922
2951
2958
2959
2994
3018
3028
3038
3047
3048
3049
3050
3052
3053
3055
3056
3057
3058
3063
3068
3114
3132
3134
3138
3147
3154
3156
3165
3199
3202
3204
3206
3207
3218
3221
3229
3262
3263
3270
3281
3282
3304
3305
3308
3317
3324
3353
3359
3362
3395
3419
3420
3427
3428
3435
3436
3445
3446
3447
3452
3453
3456
3457
3460
3491
3569
3603
3618
3619
3636
3643
3653
3654
3659
3671
3682
3684
3685
3687
3702
3703
3718
3719
3752
3753
3760
3762
3763
3764
3781
3782
3783
3784
3787
3788
3795
3800
3810
3815
3827
3844
3846
3848
3851
3878
3880
3896
3898
3900
3902
3928
3935
3937
3938
3939
3941
3945
3950
3962
3963
3964
3967
3968
3971
3982
3984
3988
4003
4012
4014
4029
4030
4034
4035
4036
4037
4038
4039
4040
4041
4059
4060
4063
4064
4071
4084
4085
4086
4090
4091
4097
4119
4135
4137
4139
4144
4156
4158
4159
4166
4170
4177
4178
4181
4188
4189
4194
4195
4217
4218
4220
4223
4236
4243
4261
4262
4264
4265
4266
