1
3
26445
47106
27078
46910
48292
47233
46134
48277
45494
8041
49019
26017
47695
46828
33716
49025
28245
49002
49189
48269
48812
761
46939
48889
44709
47193
23687
26671
2269
34
20644
18915
46851
40825
13367
31314
7545
15650
13
48790
12737
23586
11917
14803
24347
48619
22357
43822
30720
5680
42224
19872
1349
38823
48872
16615
3094
40205
35928
39083
25333
34496
28777
48146
21136
40623
48417
23178
18715
48121
13429
44863
4400
10917
17421
33134
2151
14927
47027
16694
39213
4714
5012
34714
42505
26946
44999
25525
22240
19787
3597
15396
22530
6791
24253
4525
37579
46884
19867
47090
1269
49052
34323
10141
44116
25580
12320
24275
2243
35677
964
20013
11764
49183
9344
48086
17411
17929
25366
21019
22210
24483
45954
21974
25
12039
23594
41391
8121
7829
6738
36690
21046
48970
20544
48955
15214
9451
16448
31411
18355
16398
12165
22418
25677
15679
21593
48160
13181
40254
48463
2626
29684
31207
9930
40213
9743
7279
16023
40276
11236
11736
7346
30455
42669
9241
21067
39546
673
28592
2725
9509
10781
1564
39705
48865
12476
41
7915
31469
7630
16370
27013
46979
4982
22575
49177
28298
25493
30955
16340
19830
25351
45436
17414
33365
2276
28957
28103
16489
13232
3753
40083
1758
2981
21682
7671
10158
45924
28596
38929
15306
40543
2027
522
48069
32931
13941
20748
29912
35953
5771
9648
21679
23205
23980
24143
1235
8036
14470
40527
22592
27404
44051
43
38473
44973
8319
40481
47943
36346
43813
7687
15174
39833
12150
16380
20757
38813
20794
38771
45486
47769
37968
6163
16880
21012
33691
45521
45
3420
27115
41640
48517
101
19798
22166
44436
13269
32375
4261
21103
41224
5931
20380
38990
2026
6902
2980
14506
45009
47956
6447
48227
33893
36823
39643
2244
4179
18344
22377
29064
44053
5922
32998
37791
43701
12445
20842
24414
30921
7835
26830
43887
44458
22327
25451
25904
20255
32975
42985
5362
17218
24420
31981
3889
6473
12541
16471
23935
46672
13927
14462
33057
40005
84
27512
29713
24546
29115
30572
2820
16579
16800
20859
25190
26258
25248
45042
1686
14644
18378
18956
1219
15813
19829
21870
22624
31522
38039
14071
16291
35652
1798
20760
48045
48489
48677
73
11587
19138
32460
42555
6171
13793
21462
22125
45338
16320
17716
20766
22932
26247
29564
39488
47197
35657
42734
2713
38355
41132
20119
39942
10128
16578
19355
20569
21339
24847
48838
9435
9597
12714
12745
19550
3805
16490
8761
11200
27853
46777
5566
11507
20501
20709
20733
24204
24213
27633
34312
44475
7001
7561
7631
28502
34683
37031
39775
40218
44397
46434
31660
31826
33678
47120
484
3695
19164
40660
49240
7438
14607
20176
20767
26928
30424
30573
36588
38890
1797
10878
16822
18559
26612
28051
37897
41475
46466
8832
11732
13374
18189
20942
25823
39813
45999
1684
5906
18404
23073
23202
41921
44354
46141
48718
9645
16187
16572
17736
27082
27612
30932
41329
41594
44953
48689
193
2093
2629
2819
5230
15291
18672
19950
31841
39595
197
9259
10251
10567
12492
26603
31076
32130
33047
33917
39247
39636
46647
355
3275
6477
7415
10425
11767
13999
44145
2710
7997
11224
17404
19336
23125
26655
28620
41427
41570
43555
177
7053
16801
20624
27027
30033
32257
40291
43749
13651
14258
16825
20197
24674
31850
40757
41288
46843
47940
3526
5364
8620
10156
13851
24376
29852
32545
36382
42237
45484
2655
3820
9954
10307
13383
31274
35359
38776
4486
7804
33918
34878
37792
44703
5669
7643
16294
16766
18884
20663
27002
33449
33855
40588
41608
43327
3075
5747
6221
20872
22352
25120
31795
40130
42556
5123
12542
12756
17089
23079
32773
34955
36510
38801
38984
39361
4265
13155
27349
30172
33556
40747
42321
43212
3544
10427
16644
20539
20657
32767
48960
6703
9119
14010
15750
27517
37547
38322
11791
16594
18601
20347
22877
23932
24800
34369
37992
340
2383
6659
24427
28744
38766
40067
42146
42668
46192
48524
3517
10812
11145
17642
20407
21050
32595
32817
39501
48662
2044
3521
4192
6012
15110
16830
19906
20450
26972
28154
38514
40194
44414
429
2240
2763
4823
6532
8206
11590
17508
17617
18201
20143
21539
31154
32932
34133
40524
44552
48815
4260
9011
9351
11056
13247
18370
22108
34053
36827
38573
11874
13771
15759
16311
20697
21913
22311
22842
23179
23598
32009
34059
36694
37427
37633
38338
41990
46491
4075
7477
9773
10551
14632
20156
23898
25181
28019
29205
31440
44077
44143
44928
46323
699
1611
2419
3723
6713
8989
15078
16209
16240
16979
18887
21833
23540
24201
27331
31345
32843
36358
42894
45274
2145
2306
2541
5137
12875
18251
19424
20184
22694
24154
25438
26662
27062
28629
29738
33682
35892
37171
39878
39895
48536
48878
1557
2719
2821
3744
6116
7439
8325
10293
11042
11292
11815
16554
16638
19362
20776
20998
21387
24476
24658
25216
28576
31188
37712
45002
47137
48493
2156
3090
3168
7766
7814
8326
8466
9938
10134
12372
12466
12686
12820
33096
33316
34028
34067
38757
39166
41736
44431
292
2354
2859
9736
11907
12568
14152
26955
28520
32526
36757
37514
42244
43220
45588
46457
47613
8719
10595
10713
10759
14773
14967
16184
17297
22124
22734
23238
23742
26367
28159
31005
40846
45402
45634
45917
4297
5290
6811
8552
10191
13133
16217
16516
16782
19235
20099
20183
20408
20784
21088
24738
26586
31925
32220
33020
33727
35690
42468
42548
43349
43418
1662
7559
8336
9521
13191
13788
14849
16353
16614
19918
22889
24166
24423
29682
30319
31379
31523
37930
39728
44115
44253
44696
45673
45953
48539
48998
4015
4065
7575
8388
10485
12253
13669
14590
16386
18419
21956
22223
22305
22643
25246
26735
29867
31101
34012
35208
36810
37896
38786
41123
44403
46116
48042
1116
2768
4757
7482
8249
8988
9533
12451
13898
15898
16013
17450
20500
21468
22439
22745
22774
23437
23720
24675
26338
27015
28393
29353
30752
30913
32661
34425
38485
38686
40047
41375
42189
42574
44821
46178
47979
708
1849
3179
3428
3498
6215
6321
8975
10741
11448
13027
14847
16902
17020
19711
21832
22302
22535
22654
24855
25250
25546
27522
27562
28004
28164
29197
29208
33755
35090
36718
36952
37762
40984
41655
42689
44737
46231
1477
4407
7138
9215
9225
9611
10025
12027
13227
13570
13813
15121
15192
15482
16244
16367
16555
17088
17277
18149
19494
20112
22414
25074
26692
28347
28771
32617
35177
36831
40149
40156
42903
44089
44606
47081
48298
463
1885
2397
3482
3758
4096
4569
5168
5647
5910
9497
10484
11802
14715
15565
15794
16192
16253
16553
19789
20406
20604
20764
23279
23336
23562
26667
26940
28838
29190
29255
30099
30593
30780
31798
32244
32691
34124
34567
35241
37359
37406
39303
43142
45844
48145
49127
1257
1760
1962
2317
5186
5715
5854
6331
8202
8764
9693
11005
11322
17017
18326
18387
20579
20926
21095
21749
23124
24703
25174
26072
28849
29102
34162
34484
34597
39840
40892
42812
43534
43616
44118
46772
47051
49293
691
1201
2193
3412
4178
4191
4925
5138
7530
8409
10594
11184
12049
13446
15658
16568
19109
20398
20573
21258
21999
24329
24555
26417
27125
27609
27619
27683
32770
32918
34121
34708
36464
37238
37311
37355
38397
39336
40071
40612
44121
44771
45762
46493
46803
48623
2336
5177
5202
5920
6095
7175
8240
8289
9506
11799
13595
13786
14532
14701
16514
16942
17097
17223
17827
18436
19523
19933
22608
23017
23470
24602
25046
25442
27541
27632
28294
29508
29604
30160
32589
34784
35350
35589
35686
36822
38822
39576
40110
40122
40195
41664
41829
43558
43660
44248
44648
44924
45860
45945
48782
530
601
766
1028
1124
2204
3448
4526
5300
6079
7702
8022
9217
9452
10983
10992
11651
11706
12302
12795
13870
16126
16539
16561
17172
17322
17854
18828
20155
21758
21996
22078
22742
22752
23394
23481
23969
24324
26077
26301
26673
30746
32783
33453
33633
34247
34691
34932
35558
35913
36643
37127
37243
37928
39259
39591
39679
39752
40372
40830
40875
41406
42444
42511
43007
43776
44008
44446
46461
47200
47582
2342
2815
3141
4743
5118
5611
5846
6878
7538
8305
8795
9729
9831
11081
12771
13259
13984
16405
16752
17457
18315
19021
19539
19877
20069
20370
20523
21118
21228
21411
21687
23660
23772
23931
26299
28708
28731
30456
31388
32398
32787
33115
33190
33780
34463
34928
37915
39235
39658
39983
40043
41417
42306
42849
43002
44035
44706
46396
49112
648
654
1094
1334
2743
4186
8231
8288
8656
8957
9603
9837
9944
10632
11747
14625
14781
16186
16548
16753
17395
19080
19717
19736
19881
20225
20399
21301
21359
21788
22138
22443
23324
23625
24049
24664
24770
25907
25996
26210
27207
27397
27528
30526
31971
32190
32725
33004
35262
35322
37403
37720
38917
39357
39434
40428
42465
43049
43888
43945
44655
44730
45136
46648
48073
49094
129
2381
2395
3320
3368
3971
4425
4809
5282
5428
6673
6689
6976
8432
9183
9290
10273
11095
11512
11887
12375
12460
14623
14980
15119
15840
16317
16911
16947
17321
17338
17521
17805
17820
18536
19193
19421
19793
19828
19890
20107
20519
21859
22866
23141
24023
24450
24456
24993
25963
26008
28474
28891
30348
30571
31033
31194
31333
31476
31878
33277
34132
34316
34518
36381
37006
38301
39483
39897
40575
40916
41127
41814
42107
42312
43250
43864
44340
44380
46718
46878
47221
48644
1117
2406
3339
3385
3986
3991
4318
4767
5006
5217
5600
5974
6834
6937
8419
8718
8788
9924
9955
9960
10268
10436
12228
12853
13039
13784
13880
13965
15098
16494
16727
16765
16791
16804
16821
18429
18513
18660
18919
19032
19244
21987
22074
22452
23209
23970
24066
24074
24271
24446
24604
24972
25338
26602
27105
27137
27196
27573
27760
28114
28270
28412
28878
29103
30574
30731
30754
31808
32436
32703
32890
33840
33878
34998
34999
35715
36104
36306
36501
36597
36975
38077
38811
39295
40628
40649
40785
40845
41923
42522
42829
43490
44005
44657
47390
48458
49068
217
2227
2664
3096
3351
3550
3981
4175
5185
5536
5560
5587
5830
6021
6817
7433
7572
7784
7854
8082
9067
9878
10050
10114
10252
10550
10665
11142
11636
12295
12497
12665
12921
14605
15648
16231
16279
16547
16552
17276
17432
17592
19334
20163
20387
20575
20863
20876
21514
21537
21673
21907
21932
22189
22658
22796
23206
23241
23959
24321
24718
25574
26078
26206
26592
27481
28021
28045
28050
28364
28735
28923
29560
30748
30749
31572
31743
31913
32291
32700
34187
34203
35357
35775
35994
36176
36626
37681
38010
39090
39146
39161
39304
39738
39867
40112
40502
41001
41498
42095
42104
43043
43089
44179
44321
44779
45081
45248
45408
45590
46098
46730
47246
47373
48798
264
760
833
1166
1468
1563
1919
2511
2576
2630
3369
3571
3578
3711
4004
4160
4171
4306
4328
4871
5216
5407
6144
6735
7171
7598
7805
7849
8690
8897
9057
9324
9544
9588
9609
9760
10398
10938
12019
13333
13487
13796
14156
14296
14677
14845
15031
15540
15970
16439
16888
16930
17048
17620
17654
18890
19054
19089
19602
19862
20042
20259
20529
20856
21104
21404
21448
21493
22726
22740
23447
23588
23706
24158
24165
24231
24244
24985
25962
26085
27037
27646
28030
28423
29010
29042
29405
30002
30035
30951
31019
31174
31602
31615
32477
32683
33104
33675
33903
33992
35511
36123
36291
36842
36999
37486
38364
38373
38582
39180
39326
40019
40052
40128
40252
40966
42212
42251
42313
42391
42411
42723
42860
43005
43356
43361
43513
43524
43562
43757
44427
45832
46336
46454
46485
46539
47593
47664
48265
48288
185
582
736
1565
1910
2507
3330
3567
4258
4688
4702
4915
5021
5218
5339
5340
5545
5628
5878
6023
6242
7348
7568
7641
7742
7869
7909
8073
8087
8273
8378
8700
8744
8858
8918
9112
9381
9396
9440
9510
9754
9791
9881
10177
10497
10652
11002
11219
11326
11663
11810
12221
13057
13068
13249
13286
13603
14400
14599
14740
15597
15696
15785
15839
16358
16406
16485
16679
16744
16966
17078
17120
17189
17877
17989
18141
18395
18506
18720
18872
18888
18939
19165
19199
19358
19610
19827
19975
20100
20310
20426
21427
21435
21447
21845
21914
22448
22587
22746
22862
23027
23029
23093
23526
23825
23960
24138
24351
24504
24786
25037
25178
25379
25554
25707
26321
26512
26745
27590
27763
28025
28066
28182
28429
28711
29261
29830
30371
31159
32422
33339
33521
33663
33801
34014
34062
34147
35397
35618
36085
37172
37241
37313
37452
37570
37626
37759
37790
37827
38101
38407
38662
38831
38971
39104
39329
39613
39847
40731
40812
41071
41648
41714
42127
42200
42355
43462
43474
44062
44495
44507
44718
44856
45041
45270
45439
45676
46395
46504
46571
46697
46813
47026
47130
47531
47913
48225
967
1104
1121
1527
1584
2271
2575
2647
2858
2879
2971
3328
3400
3460
3509
3534
3732
3759
3767
3785
3968
4643
4807
5393
5639
5829
5915
6075
6076
6119
6449
6451
6710
6969
7815
8439
8558
8759
8910
8962
9159
9261
9311
9365
9601
10116
10361
10469
10853
11058
11363
11431
11592
11871
11889
12303
12420
12818
13245
13325
13360
13378
13499
13606
13734
13948
13951
13973
14658
14760
15016
15386
15390
15392
15798
16207
16391
16469
16486
16695
16943
17316
17507
17821
17880
17905
18183
18321
18368
18484
18898
19103
19105
19187
19272
19280
19400
19673
19761
19792
19850
20128
21175
21300
21521
21535
21643
21794
21853
21938
22467
22546
22664
22719
22741
22936
23337
23833
24141
24184
24264
24771
24924
25087
25163
25242
25635
26291
26332
26645
26811
27387
27394
27466
27480
27563
27622
27658
27752
27905
28850
28970
29086
29098
29189
29200
29474
29492
29518
29561
29719
29757
29972
30094
30375
30490
30569
30758
30879
31126
31157
31198
31318
31729
31744
31785
32013
32138
32193
32466
32567
32746
32784
32785
32868
33724
33796
34182
34918
35013
35517
35585
35588
35767
35888
36521
36778
37025
37027
37617
38017
38336
38522
38635
38779
39420
39764
39769
40032
40116
40398
40534
41007
41157
41172
41317
41476
41698
41894
42032
42054
42067
42595
42750
42819
43319
43346
43360
43398
44067
44225
44265
44633
44697
44735
45545
45560
45705
46028
46394
46764
46816
46834
47211
47662
48087
48308
48571
48655
48847
49314
554
884
975
1007
1090
1598
1781
2497
2498
2531
3327
3352
3378
3617
3764
4183
4321
4472
4796
4965
5005
5038
5062
5064
5125
5160
5319
5605
6092
6561
6630
6701
6971
7003
7039
7289
7367
7380
7493
8154
8360
8398
8919
8929
8934
8958
9018
9179
9189
9236
9328
9388
9576
9756
9761
9774
9902
10157
10239
10253
10321
10413
10415
10666
10726
10770
10798
11010
11459
11529
11805
11821
11879
12057
12238
12358
12393
12444
12585
12610
12878
12927
13008
13348
13398
13602
13683
13724
13869
14029
14030
14041
14044
14351
14486
14638
15083
15134
15164
15168
15199
15217
15236
15391
15394
15457
15501
15560
15612
15647
15745
15767
16200
16350
16508
16868
17149
17176
17655
17790
17819
17901
17913
17935
17942
17945
18249
18624
18685
18913
19039
19443
19465
19475
19490
19570
19689
19710
19841
20023
20120
20550
20680
20950
20981
21321
21433
21637
21936
22136
22681
22805
22828
22865
22957
22980
23148
23266
23286
23517
23679
23862
24246
24249
24318
24375
24755
24862
24913
24941
25229
25411
25653
25709
25930
26058
26418
26609
26727
26934
27075
27119
27187
27191
27293
27410
27416
27733
28126
28540
28544
28670
28884
29023
29675
29794
30000
30277
30568
30579
30621
30671
30711
30902
30916
31315
31341
31369
31887
32273
32295
32549
32659
32893
32982
32985
33031
33350
33806
33828
33906
33962
34343
34954
35012
35231
35462
35641
35655
35740
35833
36133
36149
36215
36437
36444
36904
37093
37242
38125
38460
38583
38790
39049
39179
39218
39385
39427
39809
39825
39912
40004
40210
40342
40616
40723
40758
40938
40995
41102
41446
41515
41606
41839
42055
42276
42349
42822
42919
43014
43357
43554
43892
44006
44197
44238
44259
44266
44416
44982
45268
45683
45992
46095
46523
46590
46904
46921
47114
47300
47535
48034
48127
48134
48224
48312
48635
48721
48965
49267
492
984
1059
1139
1379
1503
1530
1807
1842
1892
2023
2169
2187
2235
2254
2305
2463
2551
2689
2928
2944
3113
3119
3196
3244
3261
3302
3309
3337
3410
3488
3511
3649
3675
3734
4003
4039
4294
4345
4398
4514
5106
5231
5350
5352
5439
5541
5579
5580
5984
6094
6427
6489
6562
6573
6740
6835
6891
6915
7465
7633
7644
7876
7904
7930
7950
8009
8029
8118
8139
8140
8218
8276
8295
8324
8352
8422
8438
8460
8471
8559
8647
8707
8757
9030
9176
9317
9478
9520
9528
9573
9596
10147
10164
10343
10355
10593
10601
10640
10792
10848
10886
11260
11302
11320
11327
11352
11578
11790
11894
11932
12176
12187
12223
12424
12443
13031
13141
13373
13412
13417
13572
13578
13581
13785
13991
14128
14328
14365
14616
14639
14879
14969
15084
15096
15530
15609
15639
15748
15772
15797
16000
16384
16455
16501
16693
16715
16812
16854
16965
17026
17043
17145
17146
17261
17463
17834
17940
18067
18228
18366
18496
18718
18731
18769
18776
18873
18954
19020
19189
19401
19402
19493
19495
19592
19600
19889
20205
20304
20309
20345
20418
20612
20643
20661
20765
20808
20889
20941
21087
21152
21316
21369
21439
21635
21760
22014
22029
22403
22466
22475
22639
22676
22682
22951
23128
23349
23438
23476
23536
23554
23684
23876
23896
23940
24111
24133
24162
24206
24208
24348
24606
24714
24753
25012
25093
25118
25599
25638
25737
26004
26102
26135
26233
26261
26377
26413
26649
26695
26952
26980
27054
27098
27116
27140
27491
27611
27634
27789
27933
27934
27938
28117
28175
28234
28299
28319
28352
28557
28674
28742
28769
28896
28963
29092
29095
29130
29163
29284
29331
29339
29792
29911
30014
30054
30131
30276
30289
30527
30555
30597
30910
31104
31144
31145
31288
31297
31334
31456
31818
31836
31905
32012
32082
32173
32276
32361
32463
32632
32658
32720
32949
32970
33041
33159
33192
33665
33683
33838
33958
33979
34010
34320
34545
34890
35232
35275
35369
35513
35600
35642
35675
35691
35846
35966
36019
36034
36224
36438
36506
36826
37094
37098
37123
37124
37154
37244
37379
37384
37438
37464
37469
37481
37550
37565
37647
37651
37724
37748
37919
37958
38070
38196
38603
38769
38870
39041
39155
39217
39282
39331
39481
39655
39726
39741
39815
39856
39873
39926
39938
40000
40015
40173
40423
40503
40513
40862
40989
40997
41047
41192
41272
41350
41412
41418
41459
41557
41596
41777
41813
41961
42024
42042
42059
42173
42203
42211
42216
42218
42219
42220
42259
42400
42473
42476
42588
42902
42918
42937
43033
43227
43272
43295
43301
43404
43685
43913
43991
44376
44605
44631
44632
45148
45218
45237
45366
45452
45787
45984
46847
46881
47116
47266
47294
47298
47343
47438
47639
47739
47752
47884
47907
47963
47976
48051
48232
48349
48359
48370
48455
48533
48561
48606
48746
48753
48861
49070
49163
487
973
1435
1699
1776
1880
2010
2031
2032
2304
2407
2528
2666
2706
2744
2941
3036
3055
3235
3267
3401
3493
3569
3584
3659
3672
3673
3674
3761
3765
3769
3775
3783
3819
3952
3960
3961
4088
4146
4444
4507
4660
4747
4787
4914
5017
5020
5238
5242
5253
5272
5328
5334
5442
5457
5486
5584
5630
5691
5707
5815
5872
5873
5937
5985
6560
6591
6663
6684
6733
6918
6922
6926
7050
7080
7087
7170
7275
7302
7311
7360
7361
7363
7364
7416
7422
7429
7504
7745
7752
7819
7834
7992
8149
8162
8199
8266
8461
8502
8556
8557
8565
8568
8702
8752
8754
8812
8813
8867
8868
9001
9007
9044
9051
9105
9108
9122
9181
9240
9276
9280
9331
9332
9473
9487
9538
9789
9825
9875
9912
9959
10010
10121
10155
10208
10346
10449
10692
10849
10879
10910
10912
10920
10922
10958
11020
11039
11097
11115
11234
11272
11287
11319
11433
11511
11572
11599
11724
11800
11844
11849
11854
11859
11860
11882
11891
11954
12118
12137
12168
12371
12374
12484
12579
12582
12583
12730
12747
12822
13115
13136
13158
13165
13362
13371
13465
13471
13472
13479
13482
13528
13631
13710
13730
13807
13872
14034
14111
14191
14251
14382
14407
14491
14522
14556
14558
14559
14660
14717
14723
14757
14832
14859
15066
15077
15150
15247
15249
15252
15253
15255
15256
15439
15611
15664
15957
15979
16002
16127
16178
16195
16229
16348
16374
16404
16507
16509
16517
16519
16546
16633
16649
16669
16776
16783
16827
16882
16927
16938
17040
17047
17090
17122
17134
17142
17143
17144
17248
17325
17384
17903
17908
18424
18465
18466
18581
18676
18702
18714
18801
19051
19057
19151
19462
19467
19487
19524
19525
19526
19549
19621
19674
19684
19790
19820
19822
19853
19873
20029
20054
20104
20348
20375
20405
20441
20524
20596
20645
20716
20734
20919
20983
21014
21043
21047
21185
21215
21272
21290
21303
21417
21487
21510
21620
21659
21808
21831
22089
22194
22197
22350
22361
22405
22526
22708
22732
22772
23152
23183
23203
23261
23264
23277
23325
23480
23564
23574
23580
23659
23693
23755
23783
24020
24126
24172
24219
24308
24380
24596
24747
24864
24920
24955
25014
25127
25137
25429
25650
25797
25879
25950
25972
26182
26240
26256
26274
26311
26356
26369
26410
26415
26484
26505
26551
26561
26652
26749
26893
26954
26985
27031
27034
27043
27146
27156
27219
27225
27475
27509
27523
27602
27652
27693
27705
27784
27799
27879
27937
27997
28098
28124
28344
28438
28462
28465
28466
28469
28541
28602
28770
28787
28795
28866
28939
28977
29021
29025
29046
29096
29121
29134
29396
29432
29477
29559
29569
29570
29575
29628
29642
29720
29783
29906
30045
30146
30255
30301
30315
30326
30596
30635
30700
30737
30739
30786
30933
30966
31095
31108
31166
31224
31284
31291
31303
31339
31386
31399
31648
31861
31916
31920
31927
31997
32074
32081
32168
32265
32502
32566
32633
32812
32869
32881
32991
33044
33065
33091
33093
33358
33404
33468
33656
33869
33901
33959
34019
34024
34083
34104
34206
34208
34261
34263
34266
34288
34293
34338
34539
34753
34812
34824
34847
34921
35042
35058
35098
35161
35198
35233
35234
35236
35237
35292
35332
35466
35598
35659
35857
35955
35969
35992
36055
36114
36355
36379
36407
36411
36430
36533
36649
36776
36790
36807
36819
36825
36932
36936
36969
37008
37009
37102
37109
37222
37295
37465
37664
37697
37702
37703
37745
37821
38042
38088
38159
38193
38194
38382
38462
38464
38584
38614
38653
38745
39056
39293
39396
39428
39444
39480
39538
39548
39565
39590
39603
39615
39646
39892
39914
39998
40070
40177
40189
40760
40919
40999
41125
41180
41231
41252
41281
41299
41349
41383
41389
41426
41449
41531
41568
41580
41581
41613
41755
41794
41925
41931
41936
41944
42150
42166
42264
42287
42364
42372
42472
42480
42663
42664
42702
42716
42736
42768
42771
42776
42790
42793
42915
42916
42946
42957
42994
43114
43120
43122
43387
43442
43545
43546
43560
43636
43714
43724
43741
43772
43899
43927
43983
44002
44216
44233
44336
44400
44604
44654
44659
44721
44722
44831
44833
44836
44841
44845
44944
44975
45063
45122
45149
45150
45151
45273
45300
45313
45438
45524
45570
45579
45580
45912
45936
45951
45990
46221
46252
46284
46344
46377
46383
46397
46586
46653
46852
46957
46986
47136
47182
47183
47205
47206
47291
47359
47363
47370
47504
47558
47575
47601
47713
47724
47755
47810
47871
47891
47897
48054
48108
48110
48200
48381
48537
48554
48555
48577
48593
48612
48660
48804
49260
49297
365
1221
1654
1775
1874
1965
2011
2016
2017
2022
2175
2177
2291
2396
2452
2527
2537
2598
2600
2682
2913
2936
2937
2940
2945
3068
3112
3234
3243
3270
3300
3312
3338
3344
3347
3402
3403
3404
3407
3408
3425
3522
3525
3533
3542
3665
3703
3728
3736
3743
3762
3770
3771
3773
3774
3777
3778
3790
3795
3796
3797
4040
4042
4090
4091
4100
4156
4166
4167
4185
4241
4322
4327
4419
4420
4515
4517
4519
4529
4553
4596
4616
4617
4716
4725
4794
4811
4824
4868
4874
4875
4882
4888
4901
4916
4917
4918
4942
5019
5040
5050
5052
5053
5054
5099
5162
5192
5199
5243
5248
5255
5275
5277
5278
5280
5336
5337
5363
5455
5495
5497
5498
5499
5504
5505
5528
5581
5609
5635
5658
5659
5690
5725
5726
5741
5749
5835
5882
5929
5953
5954
6005
6017
6086
6405
6542
6563
6564
6588
6618
6619
6622
6742
6832
6836
6869
6872
6920
6921
6941
6957
6995
6997
7042
7077
7131
7132
7145
7147
7182
7184
7188
7189
7196
7199
7267
7305
7362
7420
7449
7457
7503
7544
7589
7600
7685
7694
7708
7850
7862
7863
7875
7887
7892
7988
7991
8001
8024
8054
8060
8100
8101
8145
8150
8184
8186
8188
8189
8260
8261
8263
8264
8267
8268
8270
8271
8272
8308
8345
8350
8353
8354
8356
8357
8405
8407
8443
8496
8566
8573
8580
8581
8585
8679
8697
8746
8747
8748
8768
8781
8790
8804
8827
8860
8866
8879
8933
8993
9004
9017
9041
9043
9045
9052
9081
9088
9106
9147
9148
9158
9166
9173
9182
9194
9228
9249
9300
9333
9335
9336
9367
9368
9418
9476
9526
9547
9550
9557
9568
9584
9617
9643
9662
9664
9672
9699
9700
9701
9711
9746
9749
9784
9806
9809
9845
9846
9869
9883
9884
9885
9905
9909
9997
10024
10101
10123
10173
10176
10316
10317
10362
10363
10370
10373
10377
10399
10416
10444
10583
10638
10671
10678
10699
10712
10718
10731
10751
10752
10764
10766
10768
10776
10796
10836
10845
10863
10866
10939
10950
10951
10952
10998
10999
11026
11033
11041
11064
11069
11096
11118
11207
11242
11355
11367
11453
11460
11469
11497
11593
11618
11880
11958
11959
11975
11983
11984
11985
12005
12015
12025
12060
12068
12110
12112
12119
12141
12166
12167
12171
12248
12290
12297
12300
12335
12337
12347
12351
12360
12412
12434
12441
12459
12504
12516
12576
12581
12604
12654
12675
12724
12748
12847
12861
12862
12874
12876
12877
12879
12880
12881
12912
12915
12923
12924
12966
12973
13013
13014
13015
13046
13084
13094
13110
13113
13125
13162
13173
13174
13176
13178
13193
13235
13258
13315
13399
13400
13402
13410
13435
13475
13478
13605
13611
13614
13765
13789
13792
13839
13855
13932
13937
13958
14022
14141
14232
14295
14377
14419
14420
14508
14724
14805
14808
14835
14840
14842
14869
14930
14959
15013
15022
15030
15046
15073
15080
15081
15120
15140
15173
15197
15220
15240
15267
15376
15440
15653
15712
15718
15726
15730
15751
15777
15778
15795
15976
16067
16068
16100
16101
16106
16113
16158
16171
16172
16180
16190
16199
16206
16224
16228
16232
16334
16339
16341
16347
16372
16414
16440
16441
16456
16491
16495
16496
16499
16500
16502
16512
16513
16532
16596
16648
16731
16794
16926
16995
17028
17051
17155
17257
17310
17330
17331
17372
17374
17377
17378
17379
17382
17383
17385
17386
17392
17393
17394
17396
17397
17399
17400
17440
17491
17534
17671
17717
17794
17811
17818
17859
17902
17915
17916
17930
17978
18036
18073
18221
18343
18364
18423
18449
18487
18494
18545
18604
18647
18670
18671
18674
18691
18692
18738
18798
18838
18904
18918
18999
19023
19126
19213
19291
19299
19411
19426
19435
19466
19476
19486
19543
19604
19632
19639
19644
19645
19724
19749
19770
19784
19812
19892
19981
20217
20297
20349
20360
20389
20514
20520
20525
20555
20603
20662
20665
20668
20669
20673
20674
20675
20676
20677
20678
20679
20774
20780
20782
20786
20801
20834
20835
20858
20966
20984
20996
21105
21115
21168
21184
21191
21214
21269
21273
21294
21299
21315
21366
21386
21438
21446
21460
21484
21501
21532
21548
21634
21649
21652
21668
21790
21834
21912
22016
22021
22086
22161
22241
22270
22275
22304
22317
22318
22319
22321
22322
22332
22366
22367
22371
22379
22402
22450
22564
22581
22582
22670
22683
22689
22699
22735
22738
22783
22837
22863
22900
22928
22963
22973
22974
22977
23060
23086
23143
23151
23171
23176
23243
23251
23252
23259
23269
23275
23276
23389
23393
23445
23446
23474
23551
23593
23596
23600
23606
23609
23612
23665
23683
23698
23934
23961
23968
24012
24073
24104
24116
24121
24139
24161
24202
24211
24229
24245
24272
24407
24443
24444
24471
24485
24486
24487
24488
24503
24520
24524
24532
24541
24573
24592
24595
24605
24614
24668
24671
24708
24713
24740
24741
24762
24763
24805
24861
24865
24866
24923
24934
24937
24943
24965
25000
25013
25115
25116
25152
25180
25192
25193
25270
25295
25296
25381
25382
25454
25537
25565
25604
25656
25774
25826
25851
25852
25906
25913
25919
25928
25947
25960
25973
26020
26022
26050
26084
26090
26091
26092
26095
26096
26097
26220
26230
26307
26354
26443
26446
26542
26543
26564
26590
26635
26677
26696
26701
26732
26733
26743
26747
26750
26812
26820
26828
26833
26843
26858
26904
26919
26929
26965
27065
27139
27162
27179
27197
27198
27235
27254
27275
27305
27358
27408
27420
27492
27599
27601
27765
27778
27783
27948
28041
28106
28123
28129
28130
28137
28161
28163
28200
28218
28248
28249
28261
28333
28356
28374
28430
28442
28443
28444
28445
28447
28448
28449
28450
28459
28461
28560
28561
28573
28642
28644
28645
28682
28693
28699
28779
28780
28785
28790
28801
28802
28811
28824
28835
28854
28985
28989
28990
29058
29059
29065
29082
29099
29105
29124
29125
29144
29145
29181
29187
29210
29254
29338
29345
29351
29365
29424
29440
29454
29482
29525
29526
29556
29571
29629
29632
29652
29653
29704
29705
29747
29760
29776
29791
29872
29905
29920
29925
29926
29985
29992
30006
30043
30092
30096
30173
30205
30206
30265
30320
30458
30465
30471
30518
30534
30563
30564
30565
30576
30582
30672
30673
30676
30699
30724
30728
30753
30782
30855
30907
31026
31027
31030
31054
31073
31075
31117
31139
31228
31260
31286
31287
31295
31316
31322
31323
31360
31398
31423
31451
31509
31569
31613
31619
31652
31695
31708
31709
31738
31741
31814
31820
31821
31881
31911
31955
31969
31990
32004
32100
32145
32212
32285
32286
32296
32400
32434
32476
32482
32674
32677
32687
32689
32719
32748
32826
32827
32837
32865
32866
32867
32898
32973
33064
33169
33171
33206
33209
33210
33211
33271
33292
33429
33467
33474
33487
33494
33503
33504
33535
33545
33546
33547
33548
33565
33592
33593
33595
33598
33819
33834
33852
33890
33955
34056
34210
34273
34285
34299
34336
34337
34438
34470
34477
34487
34504
34522
34551
34563
34568
34631
34646
34711
34732
34810
34828
34829
34830
34838
34839
34869
34923
34933
34938
34949
34964
34989
35004
35005
35022
35023
35024
35032
35041
35064
35072
35073
35151
35333
35394
35411
35542
35543
35549
35563
35587
35648
35658
35666
35667
35673
35680
35731
35777
35779
35781
35782
35785
35786
35788
35790
35791
35840
35885
35886
35897
35933
35942
35986
35987
36075
36080
36092
36108
36221
36249
36254
36292
36297
36301
36302
36323
36556
36613
36623
36624
36632
36636
36642
36679
36692
36770
36851
36911
36926
36929
36938
37010
37103
37108
37157
37204
37207
37254
37300
37305
37321
37378
37405
37561
37580
37619
37694
37743
37816
37894
37961
38005
38030
38031
38058
38076
38178
38280
38320
38369
38399
38456
38580
38587
38590
38659
38730
38871
38872
38879
38914
38944
39034
39195
39215
39231
39254
39266
39285
39327
39399
39461
39469
39482
39506
39544
39653
39681
39695
39736
39781
39783
39808
39826
39866
39904
39934
39952
39958
39994
40038
40126
40154
40181
40188
40206
40230
40270
40281
40287
40305
40490
40523
40530
40579
40677
40690
40752
40755
40815
40855
40856
40857
40860
40861
40866
40867
40868
40871
40872
40880
40975
40983
40985
41034
41051
41052
41193
41258
41278
41307
41323
41352
41366
41370
41371
41381
41382
41386
41387
41395
41415
41416
41452
41462
41471
41472
41481
41491
41518
41526
41549
41556
41558
41598
41599
41694
41762
41785
41799
41806
41807
41812
41823
41888
41892
41929
41938
42003
42090
42091
42105
42106
42171
42185
42187
42233
42335
42350
42368
42369
42390
42489
42503
42517
42521
42540
42554
42637
42735
42761
42828
42838
42851
42857
42901
42924
42935
42936
42940
43034
43046
43092
43135
43156
43163
43294
43359
43365
43371
43375
43381
43405
43416
43417
43521
43539
43556
43572
43604
43645
43658
43668
43684
43729
43740
43762
43846
43889
43928
43966
44020
44048
44055
44079
44180
44184
44357
44432
44472
44513
44585
44609
44695
44702
44712
44720
44746
44820
44827
44854
44870
44914
44918
44919
44989
45147
45162
45170
45176
45206
45207
45208
45209
45279
45292
45299
45301
45305
45306
45414
45417
45425
45427
45467
45468
45519
45536
45616
45618
45621
45624
45643
45645
45733
45743
45776
45798
45810
45811
45812
45834
45867
45884
45989
46129
46146
46264
46267
46286
46297
46300
46317
46358
46372
46380
46408
46473
46474
46525
46620
46644
46645
46666
46723
46732
46796
46887
46893
46916
46954
46970
47035
47039
47055
47163
47201
47295
47296
47303
47304
47310
47361
47381
47385
47414
47429
47550
47594
47638
47879
47896
47914
47970
47973
47992
48024
48031
48047
48085
48109
48111
48113
48114
48115
48117
48129
48147
48158
48159
48281
48326
48327
48332
48414
48431
48548
48553
48590
48628
48646
48678
48683
48833
48834
48942
48962
48978
48979
48983
48987
49037
49210
49285
259
261
262
265
266
267
363
715
846
919
974
1057
1164
1165
1167
1202
1204
1237
1558
1677
1784
1785
1810
1866
1882
1883
1884
1886
1888
1889
1893
1894
1895
1909
1913
2003
2005
2007
2008
2009
2019
2024
2150
2168
2174
2180
2184
2185
2186
2290
2442
2443
2444
2447
2449
2450
2462
2464
2465
2466
2467
2468
2469
2470
2512
2513
2514
2515
2516
2519
2520
2535
2536
2538
2539
2543
2544
2585
2589
2610
2614
2616
2618
2622
2628
2631
2632
2633
2634
2638
2639
2653
2654
2656
2657
2658
2659
2818
2909
2910
2947
2952
2955
3067
3117
3194
3212
3233
3268
3269
3281
3283
3284
3313
3314
3315
3345
3346
3424
3426
3427
3479
3480
3485
3486
3487
3541
3543
3545
3546
3561
3576
3713
3714
3715
3716
3717
3719
3720
3727
3731
3733
3739
3750
3966
3967
3969
4064
4095
4098
4139
4142
4144
4148
4149
4150
4161
4163
4164
4165
4168
4177
4195
4197
4229
4230
4243
4270
4278
4288
4289
4302
4303
4391
4393
4496
4497
4501
4516
4530
4556
4650
4692
4705
4706
4720
4736
4738
4784
4785
4788
4799
4830
4831
4834
4835
4836
4837
4838
4840
4841
4844
4845
4847
4848
4849
4850
4851
4852
4853
4854
4858
4859
4860
4861
4862
4864
4865
4866
4872
4873
4878
4879
4880
4881
4883
4886
4887
4891
4897
4898
4899
4902
4903
4904
4905
4906
4908
4909
4910
4912
4913
4920
4921
4926
4929
4930
4933
4934
4935
4937
4938
4940
4944
4945
4947
4948
4949
4950
4951
4952
4953
4954
4956
4957
4958
4959
5008
5029
5030
5031
5032
5033
5042
5043
5044
5045
5051
5063
5066
5146
5147
5148
5149
5150
5151
5152
5153
5154
5159
5161
5167
5233
5251
5262
5274
5288
5303
5304
5305
5315
5317
5318
5342
5343
5344
5401
5403
5415
5427
5430
5431
5434
5437
5445
5471
5472
5524
5527
5542
5543
5544
5546
5553
5564
5606
5620
5621
5623
5634
5640
5641
5643
5645
5648
5654
5689
5756
5818
5847
5853
5856
5886
5889
5893
5894
5897
5909
5911
5912
5913
5914
5916
5917
5918
5923
5924
5927
5928
5982
6054
6063
6066
6067
6068
6069
6070
6080
6087
6090
6188
6219
6426
6452
6458
6527
6533
6583
6584
6587
6593
6594
6595
6597
6598
6599
6601
6623
6666
6683
6686
6777
6778
6779
6780
6799
6816
6818
6819
6823
6824
6825
6826
6831
6833
6843
6897
6898
6903
6904
6913
6914
6931
6932
6934
6935
6950
6951
6952
6953
6955
6958
6966
6968
6972
6973
6974
7024
7025
7038
7043
7044
7045
7046
7047
7051
7052
7079
7101
7129
7130
7134
7135
7157
7168
7174
7185
7186
7191
7195
7198
7206
7214
7227
7237
7243
7292
7297
7298
7299
7300
7301
7320
7330
7355
7428
7454
7455
7456
7458
7459
7461
7462
7463
7464
7492
7495
7496
7497
7498
7502
7510
7520
7534
7535
7536
7541
7542
7543
7578
7587
7588
7601
7619
7622
7746
7747
7768
7781
7800
7806
7816
7836
7837
7838
7842
7851
7874
7888
7889
7890
7891
7928
7929
7941
7985
7986
7987
8015
8021
8027
8028
8031
8033
8034
8048
8058
8064
8065
8155
8161
8163
8180
8181
8182
8183
8185
8190
8191
8192
8193
8194
8195
8196
8197
8198
8207
8208
8209
8210
8211
8212
8213
8214
8225
8226
8235
8239
8259
8262
8269
8277
8296
8297
8298
8303
8306
8309
8321
8329
8366
8368
8377
8381
8399
8400
8402
8423
8424
8425
8430
8431
8472
8473
8474
8475
8476
8503
8540
8541
8542
8571
8572
8582
8589
8644
8668
8678
8685
8689
8699
8701
8708
8709
8710
8711
8713
8714
8715
8720
8732
8767
8826
8831
8839
8846
8847
8848
8849
8877
8882
8883
8907
8908
8911
8987
8991
9012
9019
9020
9036
9037
9038
9039
9049
9050
9053
9054
9064
9065
9080
9091
9092
9093
9095
9097
9098
9099
9100
9101
9102
9103
9123
9124
9125
9127
9134
9135
9136
9156
9157
9165
9167
9184
9185
9186
9193
9238
9252
9254
9269
9274
9285
9288
9289
9292
9293
9296
9298
9301
9302
9303
9308
9318
9341
9369
9370
9374
9383
9384
9385
9386
9387
9389
9390
9394
9395
9397
9398
9403
9411
9412
9417
9419
9420
9421
9422
9423
9426
9455
9463
9465
9466
9468
9469
9477
9479
9480
9482
9483
9484
9485
9488
9492
9498
9499
9500
9501
9502
9515
9522
9523
9529
9559
9560
9575
9590
9591
9592
9593
9594
9595
