16908
17108
30360
6848
36505
11593
34287
12034
23651
25804
16227
35584
33376
33476
32740
30519
34997
36459
24885
25642
25196
28022
19092
31671
1385
13886
28237
18299
24540
26935
35084
25455
15833
34602
22581
5631
20885
13323
33247
35558
4425
7526
28455
7555
25178
8014
31755
21771
17555
1608
17146
18519
29370
16283
31754
32355
33962
18354
----
25086
30372
10566
----
31608
28631
----
35398
8699
9932
33981
34458
18748
8961
36377
20520
35083
13712
31122
8015
35505
26407
31842
----
13756
35722
15623
5840
6181
9064
10567
15614
30408
31590
11485
762
29230
22162
21334
7611
----
5296
----
3051
----
----
31971
----
10868
----
9454
6566
----
34781
15840
14415
20217
27382
35400
31669
4388
31127
----
10144
16212
----
15187
16818
----
----
26250
36010
32683
27656
6045
15191
26582
26362
27377
10930
10469
11059
16741
----
34111
----
27766
----
7356
----
----
2784
33526
----
----
18865
16974
----
17384
----
10591
----
31651
----
----
27680
----
26761
17849
----
10803
6401
26257
33805
----
29384
3040
26532
30885
26646
8671
31609
28260
32308
16184
29192
31612
11073
3433
31356
30952
34490
34033
20215
11949
35332
----
25514
35456
4461
----
13755
29430
34703
----
33206
22014
21469
30544
24067
8414
31964
----
30708
9198
28358
29155
7157
8479
----
16764
4487
31132
17586
----
9459
10983
29177
31378
----
9146
31029
14328
16540
21829
26003
----
21739
----
----
13048
22673
35315
33013
35901
3464
3361
36002
11869
6791
11702
11948
32846
----
7967
----
----
33652
28005
32131
36645
----
36644
9468
35595
6842
22220
31493
23667
23675
----
31133
3553
5302
6767
19929
4996
19728
24019
26632
9162
31536
13651
----
2772
10649
16178
17861
35882
35242
6846
17440
1289
33649
33400
----
----
26374
18887
16607
29943
28914
26354
35410
----
35704
18458
13565
8932
3161
----
13965
28629
6865
11214
35195
26367
23904
28901
34109
31352
9353
35417
19634
3449
27814
22722
6596
28628
10593
35290
30402
30576
4656
31216
10531
8280
10903
109
29489
25574
1872
26000
26007
35997
24076
17584
33521
30953
6647
11469
----
----
----
19991
17580
11117
16102
20582
10802
3645
31929
30577
35244
15251
----
----
----
----
6869
7022
5777
10579
22019
17845
20647
16685
7715
16543
19028
19916
34046
3731
7764
543
----
----
21270
35451
14123
13425
34308
23096
17921
32226
14343
3776
33658
35707
29744
823
28663
22076
----
6459
6284
7021
1552
7974
11721
6677
20351
28916
26523
6768
2797
35998
16435
----
8325
18304
3021
35359
10886
22781
2323
30523
31840
22033
5715
22368
28918
7746
19633
36339
36228
----
----
----
5721
22024
4197
6724
7629
21155
9805
36378
13426
21050
17900
34689
19653
5543
22876
28917
35704
9540
----
----
32855
35076
19771
10568
16509
29434
35281
36246
35326
30855
15933
20359
17919
28679
11513
550
6684
8553
33152
35086
30568
11133
17237
25766
35399
16321
19633
31039
----
----
----
5896
6490
33670
5740
24103
35561
35409
6328
5721
19631
3554
10592
11298
3555
17459
17854
32763
30803
23583
9943
7955
14963
29444
10562
3782
34860
8622
2209
23109
543
34648
21813
33649
31374
35706
25306
35390
21293
35893
36090
36091
----
----
----
5897
6180
30945
34734
11426
23578
35220
13456
15790
34321
35509
34902
5740
19418
1371
16334
5740
5562
26004
28255
30857
34916
32465
9075
29439
30816
10274
30571
29584
2373
33678
21694
34959
34778
9079
7686
30843
26742
35884
35841
16440
1161
24509
----
----
----
----
----
----
33715
1498
6483
31281
9219
31105
22674
9223
14003
23391
31729
30854
31252
21978
33823
11253
35817
17233
33658
14327
10649
5555
35037
30376
35239
32847
22361
22083
34943
31845
35037
24145
29085
33267
36075
34323
34962
17411
21976
19927
30712
22966
31774
6678
10858
2796
29082
22354
35391
35371
35778
20577
20578
36514
----
----
----
----
