24961
27029
36025
34994
22007
4931
11281
10
6992
37279
14660
28437
10293
4333
35558
12034
21972
24602
26833
20545
31653
30735
20122
18356
37885
13180
37809
36014
31263
36054
3959
22992
37248
16580
21207
12004
35985
32127
13748
1278
28278
29441
29512
24100
11923
3684
18109
37446
26439
14337
33754
34479
29786
30226
32450
14467
15709
2327
12196
36440
10314
6816
33791
6860
22483
4376
20660
19721
30453
6141
24105
10871
10254
19321
20267
37926
20261
14615
8762
36876
12539
15579
11931
18003
35324
18743
12546
14742
37020
37719
3835
15930
14730
36101
6877
27282
30046
23281
36631
30985
30859
11599
33267
27076
36771
24031
11713
23317
2984
7383
2596
32853
29412
27814
11248
5412
3698
35331
5820
10625
21774
13610
15336
10447
11331
36773
14430
16313
25546
7486
24833
30894
24498
4829
15015
36009
36788
37490
37818
11129
37220
8276
23167
10295
37418
6732
29817
35334
26603
15276
36388
14218
27509
30649
23201
15
11415
17390
18666
37598
34878
32017
5763
10488
4533
16033
16060
34651
23889
35553
20146
12843
5312
32426
15048
29400
37947
10457
34106
1577
7508
34452
18638
34778
17703
10535
1512
22139
10251
32066
32403
15796
22459
30550
36425
3632
25101
12707
35916
34448
14380
15560
3364
23221
23545
55
230
10082
16766
20812
22052
26499
30395
25
37894
15034
10970
20241
19177
35295
37127
25941
4958
5969
26081
15423
19694
5995
11061
10587
15961
28361
36281
27171
35056
1349
7011
23931
7801
29638
30268
96
476
6458
21281
24005
34330
37492
20654
3856
13683
28262
15215
17690
25646
24347
24509
23464
31898
1498
32968
37314
10933
26117
36239
18444
1813
18499
20861
26541
8408
12214
15236
15926
34514
16342
26339
4189
36916
19462
36134
7139
15154
21403
13058
31120
22560
4945
8147
10154
34905
27824
21260
37614
8935
17622
26231
26761
2400
12989
22255
27101
7793
4750
11483
596
13164
19346
21149
26145
35145
9482
18954
37270
16900
19436
23418
7388
15706
22937
10149
28411
36097
36241
37910
27666
36910
2836
10868
12553
17065
29271
37463
4639
24983
33368
18889
23161
25600
25679
25811
37236
3659
5611
14421
15031
25908
29971
2472
6870
9690
18778
25843
29471
33629
1625
2024
5144
10872
15984
25824
32584
3790
19943
23731
1622
17523
24482
30539
7063
9116
9770
12853
23362
37389
1533
5574
7077
10384
16952
28235
1258
5645
10627
16877
30036
35354
858
9522
10405
14181
20030
25953
26164
36179
37319
5330
5917
15836
30806
141
7632
9100
11108
19417
30209
30925
9308
13177
13766
20921
31552
2119
7559
8936
9228
21679
32152
9267
10835
13568
17498
21166
24453
25805
25896
35948
37494
14552
15609
16842
25169
29836
4247
5893
5970
7210
8077
14600
15541
19406
22369
25487
26218
34788
4921
8674
9734
10659
18651
27692
28171
30866
32358
34226
7144
8629
16031
21275
27825
30012
37395
3957
4570
7536
8872
10893
11557
21948
27660
27800
29207
1620
15479
16339
25930
26982
31957
377
3529
3690
6057
15809
15841
16197
18926
20521
26136
27795
298
715
8492
9503
9665
10123
10548
10981
21732
22679
23739
24128
30904
34432
34694
35512
36160
9744
10969
14414
27471
30736
33064
5072
14441
16034
23297
23733
26308
27385
29399
34763
281
1251
4240
5065
6662
13155
17691
18788
19685
19894
25428
27118
27228
28313
28969
32996
34350
37546
1838
2171
4384
5057
5592
8966
9688
11725
13743
16847
17057
19855
21785
22039
23658
25666
32054
32141
2375
6116
6161
6521
10866
11800
12529
13649
19120
21147
21595
25990
27583
30877
1140
1203
4942
5365
6421
7274
9158
9737
10450
15398
15794
20365
21917
22838
23893
29756
31518
32978
33620
2237
4042
4707
6420
8937
10798
17227
18931
19224
20152
20234
23820
25518
25932
29753
33152
2973
3950
5036
5811
8462
10273
10756
12498
21071
23657
24170
27272
28624
32062
34820
36901
36948
5070
5332
8227
8725
10730
11344
12258
12278
14426
17173
18091
18266
18828
18888
19188
23265
25984
26069
31375
33289
34688
36030
36471
36927
37943
2203
2238
2918
4992
5041
5185
7194
8451
8761
8791
9626
10801
11926
12390
13330
14593
15391
16570
16740
17698
19093
19776
21087
21157
22327
24123
24455
25749
25831
26122
27284
28084
29398
29698
30183
31363
33942
34305
34457
36757
1310
1756
1950
2693
3050
4874
5106
5405
8030
8065
10234
12369
12703
13517
15662
16370
16885
17381
17553
18649
22627
25834
26269
26853
27016
27694
29844
30578
31683
33473
34675
34946
36077
571
823
847
1541
1947
3226
3347
4111
4419
5071
5552
6526
7098
7640
8540
9490
9749
10044
10047
10073
10183
10870
13206
13251
13686
16620
16670
19822
20166
21687
22044
24477
25034
26249
26920
27685
27857
27898
28565
28769
29545
29603
29827
30250
31500
31851
33035
33271
34428
34511
34822
35703
36671
648
1247
1313
1670
1934
2026
2295
3272
3611
3680
3812
4514
4710
4841
4953
5040
5198
5399
5963
6831
7976
8012
8865
9059
9448
9685
12519
13530
13714
14746
16224
17237
17253
18020
18656
18665
18912
19202
20668
20856
21217
21957
22625
22779
23244
23311
23735
24510
24897
25726
26006
26458
27104
27177
28026
28217
28255
28352
28644
29406
30647
30799
31652
31935
32041
32394
32583
32724
32976
33109
33986
34838
36091
36393
1216
1289
1757
1764
1882
2034
2546
2657
3820
4560
5122
5417
5666
5793
6719
7773
7921
8284
8890
8997
13560
13986
14047
14772
15356
15381
15735
15987
16515
16601
17104
17527
18269
18616
18650
18915
21956
23259
23279
24183
24630
27424
27516
27913
28146
28160
28878
29102
29254
29951
30441
31141
32195
32455
32935
33659
33896
34156
34847
35964
37787
90
365
416
432
453
500
1001
1507
1709
1789
1902
2139
2244
2422
2485
2556
2589
2847
2939
2987
3215
3615
3833
3887
3921
4534
4558
4641
5031
5429
5602
5615
5796
5942
6019
6158
6510
6946
7094
7856
8334
9214
9438
10045
12478
13467
13487
13833
14361
15681
15940
16367
16625
16700
17633
17902
18052
18090
18113
18455
18464
18644
19126
19309
19423
19729
19806
20131
20135
22373
22884
23359
23825
24167
25184
25308
25368
25394
25523
26403
26750
26963
27387
27970
28253
29684
30000
31178
31509
31836
32193
32372
32599
32638
33144
33444
33714
33928
33950
34753
35277
35571
35927
36260
36297
36309
36311
910
1711
1755
2191
2534
2639
2862
3129
3257
3262
3775
3843
3865
4020
4773
4801
4862
5110
5669
5850
5935
6244
6306
6533
6670
6856
7059
7071
7202
7232
7646
7946
8115
8123
8265
8820
9324
9551
9554
9629
9776
11957
12085
12273
12490
12493
13325
13448
13628
13837
13958
14136
14809
14881
15611
15919
16021
16396
17326
17580
18856
19223
20292
20472
21153
22096
22209
22730
23349
23363
23661
23854
24004
24367
25126
25828
25955
26295
26522
26645
26818
27445
27503
27654
27959
28187
28512
29029
29299
29757
30828
30982
31142
31151
31516
31642
31732
32289
32324
32482
32639
32970
32974
33050
33265
34140
34677
35344
35593
35688
35711
35850
35926
36151
36414
36492
36696
37002
37053
37309
37751
137
699
704
1058
1132
1392
1497
1560
1874
1949
2032
2200
2303
2549
2609
2623
2753
2833
2863
2967
3012
3721
4374
4467
5042
5179
5289
5754
5866
5908
5965
6018
6341
6342
6917
7362
7403
7799
7923
8046
8063
8273
9012
9016
9066
9144
9199
9527
10173
10200
10331
10383
10567
11235
11775
11832
12274
12381
12864
13006
13681
14856
14917
15473
15604
15622
15733
16124
16406
16567
16623
18098
18248
18476
19099
19256
19258
19372
19433
19839
20295
20564
20599
20710
20714
20996
21093
21183
21254
21976
22001
22013
22348
22370
22452
22681
23535
23538
24290
24467
25501
25552
26432
26536
26618
26704
26965
26980
27204
27347
27519
27776
27801
27802
27809
28129
28144
28186
28261
28690
29005
29006
29211
29351
29583
29751
29784
30440
30606
30665
30676
30955
30981
31532
32287
32420
32509
33116
33140
33163
33244
33245
33309
33479
33590
33639
33853
33947
34003
34064
34074
34303
34410
34609
34644
34716
34841
34976
35210
35576
35877
36003
36031
36272
36703
36810
36885
37015
37351
37353
37455
37590
37812
91
92
539
861
1281
1314
1336
1636
1669
1677
1721
1752
1855
1997
2021
2154
2161
2167
2296
2356
2601
2682
2744
2871
2931
2943
2978
3049
3060
3105
3629
3652
3935
4016
4024
4083
4140
4217
4608
4653
4672
4873
5016
5027
5193
5200
5202
5239
5254
5269
5315
5316
5327
5421
5537
5689
5691
5740
5749
5948
6077
6110
6126
6139
6149
6150
6212
6371
6406
6523
6542
6676
7171
7371
7375
7395
7396
7398
7417
7479
7487
7594
7703
7745
7774
7898
7916
8032
8423
8459
8470
8471
8549
9058
9226
9239
9529
9531
9821
10125
10139
10264
10301
10302
10304
10306
10308
10526
10699
10700
10787
10829
10864
10982
11196
11306
11310
11444
11749
11877
11917
11929
12261
12264
12311
12741
12844
12872
13010
13037
13264
13486
13777
13988
13993
14576
14736
14801
15059
15214
15337
15631
15744
15813
15932
16013
16223
16506
16907
17021
17046
17056
17117
17207
17320
17373
17521
17673
17784
18014
18115
18475
18540
18571
18589
18637
18668
18728
18795
18836
18857
19578
19581
19785
19970
20110
20113
20352
20424
20532
20713
20942
20943
22291
22337
22371
22574
22860
22912
23004
23005
23508
23601
23704
23719
23856
23945
23985
23999
24140
24152
24218
24813
25019
25089
25180
25181
25185
25379
25584
25827
26057
26248
26270
26291
26437
26447
26578
26639
26800
26836
26859
26927
26953
27281
27294
27518
27600
27605
27608
27611
27615
27690
27820
27900
27901
27916
27974
27977
28000
28172
28178
28332
28464
28882
29335
29811
30090
30143
30152
30212
30215
30225
30234
30335
30445
30611
30622
30624
30728
30853
31041
31165
31305
31374
31379
31473
31490
31545
31753
31765
31846
31884
31915
31927
32120
32160
32205
32384
32424
32682
32750
32787
33161
33165
33594
33726
33829
33873
33998
34343
34365
34397
34486
34577
34598
34661
34860
34930
35477
35505
35508
35510
35514
35758
35820
35876
36313
36391
36508
36839
37024
37196
37417
37420
37431
37440
37459
37460
270
475
499
549
628
945
960
1057
1171
1469
1493
1586
1588
1745
1881
1904
1916
2016
2169
2175
2250
2251
2353
2574
2586
2603
2627
2633
2642
2787
2848
2880
2901
2951
2953
2954
3036
3047
3062
3063
3090
3114
3140
3184
3300
3593
3594
3625
3782
3816
3836
3925
3951
4000
4013
4021
4055
4072
4198
4203
4212
4396
4501
4652
4654
4670
4709
4759
4831
4914
4927
4985
5195
5196
5197
5201
5255
5263
5281
5400
5472
5475
5605
5643
5717
5720
5787
5818
5951
5955
5964
6035
6048
6056
6069
6072
6102
6176
6205
6206
6208
6211
6225
6238
6261
6286
6447
6503
6675
6721
6740
6763
6764
6766
6772
6773
6805
6819
6839
6865
6887
6952
7008
7020
7070
7231
7299
7418
7419
7492
7564
7570
7571
7578
7595
7601
7602
7604
7650
7770
8027
8142
8253
8288
8343
8439
8545
8625
8635
8722
8760
8783
8792
8915
8986
8990
9035
9047
9060
9175
9323
9355
9390
9444
9470
9511
9619
9643
9742
9877
10122
10155
10161
10174
10175
10186
10199
10221
10226
10261
10267
10291
10375
10538
10622
10657
10862
10869
10874
11073
11123
11137
11144
11150
11206
11221
11224
11260
11580
11591
11643
11705
11911
12084
12389
12494
12503
12548
12877
12901
13070
13071
13173
13178
13179
13253
13525
13548
13654
13799
13995
14122
14173
14198
14199
14200
14269
14428
14554
14628
14748
14749
14788
14807
15026
15032
15175
15344
15419
15514
15594
15646
15767
15976
16140
16281
16284
16434
16525
16583
16618
16651
16703
16704
16705
16706
16707
16810
16948
16967
17186
17204
17232
17252
17435
17501
17535
17544
17551
17592
17634
17807
18017
18036
18041
18103
18107
18165
18218
18227
18255
18263
18270
18331
18468
18471
18484
18594
18631
18669
18684
18885
19085
19198
19216
19286
19371
19692
19693
19696
19697
19707
19722
19760
19870
19926
19933
19944
19965
20074
20141
20328
20379
20455
20456
20718
20722
20971
21061
21075
21105
21213
21215
21218
21266
21339
21371
21436
21437
21444
21461
21462
21638
21688
21689
21690
21695
21989
22115
22222
22309
22357
22380
22384
22434
22455
22487
22618
22704
22740
22784
22831
22833
22834
22839
22848
22849
22853
22878
22934
23160
23358
23361
23372
23374
23394
23539
23653
23666
23667
23751
23810
23862
23964
24331
24359
24364
24518
24527
24548
24564
24608
24670
24708
25000
25359
25621
25622
25662
25665
25675
25850
25880
25907
25922
25935
25952
26039
26128
26695
26762
26851
26865
26872
26875
26894
26910
26948
26955
27145
27158
27180
27227
27229
27232
27280
27291
27315
27397
27455
27511
27537
27818
27858
27859
27895
27902
28090
28139
28150
28168
28214
28240
28276
28412
28450
28555
28556
28586
28619
28739
28807
28825
29269
29281
29376
29450
29462
29468
29510
29516
29524
29566
29599
29619
29662
29828
29890
29902
29938
30071
30077
30091
30092
30185
30265
30601
30605
30610
30613
30614
30634
30692
30693
30711
30827
30850
30852
30892
30947
31040
31047
31085
31198
31202
31378
31384
31388
31534
31551
31597
31631
31657
31681
31684
31686
31715
31716
31824
31989
32012
32050
32151
32164
32173
32174
32291
32362
32366
32370
32371
32375
32587
32598
32688
32692
32697
32709
32762
32788
32808
32825
32892
32963
33041
33286
33338
33468
33469
33628
33650
33883
33930
33931
33960
34170
34197
34227
34228
34274
34355
34370
34556
34571
34576
34578
34650
34663
34755
34796
34881
34882
34897
34941
35203
35297
35299
35385
35386
35404
35406
35409
35413
35442
35447
35479
35863
35875
36011
36013
36041
36105
36128
36162
36176
36220
36307
36308
36310
36327
36328
36329
36355
36356
36365
36366
36369
36379
36390
36392
36394
36395
36396
36403
36406
36409
36415
36417
36419
36420
36421
36427
36429
36493
36518
36532
36537
36538
36542
36543
36546
36838
36902
36955
37037
37102
37146
37486
37540
37630
37792
291
332
350
380
498
919
1000
1003
1005
1064
1067
1075
1188
1192
1202
1209
1219
1221
1222
1241
1317
1319
1326
1327
1328
1345
1346
1582
1693
1695
1710
1738
1746
1903
1932
1999
2209
2216
2240
2242
2354
2378
2388
2490
2509
2533
2543
2557
2562
2563
2564
2565
2571
2572
2575
2583
2584
2585
2588
2594
2600
2604
2605
2612
2614
2619
2626
2632
2637
2638
2640
2644
2680
2690
2691
2692
2706
2707
2708
2735
2746
2750
2758
2768
2968
3030
3034
3081
3121
3132
3136
3208
3240
3256
3258
3259
3260
3294
3345
3349
3352
3362
3610
3668
3773
3776
3826
3852
3855
3901
3918
3922
3931
4008
4009
4029
4105
4150
4172
4173
4180
4230
4238
4256
4266
4352
4397
4398
4402
4502
4528
4547
4616
4617
4618
4619
4620
4666
4667
4671
4723
4755
4807
4808
4809
4878
4947
4948
4950
4951
4993
5018
5051
5052
5165
5181
5220
5236
5245
5248
5295
5374
5377
5380
5402
5408
5418
5470
5477
5511
5547
5557
5559
5563
5567
5585
5610
5627
5663
5664
5670
5721
5804
5813
5898
5949
5954
5956
5957
5962
6046
6052
6053
6054
