27
27494
28779
32356
40083
12167
37070
10176
40013
24284
26218
18949
37205
5170
24909
26946
39208
40001
37807
32633
40867
5366
6833
26630
8042
22345
40560
39382
37345
2746
15994
26300
15945
32108
7398
20524
38365
36610
39322
17544
28961
20014
5959
5393
15949
14076
23080
29811
15795
37796
34295
27799
29530
40189
36875
40323
40653
37226
25374
20325
9328
31088
6347
13288
41004
9263
27038
33395
37190
12153
39139
12991
11470
33836
33551
31808
26787
38995
40532
13259
32306
23253
37905
39218
32591
15008
17782
31223
38113
8705
17157
37114
12497
21124
30839
40049
30540
29728
41012
10777
25093
22427
23403
31195
17013
25661
9125
21068
7826
37420
40876
40341
104
31630
34081
37174
38049
35011
10667
7612
38341
27897
39653
11247
10147
36828
14222
11177
25159
11896
33577
5761
30727
37537
3201
27837
9011
21918
38615
31131
10444
24346
23986
2883
13628
13821
29073
38023
29135
36853
39984
2767
11469
20026
40497
771
1512
7333
14688
30265
31648
37078
11427
34432
34829
5367
37810
38983
37091
30342
7680
8424
2350
6033
22863
37614
9209
40468
37169
6569
16770
3867
4802
34599
9784
4085
36109
13242
33072
14579
29663
7450
20324
38287
39820
40685
5439
23907
25692
847
7286
13940
37365
10649
29122
11281
15677
23489
30691
35091
2443
22630
6078
36739
1381
3258
5270
9958
23375
11152
34710
40678
17079
22108
26874
7142
20548
26517
28908
35155
11782
15314
16624
17405
35241
11773
18666
22525
30176
39141
4372
12553
16586
32861
33639
6394
29266
39567
33283
37060
37298
40282
6138
40904
13275
14045
16635
22516
4821
10166
21828
23948
23949
27167
29006
31719
40684
3862
6046
12810
21223
33885
40591
27817
3480
11571
13832
15170
21406
29608
38181
41000
5242
7028
10062
12304
26090
29959
30152
35973
3404
10669
23138
23146
27589
33077
6763
29794
34430
23374
24694
32317
34268
35827
3817
8687
25197
27503
37934
39494
2382
5992
17179
21232
21822
26166
39102
1233
1890
18172
18465
34690
1221
10222
10289
10765
38585
40281
40986
5748
11707
16688
36545
6891
7012
13237
16767
19126
20553
24350
18788
33672
6440
7927
12322
14123
20330
3209
6133
24676
27547
29807
32917
33675
38766
1219
7738
10776
13110
19553
21160
29141
34524
738
1231
7925
8407
14552
20694
21327
23661
28572
29365
35725
4634
10442
13589
13726
22685
24096
26794
29507
34727
8202
12628
14099
14313
24638
31018
10393
26567
31064
33536
37417
21001
22469
29945
36959
38738
7997
8577
8815
10724
24863
25408
32086
39969
3559
7460
8206
12193
13140
16382
18857
19629
20979
22567
24842
28166
1922
2161
3863
19965
20942
22083
24761
25100
28208
29957
2571
9766
11243
12062
15209
17030
28165
30314
37131
37563
39221
40940
5106
6823
7729
7930
8997
19095
21732
23830
24878
27452
28518
31794
32656
34345
35196
36053
40166
40675
12568
22153
23564
31189
33973
34794
7551
15837
17134
19166
24207
24230
24553
28816
31775
33141
36359
11770
14534
14717
16611
17091
17453
19333
28849
36301
36442
8662
9349
12691
15406
16175
16832
18044
19833
21554
22065
25258
29019
30878
33376
35462
37857
3259
4391
5179
8734
14182
16159
24003
24391
32818
33544
34740
3118
4956
6467
11973
14664
17469
21522
21717
23199
23928
29745
30329
31089
31392
33636
35242
36865
38868
39892
2050
6729
6883
7423
7438
11518
12625
13807
15893
21370
22442
22625
23041
29117
29226
31213
32657
33665
34945
35553
38899
4635
7241
8411
18197
19358
23127
24281
27576
31052
37664
40303
2230
8236
8933
10746
13064
15205
20260
24340
25454
29473
31778
38458
38653
39173
5755
7466
7476
13029
13749
13927
16365
19493
20244
23962
24225
25107
25345
28561
28693
35524
35808
39893
2115
3033
5673
6205
7235
8814
13363
13481
14458
15225
16373
17764
18427
19694
20681
22080
22216
22616
31229
31431
31738
34157
38124
39981
6453
6705
6863
7435
10011
10888
11246
11774
15163
15537
15714
15834
19087
19205
19375
20657
22484
22721
23024
24286
27690
28435
28729
29933
30655
31293
32748
32869
34166
34877
35142
38126
38496
38565
38600
38641
40016
40461
1275
4274
6836
6937
10223
10501
11743
12750
15621
16195
16368
17233
20205
20712
21458
23458
24828
25168
25947
28959
29247
30619
32244
34417
35164
35400
37083
37442
38674
1552
4215
5918
6826
7353
9586
9782
10323
10668
11775
13382
15253
17342
17346
17864
19174
20485
20948
21003
22614
24639
24824
25102
26175
26735
28391
28977
29300
30365
30837
32157
32415
34756
36051
38618
39586
2932
3144
3156
5299
7287
7375
8986
9240
9500
10305
10666
12013
13283
13398
13796
18746
20002
25157
25551
26344
26951
27566
27869
27882
29586
29857
30485
31086
31655
32113
33120
33638
37207
37483
39557
2040
3254
7494
9241
9873
9966
10130
10533
11059
11172
12328
13838
18789
19131
20250
22822
24018
24641
24801
25172
25683
26394
26442
26484
26494
27505
28204
28663
29181
33199
34030
34313
35046
35320
35523
35760
36105
37242
37273
38975
40764
3717
5494
5827
6865
6994
7392
8277
8934
9544
9884
10696
15630
16755
16974
17128
18037
18308
19252
19336
21271
22183
22298
23017
23280
23308
23702
23826
24057
25002
26969
27109
28077
30737
31306
32579
33258
33883
34986
36292
37516
37666
37953
38487
40435
40632
1705
2423
2781
3117
4088
4168
5019
5298
5979
6301
7467
7555
8670
9520
10390
10900
11058
11496
11507
11607
11609
12120
12241
12570
13291
15475
15541
16120
17246
17275
17427
18159
18177
18828
19628
20577
21125
21426
21965
22079
22149
22818
22823
24590
25101
25559
25632
26003
26324
26570
27261
27407
27627
28479
28560
28835
28925
29142
30233
32772
33017
33069
33073
33172
33343
33671
33899
34777
34858
36066
36271
36299
38988
39045
39160
39799
39854
39895
40252
40865
1553
2043
2775
4068
4087
5520
5536
5768
6696
7512
7883
9131
9214
10897
12230
13159
13603
14702
15724
16152
16751
16884
17470
17553
17851
18409
20357
20659
20734
20918
21166
21391
21495
23459
24135
24145
25223
25426
26301
27457
27605
28515
28806
29032
29444
31470
31858
32509
32630
33253
33458
34410
34785
35822
37175
37870
39478
40274
40279
40437
40845
1194
1597
1690
3688
4045
4201
4782
5496
5665
5973
6721
6957
8007
8080
8528
8880
9012
9030
9086
9199
10964
11064
11913
12250
13325
13549
14196
14707
15929
17357
18059
19381
19734
19877
20064
21824
21890
22040
22607
23625
23753
23979
25615
25763
26825
27087
27243
28581
28834
28933
29580
30082
30263
30339
30440
30638
30679
32603
32684
33208
33324
33929
35225
36030
37133
37377
37462
37485
37600
37995
38117
38120
38206
38465
39723
39897
40399
812
1544
1685
1764
3755
3979
4039
4482
5555
5786
6037
6251
6384
6444
6827
7117
7357
8079
8121
8421
8511
9035
9118
9161
9164
9269
9999
10149
10232
10411
11104
11106
11982
12636
13211
13503
13613
14538
14708
14927
15015
15274
15843
16350
16763
16801
19869
19958
20271
20703
21797
22055
22303
22475
22725
23203
23538
23692
24067
24073
24181
25035
26195
26585
26828
28057
29162
29185
29206
30647
31073
31892
32231
32901
33088
33556
33792
33894
34930
34948
35612
35635
35837
36561
37046
37972
38135
38521
38694
39033
39748
39832
40006
40068
40539
40959
881
1562
1662
1708
1837
2042
2816
3252
3789
4011
4023
4210
4223
4536
4651
5304
5376
5902
5996
6333
6498
6500
6501
6686
6699
6861
7152
7569
7651
7896
8028
8197
8518
8671
8974
9157
9162
9750
9767
9785
10201
10227
10228
10308
10389
10391
10475
10806
11055
11232
11384
11610
11666
11688
11987
12002
12145
12221
12372
12533
13136
13311
13527
13748
14635
14638
14649
14756
14984
16151
16154
16787
17328
17409
17461
17527
17646
17838
17879
18339
18680
18696
19088
19341
19434
19584
20122
20352
20503
20554
20612
20664
21739
22016
23572
23581
24471
24690
24729
24885
24913
25243
25647
27285
27321
28040
28245
28424
28442
28679
28838
28991
29156
29240
29598
29666
29976
30127
30207
30460
30535
30644
31653
31690
31783
31866
32253
32975
32992
33399
34752
34792
35106
35281
35337
35495
36206
36567
37055
37366
37983
38007
38520
39049
39187
39760
39781
39798
39927
39934
40017
40052
40094
40244
40318
273
1706
1714
2055
2456
2879
3436
3847
3929
4200
4312
4784
4830
5554
5566
6061
6145
6186
6187
6279
6383
7646
7769
7806
7929
8504
8520
8633
8669
8674
9073
9268
9357
10311
10375
10550
10554
10753
10931
11006
11153
11794
11849
11975
12393
13038
13194
13266
13322
13794
14163
14229
14754
15199
15476
15544
15642
16273
16870
17885
18199
18346
18358
18415
18596
18835
19176
19674
19703
20065
20318
20550
20752
21258
21384
21514
21684
21740
21880
22049
22316
22417
22500
22514
22761
23619
23790
23831
23922
24070
24177
24309
24934
25165
25173
25701
26826
27490
27590
28021
28072
28625
28707
29146
29165
29195
29668
29775
29896
30395
30472
30477
30533
30541
30656
31097
31201
31220
31225
31289
31377
31926
32484
33584
33940
33985
34171
34633
34646
34876
35009
35546
35759
35777
35901
36462
36491
37370
37987
38483
38595
38688
39282
39325
39687
39849
39958
39980
39983
39997
39999
40018
40299
40426
40540
40778
194
298
376
1202
1230
1489
2005
3511
3664
3728
3792
3841
3885
5247
5368
5907
5945
6146
6278
6419
6478
6586
6848
6963
6987
7049
7155
7275
7389
7457
7520
7630
7776
8081
8109
8223
8247
8514
8589
8676
8680
8783
9185
9491
9532
9579
9828
9830
9870
10106
10115
10191
10196
10302
10433
10494
10663
10710
10722
10789
10807
10934
10963
10971
11176
11316
11323
11413
11564
11933
12118
12387
12399
12644
12698
13225
13681
14140
14213
14318
14450
14600
14640
14696
14784
14831
15012
15195
15228
15249
15337
15408
15461
15580
15635
15822
16081
16388
16628
16873
16922
16975
17245
17593
17796
18414
18428
18890
18939
19141
19186
19441
19602
19636
20013
20316
20449
20459
20564
20568
20582
22009
22027
22033
22058
22059
22292
22305
22328
22414
22444
22645
23112
23119
23234
23596
23747
23813
23814
23862
24043
24069
24080
24094
24134
24176
24575
24602
24677
25149
25189
25195
25262
25604
25747
25965
26515
26670
26672
26769
27061
27163
27169
27305
27324
27579
27949
27956
28556
28588
28589
28618
29030
29119
29270
29581
29659
29660
29665
29871
30312
30420
30618
31098
31145
31304
31652
31867
32214
32347
32686
32776
32779
32828
32991
33106
33146
33596
33711
33712
33740
33892
33893
33895
33927
33998
34031
34052
34641
34859
34860
35151
35194
35921
36226
36399
37013
37062
37369
37461
37525
37622
37623
37701
37971
38034
38109
38116
38184
38265
38507
38768
38941
39465
39485
39486
39882
40086
40121
40160
40428
40775
40837
655
656
1182
1504
1589
1590
1687
1716
2556
2659
3228
3431
3437
3793
3886
4170
4593
4600
5166
5246
5373
5458
5702
5703
6143
6320
6321
6420
6585
6996
7054
7220
7332
7350
7397
7426
7519
7521
7649
7763
7928
7932
8248
8331
8380
8382
8383
8517
8545
8594
8664
8803
8844
8929
9036
9129
9158
9172
9200
9219
9283
9414
9519
9529
9545
9659
9674
9691
9693
9714
9829
10131
10164
10310
10332
10367
10486
10513
10685
10788
10803
10814
10817
10887
11119
11170
11204
11227
11233
11234
11256
11280
11322
11353
11653
11665
11718
11758
12014
12371
12398
12626
12694
12996
13008
13400
13737
13855
14118
14132
14134
14135
14145
14154
14155
14166
14167
14168
14319
14438
14504
14535
14544
14675
14703
14774
14794
14805
14810
14893
14978
15016
15193
15234
15374
15531
15594
16296
16342
16351
16381
16457
16458
16753
16817
17005
17654
17779
18156
18157
18161
18281
18359
18363
18453
18639
18712
18826
18925
18928
19134
19182
19188
19257
19479
19711
19903
20018
20071
20168
20251
20258
20263
20282
20353
20354
20391
20475
20483
20504
20535
20558
20561
20683
20756
20828
20914
20998
21153
21231
21496
21639
21790
21972
22054
22062
22210
22337
22400
22402
22555
22876
23020
23108
23240
23373
23417
23494
23518
23569
23585
23746
23802
24030
24088
24093
24133
24182
24212
24341
24684
24906
25036
25305
25410
25655
25660
25705
25909
26025
26381
26444
26516
26692
26770
26848
26915
26916
26955
26971
27032
27238
27239
27264
27274
27320
27391
27540
27903
28108
28163
28186
28348
28354
28502
28514
28613
28692
28837
28839
28840
28877
28892
28964
29106
29170
29186
29228
29239
29250
29251
29272
29487
29556
29645
29664
29764
29806
29962
30134
30338
30448
30521
30534
30609
30673
30706
31020
31085
31142
31148
31170
31194
31216
31379
31525
31574
31830
31832
32211
32696
32697
32802
32956
32963
32974
33004
33282
33537
33571
33587
33670
33789
33994
34271
34344
34398
34568
34644
34648
34721
34755
34767
34934
35023
35227
35321
35341
35361
35488
35498
35574
35925
35938
36035
36040
36045
36073
36283
36335
36352
36433
36438
36707
36878
36884
36891
36950
37012
37324
37376
37456
37595
37621
37697
37710
37722
37896
38003
38005
38052
38102
38118
38119
38273
38493
38619
38645
38651
38656
38799
38800
38892
38938
39283
39476
39584
39591
39669
39716
39735
39752
39855
39868
39901
40009
40110
40114
40196
40268
40285
40296
40301
40307
40313
40346
40457
40535
40537
40552
40636
40655
40658
40833
40864
40882
40983
297
299
377
378
379
657
658
1206
1485
1802
1947
2006
2353
2354
2355
2385
2551
2552
2553
2554
2555
2559
2562
2564
2566
2569
2570
3084
3090
3200
3222
3251
3260
3261
3297
3298
3432
3433
3434
3435
3687
3753
3761
3786
3843
3844
3887
4010
4022
4033
4034
4194
4214
4218
4231
4384
4385
4567
4601
4653
4721
4865
5159
5167
5432
5517
5543
5560
5674
5675
5738
5878
5919
5922
5946
5989
6273
6414
6416
6642
6697
6971
6972
6992
7153
7154
7219
7223
7254
7291
7292
7391
7393
7399
7407
7408
7417
7458
7552
7588
7590
7673
