14966
640
4538
1910
25948
17478
15683
----
27
11912
16977
17466
16859
29419
15087
14036
22069
8030
21447
4058
26013
22443
21468
18837
11152
22688
11530
29176
13950
9066
1873
29578
18884
----
1770
14941
6093
29952
5920
1702
16990
21028
1199
3701
8054
27975
25500
28626
28138
----
26444
871
12011
9110
7119
3280
4121
----
11490
20045
----
23189
11915
13495
24007
27477
----
2063
18603
6063
2830
1215
22448
29287
----
17468
8741
17834
21520
11872
18549
5642
28400
25945
29098
14553
9035
28227
----
1771
23828
13564
----
2073
25061
666
9757
----
25649
12215
18285
13306
25586
23830
18518
14943
25159
----
17924
25470
16564
27559
23179
28448
11923
1523
13523
9910
7072
----
19944
22307
14988
25530
8744
10910
17366
----
4585
----
5608
----
7419
7208
28047
15844
13503
9678
24735
----
29132
20445
----
7396
21448
23783
13615
14634
17559
22576
22765
23674
29760
19794
29385
28578
----
1867
11443
8810
436
4622
130
12274
8162
20422
----
----
----
----
12876
21141
23511
24914
10123
29171
----
11697
5164
25105
23831
26780
19162
17778
16416
5975
7048
25834
19924
16462
980
27637
14957
19445
11397
18909
----
----
----
11141
28694
4586
8221
2090
1107
18866
11091
9282
10304
9237
15431
28468
10124
29811
----
----
12763
17224
19862
4158
29286
2501
14419
16086
25145
----
10299
18547
14667
4897
28426
11738
13241
15763
23135
28075
2277
8836
19580
6157
----
26936
3881
11451
12290
22437
16634
11916
25378
10704
23466
30244
2443
----
5522
30061
3517
12059
20631
22292
----
22377
----
----
12130
12880
3876
17962
22175
28303
26427
27072
22388
----
9469
10729
13961
22332
13965
----
24133
9712
14979
16134
13174
8011
2980
18954
----
9121
22800
19167
18034
29043
28599
----
----
24665
24034
18381
164
14994
4063
4315
1788
26241
5417
9918
28779
28211
17429
10298
13240
22194
25349
23326
18117
8323
----
23289
29584
16677
17798
21827
17755
21118
30589
30513
26630
30511
18564
17977
----
16037
6292
18849
----
14996
12077
28300
27128
27070
25732
15922
9281
16592
17756
18322
29826
----
----
4931
12010
20664
5911
19824
20632
27325
19838
16046
7858
21336
21275
22018
----
----
6633
466
15923
23246
----
6828
14805
16460
11779
17455
3889
1891
4207
25572
20323
2013
4638
24995
14009
19788
4321
18076
13524
26308
5521
29157
----
----
6269
13397
417
3550
2990
2308
23990
14927
3058
27560
17224
----
14824
27291
24028
18328
4200
----
4815
8990
8743
11894
28674
14003
6827
26210
26199
21039
----
24033
3173
9508
14505
24802
8564
28660
25971
21394
27834
6284
12929
8900
8914
12748
17062
3724
15615
17801
24660
3098
27313
----
10887
28267
13379
24995
26736
18889
24779
13964
26047
26234
21498
26982
----
----
----
14794
----
1294
15891
22597
11706
8441
14040
12001
16560
1795
3983
2897
25890
29862
29150
26452
29435
14812
----
----
----
----
5557
22746
5687
5141
17048
27782
23912
4559
25347
26034
4705
2939
17283
13877
14848
24417
16415
19593
19544
10164
23832
26835
3758
27127
11671
21472
----
----
10478
5122
5779
24175
12616
28661
9808
13315
26375
15652
16318
19143
17304
26983
25995
29032
16260
28256
----
421
25533
26880
8757
8955
9739
9764
5161
11795
21801
17831
19729
17278
18480
22415
27050
1984
----
----
----
8349
5452
2981
5335
26555
8047
24014
13834
10116
25761
13199
15513
25736
27836
17263
5043
25474
20562
22727
11355
13110
19986
20662
24087
29731
2265
28841
30053
376
----
----
----
7984
----
----
6693
3516
7539
4631
13716
17384
21805
17462
18154
19129
20828
16220
16768
18886
14156
15039
17931
4368
22571
----
----
----
----
----
----
4882
16238
22240
27455
17493
15604
15109
13327
14087
30144
18816
867
20023
16799
20046
20319
21133
24695
28046
25678
26035
26225
26123
6413
27693
29450
----
----
----
----
17931
7545
2242
21257
5630
7502
2491
16241
8821
10849
10766
15818
24348
21262
3257
16085
27091
28760
29120
7401
----
----
----
----
----
----
----
----
----
----
4647
8234
8478
9701
9127
16730
9712
28825
18110
25946
14256
9940
26768
9738
29455
16057
27362
19647
20953
6708
21144
9568
30116
20626
11960
29513
27109
25051
27692
28784
28862
30699
7958
----
----
----
----
----
12440
720
9626
18623
12208
15238
16123
13795
13915
18373
11076
11966
16951
14570
23341
4196
26677
18142
24721
1354
21768
27270
18822
19145
19747
20952
16200
25236
24806
24605
24119
25624
25144
25098
24058
28595
28710
14780
29540
----
----
----
----
----
----
----
----
----
----
----
----
----
----
----
----
----
----
----
4927
6694
16651
14768
7494
7495
30537
8061
8069
720
12319
1439
28871
9392
24520
10115
10798
9551
22654
12875
13085
15903
2934
1064
23934
16320
28653
11455
16986
18667
18152
18153
18259
66
17524
23086
18994
18013
15816
24565
22745
8704
23031
24216
24197
24383
9123
24773
22907
28642
17454
2994
20512
26938
27682
26232
27400
27392
28336
28473
11698
30152
----
----
----
----
----
----
----
----
----
----
----
----
----
----
----
----
----
----
3463
4247
11188
5418
5438
7237
21487
7252
15861
4358
9794
24555
6753
10459
10897
14345
12009
7326
26722
3105
8590
13690
17766
22521
21082
10433
20148
24240
18656
17001
17007
17434
3830
16724
18404
18476
3687
9878
21939
24829
21831
24043
23984
24282
25524
3938
26030
2272
27115
27228
28031
28032
17118
29537
29663
30678
----
----
----
----
----
----
----
15393
----
----
----
----
----
----
----
----
8395
4960
8333
15467
12240
20367
24460
6423
2354
28675
21765
14820
24207
16628
9395
9396
18177
9043
3719
9773
9877
9893
9830
10902
10878
6873
8372
15391
3102
7110
16226
1551
7585
30303
5711
16064
21274
17126
17430
21945
17699
17829
3401
3660
21263
27367
19239
11910
19965
8841
22439
13757
21719
9745
2323
16084
11628
1713
24185
24260
24334
23036
25473
25475
26263
26766
26116
3018
26094
1922
27687
27176
28046
555
28423
28882
26032
29748
21018
755
15205
28446
----
----
----
----
----
----
----
----
----
----
----
----
----
----
----
----
----
----
----
----
22378
12440
5495
5509
5500
5501
2781
2308
5931
6336
7244
6541
9557
7555
5430
9288
7902
26607
16673
7344
7881
2220
2268
21125
4905
8503
8715
7114
9793
13443
11098
9468
8704
9995
9805
9945
9832
20367
10270
10418
25042
11306
19228
12385
2769
12604
12600
15794
14513
12906
16697
13135
13323
13484
13780
14051
24137
7636
22209
14858
15647
3623
17452
16329
28894
29988
17287
17288
18479
21940
28639
18045
18469
19109
29040
6777
11811
23581
23202
14262
25390
2771
18725
15417
21714
29856
22177
14779
23082
21555
24998
15010
23955
24217
24184
24224
24313
24338
3893
24525
24557
28535
26922
25036
26830
8287
25633
16234
26086
26029
26085
2251
29509
26820
26959
5637
7046
29594
27049
28080
5345
28521
16353
4296
8692
30156
13925
----
----
----
----
2227
----
----
----
----
----
----
----
----
----
----
----
----
----
----
----
----
----
----
----
----
7983
----
----
----
----
----
----
----
----
----
----
----
----
----
----
----
----
----
25773
8394
5093
3374
6696
637
5362
20243
2980
15119
5618
19332
21486
2372
7236
5175
5917
5933
7541
7542
6545
6535
7560
2860
6927
6929
16551
16553
16556
16558
6794
3499
12105
19342
6420
29379
7508
9110
15713
7442
19386
7586
8222
2921
17346
27771
12620
5072
8829
8926
8798
11394
24294
12648
13099
24560
10189
16353
30403
10193
10362
29462
14590
10642
10794
11229
12637
11678
11689
27772
27980
14650
14261
11825
11925
16629
20392
22639
12569
22649
22650
5662
12691
12692
13311
13312
28961
15500
15501
15228
16630
13281
13416
2001
21107
23027
2933
16253
21203
14327
4504
6848
13177
15280
26333
30138
21296
3437
25465
22911
21556
19733
26588
14127
16891
16893
17262
15133
17435
20804
1491
18631
18632
18630
16565
5023
16802
19241
3463
19881
24555
27947
29977
30576
20863
10286
27888
11859
3693
27390
10155
21713
25009
22521
22436
19078
2779
22642
24800
24801
5272
29863
29864
19915
23893
24286
24155
24756
24009
23940
22140
24534
24486
28534
27492
26920
18757
20457
23234
3956
25437
25450
25720
25735
26054
25755
15357
4091
26231
29394
3908
28537
17914
8047
14280
29632
27827
27599
25128
3339
27528
27405
27630
27631
27618
27818
30198
28057
28079
28056
28273
28357
28360
28475
30289
28756
29011
29034
29212
29765
22998
29371
25270
29661
29674
29694
29695
25903
4349
8005
758
30066
13353
30359
----
----
----
----
----
----
----
----
----
----
----
----
2226
----
----
----
----
----
----
----
----
----
----
----
----
----
----
----
----
----
----
----
----
----
----
15392
15396
----
----
----
----
----
----
----
----
----
----
----
----
----
----
----
----
----
----
----
----
----
----
----
----
----
----
----
----
----
----
----
8397
4753
24468
5237
4810
4811
10451
30725
25460
29463
18920
5197
5095
5096
9678
5192
18699
5257
5258
8387
8388
5442
5443
5510
5511
5543
5962
5966
23608
5675
5705
5707
5708
6135
6419
29481
21658
13821
6491
5895
5934
5559
6076
6077
6078
6079
6164
13571
29396
9885
7243
8422
6526
6296
18306
28930
20641
16550
16554
30035
7015
7022
20107
13405
28289
3605
7191
7349
7391
7392
7879
7882
2258
7516
4917
13553
24469
7417
7932
16559
12753
8371
8146
9717
1948
14530
27765
30173
16113
14572
23909
27220
8745
8719
10031
10032
10042
8824
17674
15181
5797
22664
18401
663
9166
9070
15579
9491
9492
9493
9494
9495
9498
9499
9502
9503
9504
9505
9510
9511
9513
9514
9515
9516
9517
9518
9519
9793
9779
9782
9783
9784
9755
9756
9943
9944
9997
9998
10000
9984
9990
9991
9992
10295
13074
10223
10518
10375
26354
10627
23534
23511
21464
9027
14260
11742
18624
11809
11999
12355
12356
12357
14198
24716
18124
18125
22571
22640
22641
22579
28825
12890
12879
15768
12905
779
13198
20886
13358
1520
16204
15132
13752
13795
14255
27822
23856
14052
13942
16815
16816
16817
16818
16819
16821
16822
16823
16836
16838
16839
16840
26252
15505
15546
15547
15549
15550
26975
22240
15055
14883
19714
15283
15284
23000
22727
26711
26334
15502
15503
3007
14470
22392
20750
20751
20752
26670
15658
16050
16115
28405
16322
16323
16324
16325
16326
16327
16328
18759
9759
19380
16511
16526
16593
21264
27500
19296
19297
14133
24149
16892
16894
16912
16913
29987
15415
17264
27972
11909
17706
18343
17862
17830
18313
18270
18271
18273
18418
18426
1353
16689
21933
23695
21020
16986
26059
27295
18934
23055
19337
5559
19146
27368
19236
28666
19371
19372
10335
19608
19609
20056
19705
15178
19744
19920
20157
20167
19135
26832
24000
29056
27769
24837
24838
24839
24841
24748
24749
24753
27035
5716
30713
30714
21342
21343
21344
21345
21346
21347
21086
25141
18474
14246
21253
21254
21258
21217
10285
30146
23374
16057
19915
4329
15641
25889
28599
16084
19534
22702
11240
25979
22525
25128
24809
24810
23145
23181
23182
23183
23184
23185
18832
24819
21873
5266
24044
15540
11416
18320
24147
23992
23993
24260
14507
24625
26795
27473
27491
27493
27494
27497
27498
3219
20492
7786
19896
25013
25014
25035
22226
25265
25351
25352
25353
15161
15163
27825
25684
25721
25724
25850
4217
26078
26461
26462
26470
26471
26473
26501
26502
15622
28692
26819
26821
13428
29628
29283
27096
27717
28722
18648
27428
27725
17760
27813
27814
27815
27816
27817
26699
28033
28034
28081
28085
15083
28277
28278
28282
28266
28272
28405
28484
7331
28504
4889
28546
28547
28597
29180
14211
28753
28754
28757
28920
29985
12491
26665
29149
28599
29288
20838
29487
29493
29498
29499
29565
21039
29648
29649
29650
19390
29828
29813
29814
29816
29817
29917
29924
20770
4296
30215
30287
30283
30600
24137
30765
30766
30767
----
----
----
----
----
----
----
----
----
----
----
----
----
----
----
----
----
----
----
----
----
----
----
----
----
----
----
----
----
----
----
----
----
----
----
----
----
----
----
----
----
----
----
----
----
----
----
----
----
----
----
----
----
----
----
----
----
----
----
----
----
----
----
----
----
----
----
----
----
----
----
----
----
----
----
----
----
----
----
----
----
----
----
----
----
----
----
----
----
----
----
----
----
----
----
----
----
----
----
----
----
----
----
----
----
----
----
----
----
----
----
----
----
----
----
----
----
----
----
----
----
----
----
----
----
----
----
----
----
----
----
----
----
----
----
----
----
----
----
----
----
----
----
----
----
----
----
----
----
----
----
----
----
----
----
----
----
----
----
----
----
----
----
----
----
----
----
----
----
----
----
----
----
----
----
----
----
----
----
----
----
----
----
----
----
----
----
----
----
----
----
----
----
----
----
