52436
35531
33300
14974
25727
39475
56112
41083
27909
56799
6938
57542
7085
32247
58080
39111
56334
39133
39073
19670
30711
31170
34614
31039
58147
50080
57008
56062
56458
30090
9582
39423
56699
52462
12793
54462
4461
14565
19547
12735
16586
55949
23316
56393
56097
28730
57674
13939
24488
48082
38267
25171
23024
54187
53377
42910
57752
33796
42465
53522
41010
23596
25681
47499
18068
18006
26946
54694
18034
57007
54214
24633
37137
54878
34949
46418
10150
36291
44849
25595
11083
58121
30002
24618
23788
56949
47827
45093
19145
51346
3065
19808
10236
44056
36301
31918
41430
52966
8691
15495
57481
7618
44350
39116
39925
57754
53501
49690
42861
53172
43406
47172
9820
16698
46917
18441
54922
57919
45499
7803
33992
57479
6042
19195
50112
54044
22383
44990
53634
54006
26928
7166
12620
54591
30061
33704
37014
13350
30358
24698
29251
37025
22142
16989
48125
25105
18265
40920
57799
42925
44874
42066
2392
20532
39896
43314
45857
47062
38831
49628
17053
39086
34919
35464
27431
6870
4101
37659
48769
22684
60
57015
52805
53194
57836
13109
28448
55826
16794
53497
4409
27632
39705
49932
25967
15538
10089
55738
55446
27029
45239
5204
19155
36458
44973
38490
26689
56139
20845
39780
40878
52679
45593
32887
37080
36381
50784
31939
25039
39097
49030
22370
42763
57852
37852
18134
8226
18804
22375
26539
43874
27298
42881
34184
37734
57427
24165
12931
56059
5212
27463
30352
39337
22719
38654
52275
53334
32691
16378
16857
19023
31806
56993
21217
15611
42289
28666
47549
13113
30347
23330
4431
37392
20483
55130
2071
12833
38779
133
16047
25294
43348
53495
3155
18385
55067
20425
52904
12455
31007
31568
52887
18999
13234
5783
39606
56705
2880
5949
15322
45236
56748
11362
13511
48015
53023
19040
40714
42690
44121
22337
34079
22514
5932
13269
20744
30414
45575
18671
46112
52312
4469
39355
50034
26120
39080
39100
56295
45175
2214
19934
16049
19529
51454
2589
9902
26787
28484
30798
34400
41805
43676
47764
22285
29432
43435
46145
49418
9828
17910
55561
57133
31751
50240
58020
11229
35515
49788
57974
11790
25430
32710
40262
41856
44848
5145
31894
47761
4030
21432
28152
35759
42287
42339
6783
35777
39561
46057
48651
54470
23957
25627
29430
32440
41837
43329
5473
32250
41096
2074
10816
10935
12634
16927
18222
20162
5461
10613
22824
13388
24065
24697
26666
28009
36034
43654
55855
7944
9222
19212
25413
40622
52461
57242
10824
28411
32779
43215
50926
8087
16048
17904
30559
32106
36974
37862
42225
22985
25573
44692
44967
53542
11298
28913
29088
38284
43610
19572
27939
30611
44303
57689
50244
16016
18437
23369
50562
17837
36143
42520
49980
55559
13551
20036
26301
29819
35931
10677
12476
14640
14665
19799
20270
29649
37925
49439
4736
6237
8083
10853
16080
21598
41180
50399
9799
9919
55314
4419
12994
13277
13619
35706
47715
10333
17928
32377
35177
38938
40404
51426
15004
24687
24770
28048
28634
28734
29114
29252
30546
31748
40814
57169
2384
2839
4109
20843
26950
52482
56682
57004
8573
10973
16291
24748
28491
36981
39229
43997
51071
19187
26010
36373
39906
40338
54815
54901
13692
17210
22664
24124
29580
31558
34721
43336
48909
15422
18051
20502
21695
25619
41477
51418
57398
5579
12590
22440
23976
24214
24658
32499
37267
270
357
12427
16160
17836
22848
24282
37184
45347
53744
54697
56478
3172
7754
15732
17418
20457
24016
24510
42871
49211
11458
24170
25380
28362
32479
36392
44196
47550
48121
51007
4427
6305
15647
17778
31295
31484
39130
40668
45746
48687
54638
5670
7115
10277
14580
38041
45035
47322
48303
55011
5941
11421
13192
13938
19288
20562
29123
30011
32648
32917
45374
52457
53304
3571
5096
20990
29860
30675
33057
46219
52205
57419
1420
12546
25545
44429
44459
47298
47532
50032
55058
56924
6019
8299
16189
25767
26083
31758
34571
37902
41825
42248
43882
50297
50413
3039
5612
13050
16693
16836
24383
38691
41149
48636
48764
50487
56760
6973
7845
9390
11359
13196
16865
21368
26024
31212
35022
39091
44682
51622
52280
10205
10267
10617
21673
22072
24125
28885
29698
29766
30175
30253
30380
32195
36896
39907
41177
46912
55064
5682
10631
12046
20580
21191
24487
28684
31258
32357
34393
35217
38320
40089
44530
45026
45487
49343
49653
50711
53781
55772
57014
1859
3470
6619
9896
13086
14425
14462
15673
19768
20762
20832
22659
23394
28365
31032
32987
36378
36729
37737
43691
46322
47942
48479
48650
50203
55419
56518
56936
8999
10741
16846
21244
24538
26800
29209
29662
35824
36280
39144
40360
40995
41278
42610
44139
46421
47606
53354
54260
54298
55667
791
8923
10231
10871
13404
15881
26810
27251
27538
28688
28853
31540
33728
36895
41110
42355
44481
44527
44620
44686
45764
49009
49483
52751
55677
55993
56609
57438
2874
5332
6244
6272
7922
8147
10551
13142
13930
14500
16208
18957
21445
27248
27380
28878
31705
34115
38758
40654
41782
47605
49524
49829
50420
52631
54664
56505
3134
3901
4940
12032
12853
14641
15662
15942
24981
27101
27267
27728
28499
28921
29848
30060
30444
33543
34963
36689
37452
38970
39413
40260
43815
44603
46009
46944
47160
50653
53490
53655
54854
55084
55347
55358
55618
55840
57293
2940
5358
5571
6849
8566
9079
9299
10266
16231
16357
16868
17021
17515
22565
22927
23921
27141
27151
28108
29047
29603
30580
30593
31373
31502
32196
34535
34550
35895
36380
36484
41405
42631
44840
45073
49194
49684
52404
54998
55289
55328
56789
57000
558
4099
7835
7983
8703
9346
10041
10778
11925
13217
14540
15967
16218
18358
20846
24194
28492
28841
29050
29562
30263
31294
31718
31959
32769
36035
38011
39298
42123
44373
44925
45188
45671
46756
47027
47205
47388
47659
48009
49141
50459
52045
52556
53519
53828
56883
3790
3892
5685
5958
9453
9924
11080
13534
13774
14134
15351
15771
16252
16425
17777
19873
20623
24143
24508
27128
27201
27246
28390
31501
31606
32864
33737
36671
36913
37124
38433
42121
42696
43616
44302
45932
46110
46334
46559
47469
47533
48978
49544
49740
50409
50581
53206
53665
54385
55839
56605
56891
1035
1118
1665
2130
3454
7894
8201
9897
10872
11461
12517
13707
14123
15292
16036
17054
18112
19524
19626
21221
22566
22900
23001
23162
23245
25809
26763
27244
27717
28188
28519
28873
30020
31769
31772
34249
35705
36221
37033
38463
38871
40855
41255
42334
42426
43381
45303
45625
46148
46188
48334
48360
48505
48543
49435
49733
50133
50216
50675
50691
50746
51803
52221
52775
53029
53639
53836
53936
54315
55153
55775
55998
56291
56492
56656
57211
57416
2988
3891
4994
4997
5574
5987
6952
7949
9631
10302
10571
13156
13369
13812
14581
14605
14607
14628
15849
16053
16191
16981
17435
17945
18245
18825
20782
20963
24492
27756
28417
28550
29039
29702
31513
31743
33304
34369
36658
37832
37883
38493
39095
39267
41307
41916
42172
42212
43591
43862
43943
44414
44975
45224
45234
45769
46055
46065
47211
48203
48622
49427
49924
50042
50170
50187
50201
51113
51484
51859
52333
52394
52493
53207
53776
54520
55439
55847
57112
57385
4405
4737
4888
6314
6582
6591
7690
8202
12702
13036
13072
13624
14447
15644
16095
16107
16217
16245
16686
16847
17049
17076
18095
19091
20484
20624
21240
22321
23086
23300
24344
24499
25112
26074
26442
27142
29418
29880
29996
30063
30534
33781
33830
33903
33922
34412
34716
35046
35124
36016
36353
36694
36703
37109
37135
37333
39610
40481
40570
41791
42729
43429
44412
44438
45086
46407
46428
46694
46796
46993
47491
49818
51456
53221
54121
54415
54908
54936
55357
55645
55748
55778
56723
57161
1193
2249
2865
3800
4453
4858
5605
5620
5806
5936
5937
6072
6299
6469
6498
6526
6789
7576
7971
8531
10239
10342
10472
10600
10681
10742
11427
12439
13529
13547
14434
14587
14961
15082
15291
15773
15915
16182
16193
16467
16863
17173
17249
17950
20127
21000
22563
22756
24118
24680
25350
26464
26722
27525
28125
28431
28939
29415
29896
30078
30892
32379
32906
33160
34240
34950
35402
36050
36655
37217
37334
38054
39249
40098
41807
41827
42616
43167
43444
43479
43885
43991
44559
46804
46906
47113
47220
47500
47588
48321
48656
50643
50867
51087
51578
52105
55298
55345
55346
55430
55688
55689
55706
55774
55794
56466
56647
56684
57667
278
1718
2851
3815
3874
4465
4666
4884
5205
5209
5664
5680
6004
7008
8353
9342
9584
9616
9617
10127
10198
10238
10598
10660
10675
10776
10814
10904
11186
11258
11270
11450
12277
12727
12850
13055
13436
13503
13682
13950
13956
14187
14570
15347
16236
16748
17250
17498
18670
18689
18876
19002
19016
19677
20248
20380
20750
21537
22543
23133
23176
23546
23772
24660
24774
24855
24885
25366
25516
25781
25889
26393
26447
26641
26752
27072
27132
27335
27337
27857
28202
28788
28825
29435
30047
30258
30306
30331
30595
30670
30877
30907
31588
31651
32058
32167
32294
32413
32456
33049
34292
34732
35091
35810
36686
36767
37543
37782
38478
38622
39237
39611
39703
40077
40296
41179
42028
42335
42422
42423
43036
43041
43612
44349
45089
45486
46058
46404
46660
47266
47516
47525
47554
47780
47985
48269
48320
48679
48690
49372
49671
50732
50896
52825
53195
53459
53543
54383
54655
55679
55762
55781
56314
56499
56515
56563
56695
56776
57208
58141
1051
2191
2846
2903
3130
3159
3176
3543
4835
4843
5208
5232
5583
5634
5641
5765
6038
6683
7242
7427
7542
8211
8508
8619
8766
8944
9073
9244
9302
9449
9754
9864
10126
10250
11593
12127
12176
12210
12598
12602
12722
12779
12991
12998
13208
13526
13544
13545
13563
13794
13847
13919
14656
14667
14688
14811
14814
14983
14986
15041
15139
15522
15721
15809
16240
16684
16695
16723
17050
17230
17333
18100
18117
18175
19118
20271
20328
20567
20900
21583
22045
22567
22936
24103
24297
24509
24607
24662
24944
24974
24982
25179
25210
26141
26238
26309
26322
26415
26775
27123
27290
28142
28392
28857
29078
29179
29420
29683
29746
29882
29892
30535
30627
30753
31050
31085
31768
32088
32406
32477
32645
32714
33403
33421
33860
33884
34047
34132
34225
34359
34650
34781
34820
35592
35632
35802
35865
36368
36371
36372
36564
36632
37436
37641
37939
37996
38468
39090
39093
39124
39273
39311
40989
41880
42207
42632
42809
44076
44343
44688
45025
45253
45687
45761
45981
45988
46358
46367
46491
46515
46760
46812
47117
47501
47502
47579
47943
48024
48302
48830
49096
49497
49771
49816
49944
50076
50433
50447
50620
50793
50894
50967
51406
51575
52073
52216
52520
52854
53205
53298
53481
53547
53606
54361
54529
55117
55322
55468
55637
55850
55967
56035
56214
56655
56717
56754
56785
56887
56912
57292
57334
57358
58117
279
2220
2899
3749
4454
4665
4668
5016
5554
5637
5671
6003
6051
6364
6539
7797
7967
8052
8095
8199
8279
8532
8806
8836
8966
8967
9229
9305
10112
10114
10117
10128
10129
10191
10243
10291
10473
10489
10550
10642
10706
10721
10723
10724
10758
10759
10782
10827
10976
11010
11262
11269
11348
11391
11395
11661
11727
12035
12092
12257
12280
12438
12539
12554
12597
12903
13165
13377
13402
13562
13600
13676
13807
13962
14663
14959
15279
15289
15295
15465
15994
15995
16184
16200
16241
16349
16553
16554
16632
16812
16873
17004
17014
17019
17256
17324
17360
17520
17752
18118
18215
18278
18821
18860
19003
19011
19073
19324
19679
19681
19722
20222
20329
20751
20761
21366
22078
22261
23117
23481
23593
23747
24044
24399
24451
24540
24546
24970
25030
25500
26153
26165
26318
26345
26538
26707
27286
27336
27778
28046
28137
28175
28176
28428
28815
28817
28831
28832
29090
29100
29111
29133
29246
29247
29293
29675
29876
30260
30518
30674
30778
31070
31173
31174
31309
31712
32457
32781
32860
33098
33641
33686
33716
33895
33905
33921
33924
34130
34227
34248
34632
35098
35135
35150
35176
35454
35747
35893
36269
36332
36366
36430
36537
36757
36935
36972
37275
37453
37658
37711
38110
38179
38441
38995
39122
39921
40126
40129
40133
40385
40513
40660
40796
42029
42031
42127
42137
42238
42397
42726
42728
43005
43037
43438
43546
43863
43971
44167
44181
44415
44424
44525
45132
45550
45570
45571
45686
45771
45774
46054
46315
46348
46357
46546
46689
46834
47219
47223
47490
47528
47824
47922
48204
48525
48526
48607
48614
48889
49064
49144
49236
49280
49389
49739
49746
49876
50131
50180
50432
50765
51006
51486
51582
51635
51705
52098
52143
52144
52851
52883
52884
53222
53240
54102
54451
54491
54507
54514
54530
54547
55055
55311
55400
55506
55547
55551
55623
55752
55764
55777
55809
55841
55844
55865
56404
56439
56533
56678
56729
56740
56791
57237
57335
57362
57422
57456
1450
2018
2112
2702
2703
3036
3626
3875
3912
4174
4255
4408
4855
5014
5578
5584
5599
5602
5799
5807
5926
6236
6310
6382
6470
6496
6673
6694
6943
6953
7636
7850
7937
7966
8048
8051
8145
8274
8443
8563
8594
8622
8853
8858
8892
9199
9274
9301
9337
9585
9798
9821
10091
10113
10195
10552
10644
11161
11260
11271
11282
11480
11522
11658
11726
11772
11915
12123
12124
12209
12230
12242
12243
12289
12448
12609
12616
12633
12771
12772
12807
12961
12966
12980
12981
13000
13082
13083
13097
13105
13125
13140
13144
13159
13199
13214
13224
13236
13403
13408
13419
13498
13803
13837
13861
13948
13995
14151
14553
14555
14720
14767
14812
14975
15122
15288
15370
15401
15612
15637
15679
15908
16035
16290
16335
16346
16452
16683
16803
16850
17017
17033
17143
17144
17332
17432
17871
17872
17873
17934
17994
17995
18104
18419
18686
18826
18877
19131
19445
19575
19598
19678
19685
19721
19726
19851
19857
20080
20101
20143
20144
20247
20249
20408
20847
21578
21594
21833
22129
22276
22408
22414
22544
22841
22854
23043
23118
23221
23333
23799
23996
24042
24045
24053
24059
24108
24271
24272
24298
24354
24450
24517
24556
24571
24632
24872
24888
24904
24951
25144
25226
25263
25397
25511
25522
25628
25782
25783
25794
25802
25955
26138
26152
26162
26370
26391
26599
26712
26757
26772
26802
27019
27122
27135
27257
27332
27363
27407
27470
27476
27511
27512
27722
27723
28177
28359
28360
28412
28490
28603
28652
28712
28793
28802
28803
28804
28805
28816
28819
28820
28887
28953
28956
28958
28987
29015
29101
29582
29745
29747
29754
29779
29867
30059
30074
30075
30332
30390
30409
30410
30411
30551
30655
31009
31062
31552
31569
31742
32165
32281
32301
32303
32436
32462
32621
32756
32757
32876
32922
33183
33212
33361
33710
33863
33866
33872
33875
33893
33900
33906
33911
33981
34403
34725
34735
34744
34768
34962
34965
35021
35023
35081
35105
35149
35537
35539
35612
35745
35788
35799
35801
35813
35918
36051
36073
36149
36328
36356
36370
36536
36556
36588
36598
36723
36795
36897
36931
36940
36941
36990
37058
37059
37279
37300
37320
37321
37332
37495
37539
37709
37800
37801
37998
38001
38010
38023
38053
38129
38201
38764
38934
39024
39027
39139
39140
39272
39674
40026
40127
40130
40277
40278
40297
40320
40555
40915
40997
41139
41850
42037
42133
42146
42208
42217
42218
42219
42222
42320
42364
42421
42680
42725
42727
43042
43058
43077
43425
43442
43446
43585
43594
43604
43983
44030
44308
44372
44457
44469
44669
44693
44857
44880
45123
46007
46032
46429
46500
46601
46647
46802
46803
46835
46904
47082
47367
47556
47658
48139
48396
48397
48897
49034
49061
49075
49094
49171
49243
49379
49387
49388
49451
49460
49508
49534
49625
49772
49774
49825
49870
49877
49950
50058
50072
50073
50132
50183
50615
50618
50633
50635
50868
50897
51073
51080
51154
51272
51358
51361
51367
51422
51783
52013
52271
52495
52519
52599
52761
52831
52832
52909
53126
53180
53313
53380
53385
53420
53424
53681
53774
53778
53800
54263
54522
54615
55294
55295
55330
55412
55422
55641
55727
55728
55737
55746
55751
55756
55798
55799
55800
55812
55823
55825
55852
55971
55999
56041
56151
56345
56392
56493
56506
56636
56640
56646
56746
56854
56857
56865
56892
56938
57347
57364
57497
57783
58113
58122
58138
58154
1273
1551
2208
2209
2267
2388
2389
2400
2873
2875
2882
2883
2898
2900
2902
2943
3035
3154
3580
3614
3876
4270
4407
4418
4832
4927
4928
4980
5213
5455
5569
5642
5663
5669
5689
5784
5785
5786
5797
5798
5919
5920
5921
5922
5923
5924
5931
5983
6341
6354
6466
6507
6678
6916
6917
6936
6940
6942
6949
7093
7613
7614
8032
8044
8053
8057
8058
8143
8144
8300
8445
8453
8524
8525
8583
8848
8852
8907
9090
9224
9226
9227
9230
9473
9474
9524
9763
9764
9765
9768
9769
9770
9894
9901
9904
10095
10130
10176
10193
10199
10202
10226
10290
10421
10573
10626
10684
10725
10726
10985
10986
10987
10989
11082
11188
11255
11259
11267
11419
