39713
42980
34609
40271
11961
37057
42554
16592
9294
25913
28267
32979
42475
22867
27359
10486
22134
31767
33629
39166
1616
4225
18866
21259
29045
42382
30216
31917
43957
971
18729
36870
24720
36522
6988
31163
40186
29552
15887
42415
2891
40965
25811
24931
10844
9444
42396
26730
18157
5175
41626
37009
40321
41868
42603
8048
42493
8252
30930
41271
41477
30118
17951
23188
27918
11783
4648
41552
12912
4647
14934
41746
17178
30562
32858
26751
32980
26999
42750
8473
6351
37832
9031
25463
27370
40948
7174
42802
42716
38388
30217
11641
37385
2892
43294
19399
30918
37501
39860
43620
31061
37592
34509
33200
10068
18654
7656
34160
15403
42093
41527
33740
9639
17455
24243
2843
40338
29488
28231
69
42614
40755
10846
12071
33520
22850
24230
18893
37010
6467
11891
2983
17200
14181
21313
19779
12073
30022
32498
34713
9040
4051
5176
18059
12409
7245
40291
41019
41364
32559
41908
16033
22021
8005
8016
40928
34412
8334
41663
42588
10331
26457
22666
4304
21222
27681
8041
38306
42842
41249
43252
8374
40838
41947
3460
19410
23082
23974
42000
43195
18354
36109
3789
10598
27528
36541
38447
6083
26200
32552
29429
38829
6977
25830
27821
36936
40730
11813
27814
42973
43346
7706
13340
15146
32537
41576
13341
7259
12547
32523
9129
11890
10713
8638
11962
22866
25836
36852
9880
14974
35051
43113
5809
6035
10317
8450
29269
32348
15681
24781
10799
16312
16651
31402
1862
25879
32888
35683
1322
3567
15809
27358
10736
30169
36064
8042
19690
26993
33929
40158
5150
7233
7701
8832
19922
31557
37412
42119
10324
10940
31937
35091
37410
40972
3278
4567
18304
19623
22083
32206
37113
13858
16876
18726
19662
23182
25634
26406
34148
41556
11439
16241
22435
33125
7066
21654
23066
27646
36345
39775
41877
42822
7692
30561
36305
36983
41268
42927
2300
5469
9421
9497
19978
32016
41830
22618
23217
36499
39299
1295
20740
24782
25802
29489
31376
41959
5821
8759
20898
22126
33481
39254
41735
42524
42831
8021
33074
38242
6087
8096
18783
24446
24985
27144
42021
1310
3026
8248
11002
14756
17789
29483
29702
33710
35010
35152
41975
5808
20720
27143
30745
34141
35076
35129
36500
37044
2457
2890
4730
15680
19952
21636
26941
41925
42548
3701
5822
5849
6372
6488
8592
11217
11889
17783
24035
26711
27603
32729
36601
37058
37118
38058
39548
40297
41859
42632
956
6878
6879
9021
9169
17357
19959
20369
22663
23124
23820
23998
34195
35598
36544
36555
37196
42545
3640
7450
8011
11449
11923
13452
14099
17569
17851
26218
30986
36988
39591
40312
41506
2851
5309
9878
20650
23101
24033
33044
34495
39497
40085
1396
3084
3700
5932
7416
8002
9879
13966
15142
18653
19661
20528
24014
24328
24977
29263
29267
30820
31896
32233
34469
34715
36650
39915
1276
2620
2624
2929
4288
4415
5888
6151
7097
8721
10968
16041
17970
19918
22284
24378
25638
27538
27539
31777
32241
32453
32540
33073
34999
36031
36475
39532
42726
42761
5214
6331
7132
7775
8581
9159
9219
13367
17348
17567
18763
19094
19797
19967
23102
24234
24563
26410
30747
31211
31377
31795
32511
33431
36096
36368
39092
41439
41931
42735
42780
43112
3703
4376
6082
8010
8047
8112
8220
8654
9422
11352
11730
19439
19651
20304
20637
21565
22219
22768
26712
32529
34079
34498
36519
37018
39303
42543
42596
43301
1832
2013
2844
5470
5559
5657
6152
7553
8018
8153
9073
9435
9846
9963
11091
12072
12286
12595
13874
13994
16014
16238
16882
18325
18542
20719
21104
21379
22215
22443
22539
23649
23997
24030
27473
28289
29260
29383
30743
30746
31212
31873
32710
34063
35131
36299
36477
37145
37742
39867
40308
41731
41989
42001
42679
42686
42857
2153
2860
2867
2917
3459
5166
6043
6299
8014
8064
8126
8152
9311
9597
9875
9919
10809
11150
11284
13039
13395
16883
16922
17949
20038
20063
20391
20408
21233
23125
24005
24026
24098
25567
25764
26245
26600
27289
27290
28063
29278
31542
32086
33051
33947
34078
34099
35974
36125
36291
36901
37155
37733
38382
39615
40861
41549
41550
41618
41829
42870
43300
43302
43549
43967
44004
1304
2857
3000
3790
4062
5168
5812
6298
7118
7312
7393
8013
8141
8235
9209
9298
9434
10058
10981
10998
11092
11198
12411
13115
13116
13270
13967
16428
16429
19093
20718
21105
21199
21234
22282
22808
22815
22816
24018
24031
24233
24391
25029
28412
29262
29274
29282
30748
30749
30761
30987
32707
33430
33512
33585
33828
34494
34749
35642
36011
36902
37232
37500
38099
38381
40180
40940
41331
41637
41820
41857
41904
41955
41972
41974
41994
42015
42629
42866
43127
43680
1450
3077
3571
4087
4531
6301
6619
7409
7948
8040
8053
8114
8432
8551
8629
9137
9297
9327
9847
10378
10982
11347
11445
11740
11741
13017
13153
14498
16240
16510
16689
16921
17347
17358
17781
18141
18598
18600
19819
20033
20554
20638
20897
21227
21235
22400
22813
23015
23987
24003
24011
24037
24347
25037
25765
26201
26453
26549
26714
26721
26963
26964
26967
27007
27046
29271
30488
31772
32177
32522
32558
32596
32883
33169
33587
33588
33599
34259
34350
34351
34452
34463
35663
35754
35759
36117
36428
36434
36438
36661
37193
37721
37826
38167
38244
38391
39195
39547
40068
40313
40605
40907
40926
41285
41548
41572
41633
41640
41671
41945
41971
41993
42002
42009
42144
42145
42527
42542
42594
42698
42891
42949
42974
1305
2839
3075
3078
3079
3087
3687
6487
6690
