----
19591
28085
1388
3979
9873
38107
1612
11374
45465
30289
11338
14593
16598
8498
35472
14108
41756
13129
44022
37121
37007
24195
3941
37415
14345
22464
19573
24017
7296
----
32785
34056
44171
16785
35112
20714
13941
6156
6926
20400
44326
33471
----
36695
44387
28670
41318
659
45681
3194
37779
36702
15093
32433
20404
26616
14544
334
20465
----
12108
2927
40607
3594
7918
14186
4773
29899
----
24263
40209
42575
7653
18861
11318
7603
----
28320
23043
2996
31632
30663
17436
29848
39621
26759
8602
44275
33498
4551
22194
----
45149
2631
37171
----
18890
4959
5883
44850
35823
560
15519
35539
2294
563
14836
31778
26203
9927
7326
36122
32657
32718
30502
24212
24746
5420
26558
----
39803
----
25677
5591
43118
6940
19337
28221
9880
31896
38262
14364
8311
----
12289
34762
23698
13929
27137
25348
10047
----
17351
12680
38705
44491
----
15679
13855
8678
31539
37584
34683
23795
29204
----
44935
44388
29804
34852
28905
19800
3261
46073
7743
----
23782
----
23213
4356
21014
29842
2199
42329
24473
2814
39064
40497
----
19235
44612
----
28505
622
----
29798
40469
29568
----
15549
33655
27730
20442
30139
38923
45392
8823
11931
22419
11212
6162
----
----
23293
41323
----
1104
44311
43962
41090
31296
36103
----
32441
----
----
18033
12581
46088
13838
34131
9981
5861
42974
27436
23535
29818
----
27392
36878
16567
6402
----
2953
----
2404
40743
----
10765
24175
35698
43796
23413
34671
28842
195
38203
43315
27374
27592
8006
42091
31839
----
41657
44575
29992
25872
36887
40826
45077
17342
30919
31032
----
40397
18736
9442
20898
33085
31863
31428
21986
41366
37365
39353
37852
21069
----
28744
9344
44337
21912
22202
30041
45103
39838
42469
12232
----
10810
37054
17106
----
10253
26997
29029
36596
43706
2358
13431
8069
15850
44318
27781
36729
----
32334
22912
15143
6111
8003
21059
9081
37238
38349
8529
20222
28056
10729
----
39321
4923
20141
28143
32905
----
22962
30862
32485
----
17005
43567
26606
37917
44549
----
8897
32445
40964
5592
12863
43513
41414
----
3362
27658
37218
4270
39872
42364
27292
16394
41502
34134
24164
36565
----
----
43521
25750
9477
11981
32283
39889
44173
----
----
----
10675
44762
44288
42671
3705
43087
15627
27120
25697
33110
7563
----
9285
15128
26747
25708
37537
4413
----
15568
16146
26213
29549
21983
34330
31562
8566
35573
----
46123
12298
10379
34414
17878
4543
36911
----
----
18153
41149
35267
37440
41685
24419
13480
----
30981
15089
31753
24681
25411
25818
38148
33900
37070
41728
18866
16216
45007
11442
----
22339
37183
21948
41463
30044
23742
21712
40182
3679
26321
9251
36478
27505
33919
12902
42647
7289
44409
----
7488
13015
21759
41302
----
43442
2380
20697
32751
6857
18239
9825
9963
35895
----
----
39263
25395
25261
32498
33985
41113
----
----
----
----
36333
9883
9818
46278
11918
16725
25815
41577
33337
11362
36614
10977
42368
40141
21677
45262
----
----
----
35507
30669
21210
14239
26046
1613
38076
42916
8333
43491
----
9847
28852
44319
13194
1683
30363
23164
24563
28345
10603
38922
----
----
----
----
10426
23465
45216
16658
18092
16684
21541
21322
45279
4152
33951
35051
38029
36995
29097
44391
----
----
9545
9720
6772
1113
34406
6782
27739
42667
34797
30836
26540
4739
41652
44315
11090
----
9530
44068
11989
26328
15375
18125
18233
9032
19493
34966
37700
39151
40596
12234
8563
8698
45153
10883
14178
18117
17588
19250
29886
12048
6543
19498
9251
16205
39218
32772
11829
40123
40700
38362
38275
----
----
10235
15044
11045
14690
22309
4950
10448
27762
35928
41224
8764
46004
46038
9759
19447
1508
15509
14650
20521
13672
43607
34474
14329
34358
40538
8526
34782
34853
7891
3415
44264
38830
44317
----
----
----
----
----
1808
40387
12549
19799
8715
10783
40654
27358
15286
20237
17590
23802
22841
6281
6060
25357
26098
15046
40909
13299
8317
20793
4243
7694
33026
36918
11778
40486
42984
6625
44121
43289
----
----
----
----
----
34947
10516
11028
12659
11399
28831
45473
41574
18013
14872
34188
16851
27579
20983
29797
32294
32024
17586
34844
30709
36020
39128
32882
38731
26371
44434
4387
----
----
----
10676
9346
27382
2334
42061
5320
15226
29056
18979
37218
14380
19847
25721
42793
37916
39370
30170
20530
32488
34222
44746
36262
8659
35039
31316
28319
24422
37638
30690
----
----
----
----
----
----
11166
23263
45066
12631
12983
16645
16652
38645
14338
17275
18977
23070
19505
43106
20068
25504
26099
36449
32090
32188
26919
23517
32035
19602
30593
33742
32795
35636
35063
35139
18799
26585
43975
----
----
----
----
----
----
----
----
----
----
----
5073
24436
11834
10049
13880
44102
17881
25789
20995
28110
30284
26766
27465
27089
17681
11729
15520
5889
34729
35155
10407
44762
24835
45752
7813
44261
3025
40473
25400
43274
45546
20325
42298
8801
21927
45889
----
----
----
----
----
----
----
9096
10428
12593
15750
4324
25309
16694
17884
18119
18235
18010
45094
35259
23472
38094
3728
39663
21660
6862
22710
4029
29291
24173
44657
12820
26328
24381
33589
36840
11599
39166
44785
9031
41580
33652
24898
----
----
----
----
----
14693
41775
44675
32581
6110
37332
10678
19601
15160
15246
43669
19147
29640
17708
20267
33875
36528
26147
25965
26819
15877
32343
33397
12695
36735
34329
42554
34734
38115
8404
11673
40707
42944
38499
32074
3352
44097
44582
----
----
----
----
----
----
----
----
----
----
----
10184
36570
45236
8831
3253
13281
15767
15439
45004
23643
18089
19709
36688
34116
44359
27250
27016
20979
44397
20964
29375
31920
45173
13198
35897
20898
31745
44650
34369
37456
37268
40419
37668
4488
38153
40065
44766
39937
36734
4672
42461
42536
36090
45032
43506
44145
46125
----
----
----
----
----
----
----
----
----
----
----
19795
9531
10736
12486
44848
13882
21259
42234
15400
15227
18340
2665
21220
20456
10329
9111
1981
32968
39501
25130
24146
32542
5937
39349
26033
17715
35167
28878
24556
8239
36631
28566
11868
34486
33211
36909
28870
3008
20968
36004
37287
37439
38375
31264
38461
9031
20854
40124
33280
38511
23679
43843
44043
12796
45384
----
----
----
----
----
----
----
----
----
----
----
26615
11081
8752
11658
22267
17475
33102
18011
40638
26636
27174
21824
23528
22092
24922
22393
6963
6938
27544
32444
28239
33210
28918
20614
35157
33950
35904
31577
32483
7468
1352
31550
44931
19517
39450
41022
39650
41489
25394
42651
29163
45209
44655
25242
----
----
----
----
----
----
----
----
7540
24556
8447
37000
37803
15956
10944
35304
25169
26165
18533
36513
24723
14669
19073
18599
18060
1346
19652
21793
22556
22053
34482
10844
44204
35090
24755
3605
36922
41455
31380
44190
26685
43224
40415
39426
39079
28147
28564
4114
22756
31421
7075
7396
32358
44973
18628
28467
33699
34649
34843
35049
35135
35682
40482
8137
36482
20487
37639
42727
37302
25368
37836
42166
10831
38311
35925
42818
4570
40927
39269
33088
43439
43946
43549
44411
44621
44724
20909
----
----
----
----
----
----
----
----
----
----
----
----
----
----
----
----
----
----
----
----
43582
37304
9234
44439
20355
9629
9541
44144
1967
28396
10392
9725
41795
14163
44957
18538
24177
17259
26406
18123
18609
19263
19722
42734
39807
36871
20551
14495
22687
15659
45946
25300
34350
43901
31452
30220
21607
36982
26225
933
25329
4529
27413
27751
29538
44281
32587
33362
26757
30547
25714
45403
31914
32802
28496
25319
8813
30206
36179
27494
30960
23208
37835
38524
23760
38924
45122
4544
42210
43499
40016
24104
42928
42932
40890
41317
31072
44949
4116
28387
26916
40694
41261
40349
43360
5955
----
----
----
----
----
----
----
----
----
----
----
----
----
10653
----
----
----
----
----
----
----
----
15262
9128
9716
9657
9231
17940
28116
9902
9494
9930
19896
9968
3190
28407
5003
11722
38034
23896
8721
11053
36478
12389
11464
34540
45253
22692
22695
5285
14147
20909
35983
38758
16659
16693
26101
17891
13746
18228
26620
39019
3240
22964
18801
29928
8749
19114
24160
26856
44718
26360
44083
39086
22589
22715
30463
38565
22753
35899
36655
18594
31100
6865
23264
42927
42234
20185
23516
46248
12839
34449
39057
25725
26144
33819
6780
27418
19203
44088
33874
28363
38314
29629
19024
29553
33107
43400
45253
22961
2410
25805
32069
44338
32816
8816
22327
25260
34806
9832
25921
37529
33117
32113
34226
34243
34603
34709
34946
24388
39050
3291
9620
44009
36599
37311
36998
29461
26094
38422
38462
22301
45014
39071
37372
39083
2225
42712
43134
39425
36894
39801
44229
40181
18538
40396
35287
40927
4654
42140
24660
42774
43512
45076
44556
26519
8777
8792
41479
8706
8231
20611
21365
32751
----
----
----
----
----
----
----
----
----
----
----
----
----
----
----
----
----
----
----
----
----
----
----
----
----
----
----
----
----
----
----
----
----
37615
591
45426
20893
9242
32917
44677
4365
23067
25169
24885
28587
10467
24894
12796
35978
10464
29178
13041
32850
18934
5140
43147
12826
13175
13903
3407
3427
3456
43620
38210
32213
17496
17805
32836
16444
16744
27415
17285
17904
45021
17608
18106
18615
18830
18980
13572
34683
20484
20330
21219
29947
43142
45221
5860
21138
42675
1800
9122
18140
9821
35309
23298
23612
10881
31765
39167
26993
24680
25605
16359
26363
41994
40840
27223
34888
19024
27838
20888
41740
28603
32444
28744
29551
2801
38708
38560
32030
10646
39201
34614
33582
44586
8885
42297
35829
12841
31740
39752
32393
30582
6746
42389
4311
39463
4025
1207
27898
34727
30823
34819
39104
45291
35804
37028
32341
35739
1209
30194
42031
37026
38169
38192
38635
18386
20256
42914
40054
39593
39893
40007
40015
39983
11846
40618
42999
24266
9905
6789
42074
16144
45182
7783
44905
43407
22687
18712
12561
43950
44568
8390
3666
38708
43480
44891
33314
29560
45678
36089
----
----
----
----
----
----
----
----
----
----
----
----
----
----
----
----
----
----
----
30320
----
----
----
----
----
----
----
----
----
----
----
----
----
----
----
----
----
----
----
----
27648
31214
11313
42142
21293
27073
22758
10224
37474
41544
30251
9759
29263
25784
33298
42670
10529
10680
10750
10761
11091
42030
33489
42394
35795
44038
9482
37901
24115
13063
9333
22701
12208
42637
32922
21011
12467
14173
14181
14158
19850
14820
38165
15531
15220
28231
26807
30888
37818
16147
42781
28837
16389
31281
28812
27324
17576
20756
17967
43873
18525
18612
39712
18824
19168
6624
11220
12519
22538
5977
13284
20005
20229
20262
46215
26622
10120
21789
44435
22310
32413
21215
30388
12639
23355
23783
23803
23927
23942
23974
23979
15178
27003
44098
24611
33315
24923
15129
35972
40928
41565
12795
30927
25294
25295
28496
39930
35034
26784
34364
36620
43062
27907
38500
38498
28466
41359
11161
42772
23522
10060
29235
29330
29440
22380
25260
29990
26814
34998
39484
37850
43814
30806
30435
27842
20513
39020
44984
32192
32058
43353
9857
44689
31775
32587
34769
36314
38781
30158
11629
33703
12645
34245
36603
27817
37668
25595
34694
45100
35098
35102
6160
13432
44566
25025
10380
20611
22381
35681
24696
19031
44001
36904
42433
10025
36968
7843
37277
38818
37577
37154
38174
19263
44034
19095
45024
9875
9684
21011
39395
39573
42174
29014
44215
40194
40472
9111
40814
41099
27482
589
42110
26181
42394
30142
45095
42621
23241
13483
43312
17295
29441
13168
6623
20239
32506
45143
13014
34734
44596
32268
27577
44432
45354
42658
4380
20207
45704
45928
46047
----
----
----
----
----
----
----
----
----
----
----
----
----
----
----
----
----
----
----
----
----
----
----
----
----
----
----
----
----
----
----
----
----
----
----
----
----
----
----
----
----
----
----
----
----
----
----
----
----
----
----
----
----
----
----
----
----
----
----
----
----
----
----
----
----
----
----
----
8893
9274
9132
9099
26462
18512
29797
31455
12884
9182
39764
9936
39192
37069
29747
22424
30946
38686
18918
33546
13785
39046
33846
26519
16602
37228
27492
15728
12284
27419
24600
10807
10808
29125
28049
34601
11451
32726
14446
17707
26454
8726
44299
40544
28092
9208
42171
28372
22354
17877
43107
37295
16190
22540
28607
18282
21702
12802
26272
12834
12856
21043
35828
13180
13285
44936
13919
38235
15569
15577
15803
14061
14164
19297
30179
14819
14827
14833
42984
15902
36316
17285
15137
15144
15154
15491
15308
22972
39201
41850
28545
44538
32402
30335
35892
23118
44045
37687
45878
45113
39238
16646
25984
45857
37432
30601
42727
22673
40905
18429
32522
16185
42054
18820
18821
19909
19262
38122
19263
38315
19082
40836
24146
39243
19903
23466
36326
20703
29141
36485
17697
44424
44134
22594
22576
43262
21564
40839
21794
21800
22728
22717
30401
24850
13926
26121
22311
42523
44035
10112
38702
30207
45052
14103
21538
28224
35550
41686
4317
23522
15551
23613
38443
7989
42740
28090
23826
2330
36982
38404
24316
24516
33887
24682
24709
34259
33331
44599
29149
25701
39657
41465
25932
39266
15040
1086
26781
26782
26800
40024
42474
30508
27222
27227
27218
35542
27837
34323
27543
29085
38988
45293
22690
28315
28322
45634
33664
35874
41960
41961
41962
19909
40572
33386
37533
7151
42837
32485
35722
29227
35429
38432
38433
23735
44857
36633
17686
40093
29626
12828
42001
30867
30869
30870
29668
33489
30216
6596
32693
6182
36777
30284
16759
24749
34456
32005
32989
32393
42606
32333
9765
32420
32929
39040
12983
32877
22222
34356
31634
28502
37532
33546
7289
36762
24384
24146
33382
2751
35733
33935
34034
37480
34351
35107
15769
30645
34672
34673
31064
34752
42707
25322
35132
22458
27935
15592
44108
42299
33087
35559
35565
40419
26993
38560
35775
22677
31178
34951
36237
45050
36447
38910
22301
25356
36655
42589
36907
10038
37103
4772
37301
32544
41475
37834
30875
29730
38214
38239
28006
4924
8110
40011
40654
45021
17496
39115
39255
39575
39567
39454
39455
39500
20997
39691
39602
41019
44604
38833
39916
43554
6623
44159
40525
41546
45630
40929
41092
41093
40880
22921
15996
41351
41327
41501
41732
39515
32087
42019
42675
25303
42330
7410
42362
5174
44905
44089
25523
43052
45932
43291
43460
20756
44766
23896
43667
36474
34691
17874
33108
44210
45101
26875
45158
45243
44554
36812
18803
38851
24090
37505
44424
17805
45287
21333
19728
22703
45528
46259
45684
37924
2844
----
----
----
----
----
----
----
----
----
----
----
----
----
----
----
----
----
----
----
----
----
----
----
----
----
----
----
----
----
----
----
----
----
----
----
----
----
----
----
----
----
----
----
----
----
----
----
----
----
----
----
----
----
----
----
----
----
----
----
----
----
----
----
----
----
----
----
----
----
----
----
----
----
----
----
----
----
----
----
----
----
----
----
----
----
----
----
----
----
