22456
30488
26126
29983
30721
29289
16536
4505
17418
11857
16997
27662
21213
29415
11591
14063
24140
13635
16716
30639
26141
19736
4867
25947
29280
19136
21747
17477
8873
8793
27042
12992
26541
3775
20439
19806
17759
28690
5587
19063
16971
21589
24628
18734
23701
30310
30587
15108
20736
3885
29749
27323
12083
23315
14573
17225
27095
869
11469
24054
2804
22093
11860
12625
24200
15762
1763
30501
16385
17519
22922
21535
22457
21875
1874
17473
8714
13419
30037
18588
8697
7758
11142
23583
29092
21510
10928
30393
2322
8558
24039
15120
2681
14311
10300
16010
9735
2595
25674
18695
29294
12761
25071
24020
25858
26622
28438
2617
28114
22999
16570
17097
5942
11729
28791
30396
11317
13901
13809
1440
11048
25146
14959
22995
8717
10861
21749
3054
7042
1793
4681
3165
7880
4869
28059
22141
19467
10020
25802
3318
29623
24828
3984
7402
14671
26806
13597
14999
17538
25998
26508
29272
18839
19811
24439
24588
3734
22372
20087
8823
15848
22891
29254
29243
8179
28150
2655
2941
3240
3931
12770
21131
24274
30709
7000
29232
2495
11309
11598
12859
24261
27459
29698
17716
16404
11518
96
22463
23699
10965
22677
27619
21673
21756
16733
18525
683
2032
3776
16796
28915
7043
8218
30087
23062
4991
9098
9102
21396
13444
7725
28472
10294
20498
3225
4271
12815
13163
13719
27677
29284
21491
27970
6861
25257
2948
10432
11413
20248
20436
22514
11879
13243
21059
21931
27807
8370
8904
15651
18694
2589
6432
8726
11439
23314
22434
29757
11861
13817
11441
26767
28457
30512
1969
5377
30069
6433
12190
21309
25099
4285
22383
545
2368
10649
12774
14391
17970
22207
24740
25180
27114
29980
3999
9507
11430
13932
22258
25176
1441
5845
8679
25171
30086
6629
8010
12002
14617
1233
6846
9185
16797
17933
29000
29175
845
3387
6461
13407
22665
29446
30373
6442
23323
23408
28502
5399
10441
28883
30392
23396
28956
8253
14798
25357
8777
12489
30740
910
12281
12991
16661
20417
21811
30297
16638
24222
30505
30711
15367
22462
25095
2281
4906
11275
24225
4215
13717
21492
23529
27106
27183
27522
30025
9213
11526
12542
18015
29723
3839
4289
8235
11940
13409
14398
19807
20616
21609
24583
26554
30150
15847
16247
20414
1841
2809
6609
8084
11166
23208
620
6779
7505
10606
11395
17464
18594
20405
21587
25544
26105
29020
8396
12330
13948
16089
16441
18260
21335
21944
27526
29090
4016
4270
6286
7184
7430
17985
18272
20394
21462
22367
26265
27594
28929
4131
5945
18653
21301
29002
29088
1578
5550
6810
8716
12043
19100
20088
21137
26186
26207
27271
1820
6596
6622
9470
10201
10202
11657
17099
17738
17932
20328
6301
7246
8796
8925
12046
17068
18756
21162
24253
24670
25832
27334
3694
10863
12429
13412
14725
18090
18911
24774
25175
26031
26226
27403
29836
682
1444
1703
4062
4261
5025
6434
6460
7045
8283
9658
12072
16566
20931
21720
21997
22063
23498
24851
26465
27780
608
649
2816
3902
4094
5952
6451
7782
13192
21552
22430
23833
24432
25355
26027
4695
5341
5589
13870
14608
15342
16403
19582
20099
20459
24107
24830
25885
27105
27840
30204
630
2003
4893
5115
5773
7162
8481
9088
9987
12799
13600
15050
16330
19117
25452
25461
26002
27173
28000
30679
1360
5922
6674
8046
8729
9393
9761
10452
11715
12056
13107
17840
22369
23795
25975
25978
26189
27143
544
932
3454
4662
5308
5455
6607
7165
7752
8740
9018
10409
12939
13176
14432
16900
17036
17255
17392
17424
18801
19134
19531
21804
22213
23175
24001
24575
26278
28668
30260
30735
840
1618
2233
2477
3273
3673
5203
5960
7531
7864
13374
15134
15390
16041
18058
19147
20848
22010
24070
24438
24920
27999
29307
29972
29992
864
2160
2230
2358
3140
3436
4890
6958
7528
7664
8794
12221
12495
13356
14081
14632
16040
16354
17937
19169
19887
20325
21143
21419
21952
22615
26028
26233
26684
26844
27689
230
2219
2782
3035
4418
4721
4771
6464
6623
7023
7459
8389
8713
8808
11727
12027
15035
20604
21245
21339
22144
27071
28889
29107
30727
221
780
1549
1686
2174
2175
2216
2218
2290
4389
4674
8238
8466
9408
9787
10603
11877
12034
12461
12902
13908
16646
18237
18770
18853
18995
19133
20052
20693
20872
21134
21743
24277
24385
26608
26671
27069
27307
27702
28721
28765
30110
719
2490
3255
3596
3892
3986
6400
7959
9614
11976
12074
13126
13408
13756
13972
15463
15865
16625
16925
17017
17076
17279
17525
18046
18121
18502
18580
18640
18862
19127
19765
20692
21558
22235
22905
23880
24228
24790
25256
25269
27219
28590
28748
29384
29525
212
319
784
1333
1854
1994
2215
2813
2822
3005
3028
3116
3641
3709
3891
3996
4169
4205
4494
4921
5204
5820
6592
7451
7452
7691
7834
7854
7966
8251
8850
8863
8954
10331
10334
10756
12436
12551
12769
13091
14170
14213
15416
15783
16332
16485
16639
17006
17764
18056
18057
18075
18236
18512
18919
18982
19628
20431
21657
22734
23039
23064
24008
24103
24402
24751
24778
24793
25002
25468
25753
25837
26117
26212
26224
27410
27452
28362
28469
28913
30113
490
739
785
1104
1383
1448
2229
2462
3218
3345
3457
3472
3711
4152
4201
4253
4308
4357
4652
5193
5276
5400
5420
5757
6399
6485
8888
9084
9134
10268
10382
10473
10874
11998
12081
12239
12848
13189
13190
13766
13814
14405
15070
15462
15541
16471
16880
16980
16987
17410
17996
18238
18342
18467
18721
19536
19648
20446
21645
24022
24035
24090
25521
25604
26024
26272
27073
27074
28024
28025
28963
29522
29659
29690
944
1550
1906
2208
2217
2252
2262
2839
3243
3403
3471
3524
3614
3750
4151
4390
4637
4969
5080
5336
5891
5959
6309
6396
6539
6588
7090
7460
7526
7839
8956
8957
9086
9125
9657
9750
9817
9857
9999
10853
10901
12476
12754
13136
13186
13369
14237
14254
14785
15307
15414
16075
16246
17165
17406
17662
17708
17851
18249
18500
18652
19122
19229
19613
19727
20501
21564
21577
21715
21773
22119
22143
22978
23063
24086
24268
24352
24722
25462
25466
25522
25611
25778
26005
26006
26184
26454
27524
28058
28288
28402
28741
29016
29744
29776
29915
30099
30636
702
927
1266
1315
1493
2004
2222
2231
2259
2818
2995
3008
3647
3883
4164
4192
4254
4307
4528
4596
4612
4659
5475
5476
5478
5479
5533
5849
5926
6331
6422
6544
6557
6564
6617
6845
6957
7035
7329
7342
7420
7476
7500
7775
7975
8165
8742
8912
9133
9236
9400
9506
9760
9826
9937
9980
10001
10075
10239
10316
11676
11694
12361
12386
12561
12601
12610
12677
12839
12904
13041
13115
13310
13478
13741
14025
14411
14589
14753
14882
15051
15867
16005
16317
16643
17167
17285
17286
17312
17663
18008
18141
18462
18526
18593
18739
18743
18855
19218
19428
20122
21368
21495
21840
21968
21983
22200
22873
22946
23350
23469
23946
24036
24079
24161
24193
24298
24317
24328
24524
24553
24659
24765
25027
25130
25526
25609
25907
25991
26023
26100
26271
26648
26815
26927
27289
27327
27713
27723
28049
28491
28532
28921
29430
30000
30117
30566
263
295
639
668
913
1046
1208
1529
1571
1642
1784
1838
1863
1904
1951
2012
2212
2213
2235
2244
2263
2280
2283
2284
2355
2476
2775
2823
3026
3052
3175
3292
3467
3648
3718
3721
3907
3939
4077
4304
4327
4359
4417
4613
4636
5090
5098
5206
5300
5352
5433
5454
5456
5620
5636
5696
5725
5756
5799
5910
5928
6440
6441
6534
6543
6565
6630
6790
6792
6923
6925
6928
6930
6931
6943
7099
7234
7242
7423
7465
7488
7509
7512
7546
7583
7642
7929
7988
8341
8485
8489
8816
8840
8903
9082
9169
9533
10060
10061
10136
10166
10203
10224
10353
10514
10524
10598
10752
10938
10993
11300
11326
11346
11359
11513
11528
11768
11892
12432
12538
12545
12548
12549
12550
12608
12689
12690
12795
12796
12850
13122
13123
13134
13191
13265
13383
13572
13625
14155
14212
14238
14247
14358
14427
14879
15272
15275
15426
15603
15786
16008
16039
16053
16198
16340
16603
16814
16871
16873
17258
17383
17411
17686
18620
18625
18626
18627
18802
18921
19172
19230
19385
19987
20197
20326
20413
20674
20858
21294
21357
21482
21497
21536
21670
21717
21998
22121
22433
22572
22573
22580
22914
22915
23142
23499
23500
23903
24074
24138
24139
24157
24178
24285
24323
24522
24566
24658
24687
24768
24833
24840
25123
25200
25423
25424
25713
25726
25738
25754
25779
26039
26223
26362
26560
26700
26757
26856
26913
26916
27051
27064
27213
27214
27435
27508
27610
27611
27612
27824
27992
28045
28048
28050
28262
28331
28334
28471
28555
28718
28987
29012
29196
29311
29345
29369
29569
29657
29658
29683
29684
29701
29769
29797
29918
30064
30184
30344
232
237
254
489
535
536
537
629
631
697
698
756
912
1123
1231
1381
1382
1417
1533
1662
1663
1727
1761
1955
2069
2206
2207
2247
2249
2255
2292
2306
2500
2770
2811
2838
2842
2903
2924
2940
3019
3020
3021
3027
3093
3114
3149
3232
3239
3351
3514
3568
3570
3620
3728
3730
3731
3733
3786
3834
3900
4029
4402
4403
4425
4447
4571
4572
4639
4640
4668
4749
4772
4773
4822
4874
4896
4996
5022
5071
5091
5092
5129
5190
5199
5238
5239
5246
5247
5424
5425
5497
5498
5540
5558
5561
5599
5673
5695
5697
5698
5718
5761
5764
5782
5804
5867
5894
5929
5963
6071
6072
6073
6074
6154
6305
6411
6412
6421
6500
6513
6595
6597
6673
6786
6922
6926
6980
7003
7010
7028
7113
7149
7164
7190
7346
7388
7389
7418
7421
7484
7514
7525
7625
7657
7878
7927
7946
8111
8118
8139
8151
8152
8258
8335
8351
8382
8599
8626
8691
8718
8746
8767
8768
8778
8811
8861
8867
8875
8881
8891
9016
9083
9165
9448
9453
9454
9455
9456
9457
9460
9461
9464
9465
9466
9467
9472
9473
9475
9476
9477
9478
9479
9480
9481
9549
9722
9725
9726
9727
9733
9734
9811
9812
9828
9829
9831
9901
9907
9908
9909
10149
10153
10192
10219
10344
10504
10582
10971
11014
11160
11381
11527
11922
11977
12070
12205
12352
12353
12354
12390
12488
12496
12497
12505
12546
12547
12563
12591
12764
12773
12898
12903
13068
13175
13373
13391
13514
13646
13650
13714
13718
13907
13917
13934
14026
14046
14128
14129
14130
14131
14132
14134
14135
14136
14139
14141
14142
14143
14202
14428
14468
14469
14471
14472
14649
14762
14782
14859
15158
15278
15279
15318
15365
15372
15427
15485
15486
15544
15548
15585
15599
15600
15601
15623
15640
16048
16110
16187
16310
16311
16312
16313
16314
16315
16316
16347
16359
16422
16483
16494
16586
16633
16775
16787
16788
16820
16853
16872
16874
16889
16890
17166
17254
17256
17365
17512
17697
17727
17818
17839
18024
18086
18087
18089
18405
18414
18501
18577
18585
18587
18664
18781
18863
18923
18932
19045
19089
19115
19128
19139
19223
19336
19350
19351
19376
19599
19600
19651
19690
19697
19954
20067
20144
20162
20170
20180
20271
20289
20444
20454
20455
20456
20458
20513
20514
20518
20570
20673
20703
20704
20718
20719
20720
20721
20722
20723
20982
20985
21073
21202
21234
21235
21239
21279
21293
21356
21460
21461
21534
21819
21891
21941
22005
22225
22237
22410
22495
22497
22518
22519
22908
22909
23077
23118
23119
23120
23121
23122
23435
23528
23680
23698
23898
23931
23941
24092
24116
24123
24124
24167
24258
24617
24624
24676
24686
24688
24689
24692
24693
24743
24758
24852
24939
25006
25007
25025
25053
25112
25343
25344
25345
25615
25617
25635
25685
25714
25717
25830
25981
26065
26448
26449
26457
26458
26460
26486
26487
26669
26712
26814
26816
26902
26912
26919
27147
27179
27191
27282
27520
27721
27751
27808
27809
27810
27811
27812
27962
28026
28027
28062
28066
28136
28167
28168
28172
28245
28261
28452
28480
28492
28496
28523
28540
28541
28592
28605
28633
28715
28716
28719
28916
29017
29051
29053
29101
29174
29310
29395
29466
29471
29476
29477
29564
29627
29642
29643
29644
29654
29725
29729
29730
29732
29733
29852
29859
30129
30202
30211
30282
30288
30574
30752
30761
30762
30763
113
114
147
148
149
150
151
255
256
257
285
492
493
628
667
757
800
801
802
804
852
874
875
889
926
933
1087
1112
1113
1114
1115
1216
1225
1226
1227
1228
1229
1232
1234
1235
1236
1237
1238
1239
1240
1241
1242
1337
1516
1519
1546
1576
1577
1588
1592
1593
1596
1603
1604
1605
1606
1608
1609
1610
1611
1612
1613
1641
1643
1728
1729
1730
1731
1732
1875
1912
1936
1937
1957
1962
1963
1966
1967
1970
1998
2022
2023
2058
2111
2120
2221
2228
2236
2237
2245
2295
2364
2365
2366
2370
2473
2497
2498
2783
2898
2902
2909
2910
2932
2958
3009
3010
3011
3057
3097
3127
3129
3153
3187
3205
3206
3233
3241
3242
3244
3245
3265
3286
3380
3498
3513
3572
3573
3574
3575
3594
3595
3597
3638
3644
3808
3809
3901
3909
3910
3949
4003
4032
4038
4039
4040
4082
4092
4093
4139
4161
4165
4166
4167
4168
4213
4214
4218
4229
4262
4263
4331
4332
4333
4334
4335
4336
4337
4338
4339
4340
4351
4352
4365
4393
4395
4396
4399
4400
4401
4454
4455
4478
4479
4484
4485
4486
4522
4523
4560
