35209
21088
36115
28393
22799
11295
34300
8400
22320
21484
9939
8874
33371
6157
32756
26410
35820
25135
24943
22243
12066
7146
19275
31616
32213
30774
20099
27320
25453
31431
35388
35713
30705
34619
34921
31415
29585
24324
33244
24039
27666
8627
28438
35368
15826
7878
31752
16637
17524
35701
17141
12941
29366
16977
31757
32367
33953
35362
821
25117
7497
10528
3581
31675
9414
4282
34935
31989
11071
34002
34446
18754
8509
11329
31280
20211
16563
31343
17587
35497
26664
31847
541
13761
23088
9669
5725
6172
33169
10529
26408
30382
31596
11463
14412
29257
22152
21322
22013
2619
36016
2320
35343
5205
2602
8072
5517
10208
4447
35074
6575
1901
13963
27134
12033
20207
27367
35903
28626
34140
36239
3966
17471
33659
1753
17848
26482
2061
4471
22965
11605
12029
25588
6038
17852
26411
35075
20408
25423
10028
10976
7537
1873
34125
1491
15333
1496
7373
2545
5569
8546
33522
3442
1470
18821
22740
3565
11242
564
10553
1968
26985
2601
3450
35298
515
17858
33839
2308
10859
17232
26249
33799
4470
9648
21887
35301
10749
35055
8668
31676
34881
7956
8276
19677
31470
18043
35103
31383
9081
30856
35079
9117
12937
35897
5529
14916
16557
28984
506
13757
29419
34691
5000
6372
9212
21470
15658
21290
6977
31513
126
6329
17438
25652
29166
7162
8476
1910
9077
7732
31062
34844
2620
6335
11066
29020
35034
1931
8912
31104
14344
16518
21732
25994
1370
31100
2059
5540
7953
20203
26002
33033
35260
14503
29363
35996
11827
6781
11657
12992
26428
249
35268
5567
5574
22091
27932
33680
35022
5496
6179
31026
35544
7514
15302
16639
19383
34917
2060
31063
31255
32115
33145
36174
6897
7774
15211
26624
29818
30539
30946
1488
7536
14596
14705
15200
35317
35888
8330
11000
16570
27763
29924
1490
3571
26366
27125
31059
33103
33110
35560
35849
546
15453
17039
19128
22374
35562
594
5955
9412
9425
11409
14996
24428
25772
28907
34913
36181
6663
7040
7052
20411
27860
35190
6584
9411
10555
22574
29016
30553
34314
35063
7169
8279
11072
20588
20595
22029
22067
25990
25998
28582
30754
31512
33525
34857
35482
35782
4283
4358
4562
6662
8008
8402
15832
20573
23083
27226
29135
30554
34955
35393
2058
3465
4997
5138
6381
7017
7682
10541
14911
15184
15787
16098
16346
16526
19315
19914
26405
30440
31987
35350
1938
1966
6475
7952
12051
13422
15201
15791
17901
22880
24045
24367
28957
29458
29801
30806
30938
35485
673
6023
6156
7016
8248
11441
11677
13644
20357
22942
26302
29473
34953
35980
3376
5168
7500
8275
9033
10928
11053
12080
12221
12747
18672
19926
25422
28129
28937
33194
33655
35861
36210
1936
3438
4602
5831
6283
6686
6730
7626
8247
8612
8845
13423
14529
17920
21853
22034
23102
28893
28936
33234
35189
129
5170
5726
6380
7752
10530
10931
10998
11330
11499
14969
15056
15910
17458
17941
18062
18359
21987
22004
24041
24104
27216
30547
32237
32814
34679
35080
35331
35823
36510
1067
2195
5541
5859
5957
6078
6148
6383
6392
6626
6679
6985
7492
9470
10554
11440
14707
14913
15193
15715
16564
19015
20412
20636
22010
22719
23501
24373
25958
26481
27722
28684
29445
29478
30741
30944
31350
34515
34970
35081
35222
35247
36085
36086
1930
4140
5083
5860
6176
6426
6984
11395
13628
14535
14867
14910
16793
17012
17135
21991
22020
22088
24037
25497
25499
25995
26480
26750
27245
29083
29084
29433
31099
32589
32865
33147
33193
33612
34312
34319
34804
34912
34931
35038
35229
35238
35265
35293
35318
35831
443
1372
2407
3352
5528
5533
5751
6182
6519
6868
7212
7753
8041
9216
9705
10925
10999
11038
11137
11496
12047
12063
12081
13417
14964
16108
16492
16791
17898
19770
20559
20632
21744
21979
22071
22951
23128
24077
26427
27126
27506
28472
29819
30487
30534
30696
30722
31189
31770
31960
31984
32715
32900
33276
34969
35039
35194
35483
35484
36506
547
548
1504
5519
