----
6819
----
516
34602
38998
38553
25039
32550
13246
20368
664
5599
330
27308
----
3305
----
28257
1720
1423
15253
2206
11351
6765
17426
980
----
----
25282
----
18212
18712
10032
4701
----
818
----
29241
1746
7601
20123
30162
28985
----
36303
235
9908
9204
4839
----
1788
----
----
16059
33369
29546
3345
2653
----
23800
5263
24252
7234
----
----
19133
25379
----
3314
14020
3027
----
14904
22876
3953
----
10854
24947
1252
34844
10848
----
4528
13025
24535
26094
27093
34712
26342
28871
14997
32424
34864
----
7362
10202
38256
3972
15849
7469
20299
----
16991
28205
19391
35766
----
----
34248
24254
3281
8365
23823
36625
17852
13930
6825
----
23313
14543
6385
3619
----
----
38703
23787
13165
22144
31668
7602
3553
304
----
----
34551
1897
14232
----
39148
19343
32776
38943
----
29062
----
37727
12744
2217
37543
14658
601
3283
10466
6662
----
----
28402
7359
21185
19918
26154
24571
----
23814
4820
35382
32675
----
251
1661
11564
5893
24646
19703
33751
3375
31220
----
8887
32684
35245
----
----
3154
13416
----
----
13841
----
15939
20950
3611
13050
753
7885
7227
11725
4502
4852
20776
----
1051
----
----
30640
36578
----
10039
20385
21051
2283
17280
37746
11456
4429
29594
----
----
1196
18076
----
6524
----
2002
22795
18320
5136
19877
8497
32072
6818
----
----
12357
31185
----
18290
7472
37841
31118
11073
887
2951
22211
26646
----
23795
6950
12524
2345
26648
----
----
23975
5943
----
35218
903
2596
27508
20682
15820
28386
20996
21908
3957
30033
26228
----
31174
----
13011
26340
28308
1101
----
32130
36493
20715
2463
16548
12948
32843
6678
24727
3187
12935
3286
688
----
1695
----
----
24600
33863
17335
20500
----
25622
36189
18724
35479
13187
3358
16277
14967
----
7276
18375
15033
26235
6687
38885
----
4037
3617
15401
7362
----
6833
----
----
25692
6882
5261
6743
----
3836
12285
10874
----
10964
5001
23666
28294
4572
25777
34607
1697
7594
35873
5303
18327
28414
32884
37765
10680
9362
14443
17738
23841
23607
----
10983
24248
4641
35558
28133
33803
----
----
----
6134
11394
11453
19201
32906
6197
----
4378
10649
12834
16634
30485
----
28640
2854
28262
27261
34211
33019
27163
4352
3079
----
----
20641
998
5931
33766
28814
30795
12123
35801
----
----
15134
38950
20442
30009
2207
32123
9794
25368
----
739
38714
37045
24579
7031
23888
35503
2315
----
34400
29921
34307
134
19748
----
37532
19555
13430
38200
1102
----
----
10639
19159
28874
33902
17975
23824
33423
23907
----
4676
13231
29557
38146
6955
23476
19254
13178
7445
1888
4855
29942
30213
5528
3171
----
----
26757
1866
----
----
----
19581
27773
16982
1413
34162
32239
32730
26716
10817
----
----
3444
4545
16234
19194
37074
13033
18738
26498
----
----
----
----
----
----
16981
38753
33863
10301
20794
1168
21652
31041
26126
----
----
----
22602
18833
4896
29308
11910
29321
31853
24658
35634
4900
32505
----
12940
22931
35663
16244
22272
25339
36319
12302
30005
----
----
7027
12724
15808
24763
38190
14535
1828
9214
24898
26718
25055
29656
29558
3571
31562
32504
30250
----
----
----
----
12174
3826
25734
31115
32107
12388
----
----
----
----
8452
4712
5241
17506
38195
30424
30882
3374
7518
----
----
----
----
----
20767
15682
19217
34123
33360
23149
5150
6640
6679
26886
39223
1477
25220
27666
----
----
----
----
680
10341
35189
15214
38570
1058
14269
30688
34853
13176
----
----
----
17399
19111
31964
6092
15018
4561
31344
19801
----
----
----
8914
21573
18839
22572
33990
19321
12610
31394
27131
20400
844
36227
----
----
----
----
39197
38447
983
13259
2940
30065
8209
24288
33831
37324
23375
34005
----
----
----
11953
30557
4703
2948
36492
23577
27247
23194
38749
30581
21869
22706
21251
----
----
----
----
37254
2939
5290
13264
13926
10001
21604
18242
7102
3515
29660
31899
33805
35433
5270
14351
18034
----
----
----
20173
10766
28427
14894
16274
4922
3963
24803
22086
32792
26131
2294
6796
3405
1611
38851
31371
31405
5045
28129
----
----
----
----
----
33079
2636
2341
19678
14121
36692
18730
27523
37138
28112
5552
35093
2730
25434
13555
3563
31354
38921
38995
31899
37756
28232
1664
----
----
----
----
29797
32325
27771
14269
10999
36074
15440
25138
2274
31657
28840
38953
16500
35370
2563
35408
35617
7085
15855
27491
9190
37233
14464
18004
----
----
----
27970
38013
7033
22604
30657
19627
14768
24803
35147
16266
38874
38111
37372
5988
33948
29612
32082
26671
----
----
----
----
----
----
16201
9581
2869
12117
17617
26581
33299
5680
1229
29114
1770
10816
2229
37502
----
----
----
8404
11648
4758
12340
14157
2819
16254
16981
15477
20528
29554
22489
963
29330
36638
1419
26403
23073
----
----
----
----
----
----
----
----
----
20341
4218
26730
5770
31189
24464
32783
27266
19001
2073
12959
4654
13442
7718
20822
28366
35592
24831
19424
3270
458
28099
35445
3486
35297
29625
31086
30822
37894
1439
27238
8765
21655
----
----
----
----
20786
9521
2201
730
22683
6535
13450
28613
6851
14316
22590
5598
26959
28452
19196
3048
24537
4733
26491
35904
39061
15036
7381
38114
31681
36380
30136
22401
38474
35459
27196
6077
32814
----
----
----
----
----
----
----
----
----
----
39007
7634
9472
130
5609
31070
13098
5868
11801
5102
14579
2937
18275
23869
3959
3104
33718
21405
24059
1182
36321
29384
24476
24821
6546
36082
31361
24290
22092
30895
2001
37540
15345
----
----
----
----
----
----
----
----
----
----
----
16553
8405
25261
10644
8617
2914
2897
15010
24750
17181
4684
9181
18748
29124
22371
30136
29482
24480
24698
33869
18960
38124
19551
30074
28203
22459
24358
9508
32683
7083
4624
32769
26335
34829
34875
----
----
----
----
----
----
----
6008
36015
6317
17306
14730
10138
32286
12196
13385
30065
26433
35504
28152
14459
16202
16554
17834
38064
23783
17982
20777
18582
18515
4341
29158
27392
23101
5969
30359
29778
9655
30125
31697
38060
16620
39211
29795
13873
----
----
----
----
----
----
----
----
----
----
----
----
----
----
----
----
29731
29114
35293
8998
25510
25866
8463
19150
23549
10030
3302
33274
4601
18561
11589
2029
16432
20876
20777
26520
26172
34451
26107
30867
34614
38389
6883
29918
32136
25385
23143
20475
29005
21804
33266
30004
3914
20217
31529
36919
32858
22349
24926
23469
32581
34299
28638
32476
32984
13060
----
----
----
----
----
----
----
----
----
----
----
----
----
----
----
----
----
7711
3992
36619
1010
33023
11681
11369
9793
31765
4012
14094
6661
15280
21855
27421
4652
16199
17517
17929
19791
17733
20401
25695
23611
34498
33658
6368
30189
34508
24217
24883
3635
22258
6215
26361
26597
5595
26898
38887
23639
28404
16495
35537
27678
32953
16468
31470
31400
34911
9664
33127
33178
36289
10720
23683
25415
34052
21070
22977
31252
31358
11394
10207
35535
----
----
----
----
----
----
----
----
----
----
----
----
----
----
----
----
----
----
28709
4070
31165
11830
8352
13998
9130
24281
11452
10570
33688
30141
24051
12775
12692
15074
32921
32837
16247
25720
16576
17653
18329
11588
15170
14176
34638
19696
13343
35420
5839
25809
7529
25468
33185
5938
34238
27771
3355
830
32405
26838
15002
22730
35537
31699
31477
5604
34714
6459
27294
13243
34242
28960
6898
37588
36701
4614
35639
38646
36039
34875
29147
36473
35857
5455
19251
----
----
----
----
----
----
----
----
----
----
----
----
----
----
----
----
7529
7598
6497
4091
8995
9139
31943
18148
11015
10873
11445
2060
14161
14180
35337
30175
3410
14763
34652
4768
9946
35697
18300
32730
26125
25683
3544
15214
3089
22046
34092
20568
10630
23716
34815
5840
23610
23077
23161
6802
6227
26598
28251
24488
24915
25268
24510
26423
3518
12313
25116
4629
36381
7352
20574
33592
2419
13893
30835
21116
27056
36001
35476
36451
27552
----
----
----
----
----
----
----
----
----
----
----
----
----
----
7353
35077
9659
9719
2761
30920
38517
11617
2192
15634
5000
25207
5901
12726
16083
31410
30315
14506
12484
2679
25179
10390
16228
16223
19507
15797
6597
37351
21297
30288
10058
34839
20966
23965
18571
30416
23828
10464
36326
31381
20439
20700
17088
24784
18760
2241
21688
10755
20404
947
23199
23362
35963
33474
29805
33926
34136
33060
10116
21010
5619
20266
37287
6119
26523
5059
25519
3962
29968
4253
27378
22697
13489
28713
36093
19616
16124
30684
31758
31219
31206
18989
29913
663
32601
31733
19249
11454
23224
24118
6934
36000
36243
35461
8903
36683
17851
19275
37854
35113
9931
23959
38976
----
----
----
----
----
----
----
----
----
----
----
----
----
----
22312
7953
20403
798
9545
9095
8890
11264
9222
3339
10979
32303
28867
37187
37119
34619
34820
4604
1025
10185
12392
29326
27350
25609
13903
3765
14619
15150
15397
21187
16219
34459
5380
22822
14821
4449
21663
33946
23912
30390
33204
18925
17126
32446
27003
36568
8876
20676
20440
6238
3382
37677
19257
18151
34786
21685
24846
13084
16434
37966
21651
34645
22820
23132
6066
34077
24139
12288
35521
28994
29009
23669
28416
5731
20724
3390
3401
3547
27778
20725
31501
23257
29320
29847
32647
6337
8812
32165
31904
26032
35570
22691
6517
28854
32838
29632
34656
32200
16859
34396
34166
6860
29116
38716
9324
36831
34368
36934
37115
38105
1881
----
----
----
----
----
----
----
----
----
----
----
----
----
----
----
----
----
----
----
----
----
----
----
----
----
----
----
----
----
----
----
----
----
----
36823
----
----
----
----
----
21055
7829
8459
11703
9040
7105
8460
8915
6630
29562
11713
33923
8894
36756
18763
3508
5939
28960
36942
11067
9839
38104
12030
11977
13059
16491
12387
13769
14105
14087
4364
8759
30933
1993
14916
15276
35926
13027
24346
3339
11936
15340
25218
16033
1991
36093
5177
17884
18343
18315
26079
18328
32671
27277
19200
19430
38342
10307
8808
34815
20534
25450
26325
21298
26358
12477
18150
7116
38640
26448
24257
20919
22193
27788
5176
33696
23410
15315
1632
22819
34581
24481
32215
5979
15917
23469
33264
25428
29773
25541
25617
24696
26418
6245
26668
32689
26688
37521
27643
14664
28384
29085
27226
29029
36395
33160
33179
31239
33831
29928
21625
30687
31169
31268
38863
31789
33055
6874
24501
27360
6890
15072
20765
34558
24288
29796
4373
23149
12385
32052
28754
23608
33233
3802
16546
35263
35266
35310
6440
35721
35708
36013
28288
37060
30106
38215
1735
38568
38856
3673
----
----
----
----
----
----
----
----
----
----
----
----
----
----
----
----
----
----
----
----
----
----
----
----
----
----
----
----
----
----
----
----
----
----
----
----
----
----
----
----
----
----
----
----
----
----
----
----
----
----
----
----
----
----
----
----
18504
8298
17131
1494
7064
18798
9760
18356
9128
9612
35820
10938
20698
28507
31885
10845
37193
38728
904
24397
12091
25521
24401
14886
10965
1256
6453
24974
4467
11122
11448
19700
27954
39067
9920
11913
11812
16497
29633
20049
34205
12808
17347
16278
36504
16269
4656
4723
13903
34518
14909
15314
12949
17020
5037
15681
14477
14660
17602
30743
16383
30105
16557
16871
16875
3602
17414
21547
17737
28823
22511
24590
18121
3069
37043
31405
21784
38199
28668
18728
18849
36316
37955
25347
38932
2317
1872
39161
22918
11890
21623
18863
38981
15017
27386
20862
23272
23924
6600
38217
27021
10454
23233
23104
1831
24923
37754
24143
5904
6199
17385
28755
30824
1490
25437
5814
29591
14788
21440
29387
26345
24740
26890
34417
27080
6351
27667
22586
30370
14971
31517
36336
28703
34008
24788
29015
29063
29489
29560
31074
31667
22889
31634
31369
13527
31673
22871
4662
18842
37086
31152
35288
24472
27264
1403
36190
36506
20953
24693
38491
32963
33195
32589
34228
33424
1197
34683
16244
1809
32467
16334
6945
35212
30348
35885
36893
19648
27294
34680
36818
37259
36627
7082
34503
38415
7341
2492
32653
38880
2333
----
----
----
----
----
----
----
----
----
----
----
----
----
----
----
----
----
----
----
----
----
----
----
----
----
----
----
----
----
----
----
----
----
----
----
----
----
----
----
----
----
----
----
----
----
----
----
----
----
----
----
----
----
----
----
----
----
----
----
----
----
----
----
----
----
----
----
----
7467
7871
13302
7933
11153
11785
8467
8305
7927
8106
15648
4627
18487
12860
13026
8771
9666
8916
9234
9268
17925
10034
19597
9731
23868
9682
6084
34697
26689
35386
36083
27356
10971
10882
20985
2805
11411
4449
6105
15441
8731
12007
23724
12166
4574
16012
13472
27964
12828
13553
16243
21573
13395
17526
29208
13768
13975
14118
14109
13849
14001
14066
14607
2685
15720
26417
35832
15267
15309
21492
23903
11282
1186
6072
16140
16442
34768
36531
16969
16629
4885
17267
5056
21782
34062
18312
18344
18350
22532
32723
18326
8887
6645
21480
4246
18715
36175
31144
23211
6835
22617
5426
30853
21347
1927
21367
7117
20034
33122
10316
25343
20437
15323
36194
29582
29492
5575
21087
31107
13015
5771
20658
34761
27581
34845
3959
15698
27330
24285
25392
19399
26719
20558
37578
38408
22105
28740
29521
29528
38463
37317
14955
33414
22563
22948
28187
31326
37570
25962
28824
39138
23090
31910
2573
23427
14559
4666
24096
36012
20947
20855
24462
34867
24576
26284
24482
8226
24815
22356
24858
34125
31178
3238
37363
27869
25356
24319
33928
28361
2360
25338
26467
25417
25422
25441
25550
25586
25875
24989
20997
26208
28793
26326
26324
20551
2346
3852
28971
16696
27655
4085
37082
28151
34491
6142
28228
26306
22008
35490
32344
28645
35963
28708
33357
20496
29084
28799
5752
5953
35038
29376
29313
24329
36057
5948
33490
16262
5677
27329
25989
29690
30696
12286
38060
31750
34293
31399
31843
33310
38278
3707
2224
19394
34952
35782
32670
29889
34839
32977
2344
18887
33653
33655
33652
22665
6208
5928
34065
34275
36733
29075
6858
35628
26630
38411
2703
36626
22297
35195
6933
6940
35165
22363
35756
35827
35908
35974
35986
34664
35070
36341
35891
36573
17041
11455
3451
6469
1885
36943
17472
37108
4384
22784
34700
36613
37984
30613
2499
38783
5713
----
----
----
----
----
----
----
----
----
----
----
----
----
----
----
----
----
----
----
----
----
----
----
----
----
----
----
----
----
----
----
----
----
----
----
----
----
----
----
----
----
----
----
----
----
----
----
----
----
----
----
----
----
----
----
----
----
----
----
----
----
----
----
----
----
----
----
----
----
----
----
----
----
----
----
----
----
----
----
----
----
----
----
----
----
----
----
----
----
----
----
----
----
----
----
----
----
----
----
----
----
----
----
----
----
----
----
----
----
----
----
----
----
----
11998
5603
730
20502
7668
24365
7816
7813
8472
7928
7923
517
10731
8390
29302
8552
19177
19035
35495
23627
26469
11922
38687
18967
964
9020
9129
9131
9120
9133
7768
9269
9264
9321
14642
11129
9616
34552
10945
9757
9764
11214
9048
13124
3766
10035
11997
24122
10134
38755
11593
6163
24892
12956
10414
10418
22609
32507
23086
10560
10569
10501
17342
10641
32580
34782
9351
10991
2638
11295
4408
23957
7831
28981
20370
29116
11311
37636
13752
11168
11772
21383
11873
7521
11753
17271
4593
7203
12121
18803
33300
7766
35146
25204
12782
12784
12756
12791
12794
12766
12823
22534
12757
2901
29994
9351
6716
33376
38198
13201
26328
13184
13226
32195
13392
13591
13671
12974
14777
14838
14441
6105
21952
14376
14319
13982
33051
2680
14793
17301
7935
15242
15313
15262
15271
15326
15310
15216
15219
4858
15311
15407
15351
21889
29787
23513
13088
29892
29773
17693
15326
20497
17507
30563
16427
37238
16505
16700
30116
13160
16564
16873
21901
16640
4829
20498
36125
9081
17252
18112
25439
17465
17588
18353
11740
17893
4952
16438
27752
18114
28924
21210
21195
36789
26265
16090
31838
36166
19201
18737
28422
2081
18851
23960
29553
27573
8779
27047
20826
19171
19348
26941
34239
24505
1319
18933
19535
27607
27865
3116
24254
28412
19706
19765
22879
5440
17506
25014
22197
33357
22720
21757
20273
20275
18882
20677
26408
26437
33132
20696
24776
24039
1671
16547
35373
20992
22895
36106
21072
20901
21235
2230
31217
18145
21305
34807
21384
23481
36099
28582
30241
9936
33486
24455
5324
13537
1463
22219
28230
22203
22531
28072
22557
10255
22621
22685
24508
3023
32822
30206
20906
25810
3247
23201
23281
31611
28650
14344
24134
39196
34474
24706
34478
24774
24062
24057
24058
24093
24142
24242
24241
10578
24380
35865
24564
24673
24627
5398
24475
24002
24754
12126
34055
25717
35454
6419
20651
31110
25594
29204
38124
25626
35656
31384
32193
28728
8477
26195
26279
1176
26446
26548
24788
33228
31375
5800
34771
14241
14244
27200
24051
27648
36488
28316
28317
28319
27687
28321
5878
7098
28043
28167
15874
29322
33869
18186
38196
9626
27239
30326
18936
14611
38157
29033
30349
28414
28448
29371
29374
29381
21334
29525
18161
32663
29666
5566
29848
15150
32773
36876
19548
32627
32650
38201
3428
6298
30401
31536
23678
29065
38345
38280
38374
29907
37669
38070
30796
6591
30914
5502
4771
3557
31188
31692
22289
31583
26110
31939
31967
22652
30711
32435
26850
21563
34286
33382
36295
38281
25052
3747
33458
6237
8118
28187
35777
27480
32593
21039
32774
32790
28250
33085
33090
26592
36754
33014
33171
3408
6784
31085
33224
30221
7724
33344
33337
33334
33419
33421
34404
33740
33741
34113
5722
33861
33862
32046
37499
34151
24444
32169
34109
34091
34840
1831
934
34580
34793
34797
37891
19907
19293
29042
38025
34974
11745
35172
35483
24216
35592
23769
31662
32508
22697
35895
36005
35972
23695
10294
26825
7002
16411
17074
36469
22071
36775
29521
36843
36946
25438
37305
30634
31852
37395
29847
7096
36772
37582
37612
37591
37567
5296
38658
13060
14524
38344
38100
38366
38326
38677
38444
5446
36103
38581
38692
1831
36531
38815
30279
39030
39058
----
----
----
----
----
----
----
----
----
----
----
----
----
----
----
----
----
----
----
----
----
----
----
----
----
----
----
----
----
----
----
----
----
----
----
----
----
----
----
----
----
----
----
----
----
----
----
----
----
----
----
----
----
----
----
----
----
----
----
----
----
----
----
----
----
----
----
----
----
----
----
----
----
----
----
----
----
----
----
----
----
----
----
----
----
----
----
----
----
----
----
----
----
----
----
----
----
----
----
----
----
----
----
----
----
----
----
----
----
----
----
----
----
----
----
----
----
----
----
----
----
----
----
----
----
----
----
----
----
----
----
----
----
----
----
----
----
----
----
----
----
----
----
----
----
----
----
----
----
----
----
----
----
----
----
----
----
----
----
----
----
----
----
----
----
----
----
----
----
----
----
----
----
----
----
----
----
----
----
----
----
----
----
----
----
----
----
----
----
----
----
----
----
----
----
----
----
----
----
----
----
----
32605
----
----
----
----
----
----
----
----
----
----
----
----
----
----
----
----
----
----
----
----
----
----
----
----
----
----
----
----
----
----
----
----
----
----
----
22168
7468
7461
7300
20449
4107
29832
8909
7713
7714
7674
31972
11974
9070
3028
19913
17174
7824
4148
7931
11200
13301
38760
28439
32672
8002
121
10097
2857
8635
33989
8522
8345
26014
11271
8412
8413
9153
8511
8513
8543
8544
8553
8783
9491
19438
11522
9677
14249
9925
20622
8304
8412
9094
10863
27286
9270
9265
9266
9320
9338
9323
18286
8414
11372
9395
9399
9400
9388
23841
21084
21952
9536
11665
9324
17671
6699
5108
4105
17709
6693
26068
20117
8115
6503
26409
11575
10037
10043
37549
20377
26113
10303
10304
28034
18826
10517
6872
21018
20570
24328
10632
7136
22973
30338
17003
17320
34718
27617
25755
4874
17573
36148
15034
17175
11138
11132
11251
36455
4422
13629
18626
18631
18636
38631
18122
20050
11389
11400
11402
33708
11481
23516
9900
19699
11580
4398
24086
13932
11660
11699
21372
21382
11880
11882
11883
39185
35589
20267
26922
17475
17476
22938
13703
22788
27372
20597
6612
23731
12521
12549
12550
30268
32583
14158
14163
14165
14166
12663
12649
12770
12771
12772
12773
12777
12795
12797
12853
18623
30035
13091
16081
18402
13252
2954
16070
18496
18497
18498
18499
18500
3392
13240
13241
22851
4621
13469
13417
13421
13422
13424
13425
13426
13431
13436
13440
18519
9276
13669
14146
25206
24853
13762
13747
13751
13756
30344
14002
14088
14103
14127
13909
14868
13961
14493
12388
14452
3508
13982
12842
31989
16542
34883
14817
9595
15745
7935
32382
17181
15721
28891
15243
15260
15263
15270
15278
15279
22116
15399
16701
15375
15405
15410
31042
12952
5171
1503
705
30917
11279
32351
22968
38708
16029
10185
24349
15905
34585
16515
16530
16532
22515
14946
37215
16211
16230
16231
16245
21715
6241
19640
31961
36978
16476
33912
16661
16662
17136
16940
16847
16865
16758
16760
781
21904
16983
15350
37489
29714
16951
16974
16976
16980
22930
30776
24178
25683
16582
16398
12081
17167
17255
26429
29861
12973
36114
31978
25310
10991
17461
17463
17466
17636
17637
19638
16646
20656
17711
18358
26664
17719
23211
37027
25785
36400
5489
17963
25429
22850
25422
22855
22862
22875
22877
18117
38709
28922
28923
20891
18285
18323
18306
5170
37901
28399
27964
32547
31332
15140
18398
37299
10133
32201
18731
10159
9223
22189
22190
22171
11167
18931
20336
20575
39105
19000
19020
23218
19101
19102
19142
19145
19197
19199
21163
19345
30764
19333
19344
19452
19453
39110
10504
24983
25271
19539
19540
28731
5110
19723
19737
19787
19788
25972
32781
27481
38048
10553
21216
22117
21252
20220
3871
38497
6829
20558
26722
15343
23240
21765
24317
19029
20674
20675
20432
20434
20435
20462
20463
26392
20559
20545
26429
20646
20632
20645
26468
21412
20623
23606
3153
33132
21141
21086
21126
20913
20914
20998
24979
27545
29118
18250
20860
39085
25216
21218
21219
21226
2244
23578
28309
28825
34784
34806
26193
12430
25665
23258
23262
27593
21592
29154
24326
5202
21714
39051
32878
19442
27239
18836
21953
28962
6305
33371
26726
36346
22040
22056
22101
22083
22080
22222
22228
22231
22232
22233
22240
22241
20473
22320
24748
22529
22530
22540
22541
22542
22544
22550
11050
22641
22653
22690
22696
29610
34641
18654
30315
28863
30618
28388
15276
25916
25791
25795
25798
25813
27806
19506
23080
23082
7380
25609
23208
23252
23323
23332
23415
23416
23417
23426
17980
27433
23651
23653
23655
23657
33470
26861
14955
20915
24644
34350
23948
11330
24139
11431
32594
16427
24773
17216
24056
24097
3969
26209
24143
6196
28815
28874
31853
24356
26385
30959
24737
24558
24566
24570
24573
24663
24670
24677
24685
38907
26293
24630
17301
39177
24859
24860
24861
24862
24878
23819
24917
24921
13566
22800
31059
24968
28440
24978
25911
25512
6064
37459
10763
37137
26027
25133
35561
37422
13644
28771
25440
25470
25477
27792
25578
28624
25587
25591
25596
25571
32362
19696
35646
14551
23769
35657
25895
24238
30323
30324
26008
26044
34714
18660
36814
7534
17354
4667
26240
26607
26611
26614
26615
26616
26617
37458
26320
26406
26377
6179
26526
26527
20490
20552
26538
33370
23885
32350
17938
26854
37439
37440
37447
28553
26083
27042
3266
27070
27923
30971
22266
19233
32542
1126
32568
29746
32100
3962
35002
27438
39153
39154
39155
39159
39162
28304
28306
36087
27944
38068
27638
27109
26333
27968
27984
27986
27991
28046
30762
28134
17313
30658
24193
28166
28175
35781
28209
28210
28218
36565
30892
36968
31051
25537
20381
25654
29674
29675
29676
38890
34694
4318
18452
37845
4542
5358
28977
28079
36405
37636
34009
34010
14971
36040
28823
37706
29113
29336
29344
29400
29312
29366
10722
26479
20633
7146
29507
26305
25293
9290
34928
30458
29997
30818
34556
7724
26110
21688
32646
32648
32649
32642
32643
38873
17014
6758
27333
30426
38192
35486
5398
21159
21855
23683
19418
6176
32826
38370
34862
32539
31772
30832
33550
18536
33986
30771
30768
30781
30999
33690
31819
28535
31062
30925
35639
30811
31193
5771
33947
31646
31364
31631
31366
31679
31783
31721
31999
31942
18673
23544
35592
31530
31908
31903
31390
31859
31732
31958
31832
31307
31849
33310
23554
17264
36067
1989
31931
7361
6831
31370
27661
18942
12865
16621
36784
23187
20605
34668
32153
2374
32415
25171
36298
35796
35798
33299
36983
32589
34943
32702
3222
32850
32879
33084
33086
32943
29508
33516
23194
33027
33172
32907
31119
37367
25195
33207
33221
33247
33249
29515
32367
33332
33338
36885
33232
33422
2638
21793
34997
15625
31943
33678
38349
33748
29399
33759
34495
33811
34112
34114
34115
7592
34321
33857
33859
2797
31628
33981
33982
9774
29092
33921
23920
5108
23107
34063
34076
34101
34292
34240
34280
37539
15374
34320
34341
34374
29082
32347
34598
14587
34698
34699
37734
8305
34265
34801
37942
37944
37933
21352
34838
33277
31209
20599
34975
33751
35173
7724
19181
35231
35291
35325
34001
23466
28290
18654
35846
35712
36637
20578
38571
8559
35953
35957
35983
1670
36014
36025
36049
36051
36054
36069
21294
36152
38668
36214
6928
36342
36367
36358
21710
36388
35361
33304
36585
36588
36592
36875
36688
11586
21760
36854
36857
36842
36818
36846
36852
36853
36613
34050
36894
36922
36944
37573
23295
37197
37198
37340
37314
21685
37297
32305
9876
27433
37411
32705
18876
3340
37470
37545
30827
37025
37807
37808
37809
37675
37680
37683
37667
12836
37731
31054
37766
37659
37849
37916
38498
37906
5108
1892
25525
38055
32489
38119
38232
38167
38171
38172
38218
38221
38333
38354
38365
38347
38348
38349
15440
10497
38427
38528
38535
38540
38546
6135
6959
38585
28710
38639
23383
38748
15234
38836
38845
38968
38977
13423
39031
26185
36998
39221
39222
----
----
----
----
----
----
----
----
----
----
----
----
----
----
----
----
----
----
----
----
----
----
----
----
----
----
----
----
----
----
----
----
----
----
----
----
----
----
----
----
----
----
----
----
----
----
----
----
----
----
----
----
----
----
----
----
----
----
----
----
----
----
----
----
----
----
----
----
----
----
----
----
----
----
----
----
----
----
----
----
----
----
----
----
----
----
----
----
----
----
----
----
----
----
----
----
----
----
----
----
----
----
----
----
----
----
----
----
----
----
----
----
----
----
----
----
----
----
----
----
----
----
----
----
----
----
----
----
----
----
----
----
----
----
----
----
----
----
----
----
----
----
----
----
----
----
----
----
----
----
----
----
----
----
----
----
----
----
----
----
----
----
----
----
----
----
----
----
----
----
----
----
----
----
----
----
----
----
----
----
----
----
----
----
----
----
----
----
----
----
----
----
----
----
----
----
----
----
----
----
----
----
----
----
----
----
----
----
----
----
----
----
----
----
----
----
----
----
----
----
----
----
----
----
----
----
----
----
----
----
----
----
----
----
----
----
----
----
----
----
----
----
----
----
----
----
----
----
----
----
----
----
----
----
----
----
----
----
----
----
----
----
----
----
----
----
----
----
----
----
----
----
----
----
----
----
----
----
----
----
----
----
----
----
----
----
----
----
----
----
----
----
----
----
----
----
----
----
----
----
----
----
----
----
----
----
----
----
----
----
----
----
----
----
----
----
----
----
----
----
----
----
----
----
----
----
----
----
----
----
----
----
----
----
----
----
----
----
----
----
----
----
----
----
----
----
----
----
----
----
----
----
----
----
----
----
----
----
----
----
----
----
----
----
----
----
----
----
----
----
----
----
----
----
----
----
----
----
----
----
----
----
----
----
----
----
----
----
----
----
----
----
----
----
----
----
----
----
----
----
----
----
----
----
----
----
----
----
----
----
----
----
----
----
----
----
----
----
----
----
----
----
----
----
----
----
----
----
----
----
----
----
----
----
----
----
----
----
----
----
----
----
----
----
----
----
----
----
----
----
----
----
----
----
----
----
----
----
----
----
----
----
----
----
----
----
----
----
----
----
----
----
----
----
----
----
----
----
----
----
----
----
----
----
----
----
----
----
----
----
----
----
----
----
----
----
----
----
----
----
----
----
----
----
----
----
----
----
----
----
----
----
----
----
----
----
----
----
----
----
----
----
----
----
----
----
----
----
----
----
----
----
----
----
----
----
----
----
----
----
----
----
----
----
----
----
----
----
----
----
----
----
----
----
----
----
----
----
----
----
----
----
----
----
----
----
----
----
----
----
----
----
----
----
----
----
----
----
----
----
----
----
----
----
----
----
----
----
----
----
----
----
----
----
----
----
----
----
----
----
----
----
----
----
----
----
----
----
----
----
----
----
----
----
----
----
----
----
----
----
----
----
----
----
----
----
----
----
----
----
----
----
----
----
----
----
----
----
