----
----
2746
784
3030
45626
43030
31670
25979
20490
31779
----
46822
33582
2370
20223
13893
1615
4120
770
37291
12229
38090
----
40539
5681
1308
1183
3810
7670
----
----
22242
8947
31573
3396
43292
19728
----
48730
----
34851
390
13875
14084
33689
33674
10109
18837
10669
4697
----
1990
48436
----
7759
6882
16493
----
8825
44546
34218
28
27160
20700
46799
22543
7200
2753
4072
840
17027
19994
43393
----
24357
37395
4339
----
38362
10181
3382
45962
----
----
9650
27190
25590
21
4155
31719
614
----
1997
311
----
36161
----
5615
40437
30223
30873
----
4053
4380
1614
44150
12769
34096
26262
----
11541
----
17121
1395
20314
----
7351
18433
33267
18574
7593
31561
46624
24828
26970
----
35996
10244
20045
----
----
----
41413
20914
38211
34070
4415
30866
----
24854
20338
7925
436
12183
8523
45331
1352
46840
48280
41414
40292
70
----
4382
46825
10674
39806
14702
----
47763
13175
12558
5478
----
41539
4668
----
49027
39386
----
8490
----
----
12531
----
40094
28407
3009
----
----
24137
----
42229
27389
28300
----
34771
7577
20367
45704
8773
18278
658
1244
1038
17336
15171
----
46351
286
16611
13702
----
4461
----
----
4446
----
47267
45952
13668
8576
1966
6716
----
----
48022
26188
21166
13744
29916
7339
----
18684
46399
4593
24063
24421
----
----
10592
10790
3227
23748
33909
----
34486
33953
----
2845
2287
23715
39531
----
45332
3187
4770
16610
38038
47389
48774
38756
4381
15827
43412
----
6147
20344
24186
28765
----
----
3455
2881
1794
----
11996
17489
8965
18040
49212
----
21381
21954
----
17647
36241
----
----
----
14523
37063
42297
----
387
7693
31977
40002
----
----
8075
38120
22203
29049
----
3295
37785
8478
3308
6546
19047
44628
----
35311
33587
40405
18253
38392
4094
19292
7408
2478
----
20079
9069
28626
----
----
38562
16445
13797
4285
35209
5607
31917
37974
----
43140
29730
46806
41009
2842
----
46213
5947
35734
2246
6930
32657
46217
----
23919
4755
8109
----
15783
23317
27935
12453
22217
31961
43280
2545
46715
----
47421
5172
45164
6793
----
6099
23217
2226
41245
----
6768
26481
25084
27030
28700
38229
3434
16431
14919
7488
39810
34699
20636
45611
----
13741
45091
22253
38551
45529
39714
15920
11011
3162
42893
2249
----
----
14592
15336
19579
----
16612
----
11194
31730
24982
----
12527
7036
20664
27613
26222
9656
30495
15747
26192
----
----
----
1869
36877
45831
39571
11343
24994
10126
38050
42665
16890
6861
----
----
1143
28918
3147
----
14593
18705
837
21116
30403
10113
45285
8508
----
39173
31888
20316
10510
15310
16454
23892
48519
----
7757
13359
18062
1377
42770
39421
43747
----
----
7178
45861
8923
41847
22510
32391
33626
13117
42426
41091
45677
24500
17033
4350
36058
4810
8146
35605
----
----
----
----
----
15821
38383
25315
4376
5891
----
----
46739
3955
16869
22748
4473
27024
7061
36599
36006
22504
27440
----
----
----
----
8136
386
47781
21063
----
----
20263
18483
43335
32484
41638
28635
20902
41480
23946
----
----
24992
21582
25418
3052
3209
8653
12391
38083
1992
14154
41404
48908
25746
42526
45772
39605
30881
----
----
----
9808
7063
14134
10460
32542
9453
20570
26473
----
----
15410
45759
408
48378
31636
3070
----
----
3099
35340
4597
28627
----
----
10746
30584
4943
47842
45502
7962
47118
3639
12755
49282
----
----
----
45873
22356
24574
30015
39776
8008
----
21710
42209
21170
14241
14626
40608
26975
42577
29699
7324
----
44141
39052
27285
25631
42681
6586
26698
----
26236
48477
28885
20699
10131
3350
----
----
26523
30736
2880
1687
48770
36056
48341
18461
20658
43750
46431
33808
17070
37943
----
----
----
4216
7484
41195
47928
5796
39931
45446
46175
----
14810
9644
19367
46022
34152
4707
1860
39236
20580
----
----
----
----
34440
19419
14747
27859
31328
33532
1802
35382
4979
----
----
----
----
----
----
14538
17866
3845
18120
42139
10937
33661
17112
26223
14347
38182
45073
----
----
----
1302
24860
12802
1830
34064
4052
33184
21150
26106
28886
34007
20655
21911
21545
2671
44470
37708
46142
16049
25613
37433
42584
29140
32804
42034
----
----
9787
26709
23907
22696
36949
32653
49039
11576
31376
4740
30656
15418
42853
----
----
----
----
----
----
15106
12742
43921
16871
18740
41582
22875
26618
25473
13579
32878
8386
39071
45258
----
----
----
----
36314
41437
19433
44523
11035
37180
45451
47309
28383
44665
11620
33629
4545
7651
39502
8247
48610
48837
----
----
----
----
----
----
----
2020
31901
10375
11832
16697
16515
2662
33118
37159
46899
20072
25476
33173
34823
26435
47016
47337
9146
12206
----
----
----
----
----
----
----
10864
10104
6457
12249
3520
47743
41147
31658
13823
13090
47098
4661
4498
44318
----
----
----
24543
25617
48617
5809
30260
2456
29138
36511
41178
26076
39145
535
11824
38100
----
14714
47787
14142
32447
227
19379
46817
32031
43571
23232
17141
1915
45495
21401
25602
1789
22489
8881
----
----
----
----
35039
43449
21181
16639
2705
46897
10865
1754
1980
19168
21362
17419
45476
26478
37366
26969
7257
41891
39858
33160
1119
4768
----
----
----
----
1170
25371
12481
985
16492
48179
27412
33807
4996
29727
26689
31285
24654
44490
3069
44070
44219
30227
34725
43453
48592
49287
----
----
----
----
12523
141
48450
5843
12609
18384
5380
3230
19843
4143
24192
27049
7711
1050
13831
30642
43618
23146
3310
10867
29724
28839
48030
----
----
----
----
----
----
----
44752
40838
4030
38155
30069
36003
10506
17482
36132
2964
42789
22521
33848
26218
22463
12435
48938
30742
48196
32641
30441
36489
30389
40099
17578
32926
43095
15830
10834
26076
----
----
----
----
----
----
----
----
16444
46948
47640
12835
6769
48770
19508
17707
12823
5172
26236
42984
48927
27736
3807
9235
32521
36828
28986
7736
26265
45039
22196
31507
42461
41002
42553
36808
45015
46193
----
----
----
----
----
34603
11288
35039
24556
5345
25632
15102
28969
3678
24724
7733
45059
12522
15321
17950
19553
15596
29465
7193
29186
1291
40208
46063
26808
37718
9402
39139
42912
13820
37912
44518
47102
----
----
----
----
----
----
----
----
----
----
----
21918
11830
5518
2741
15822
33278
45403
3793
32516
20955
2583
20731
45363
26622
43675
23740
15490
22885
38319
7965
35020
42660
44582
31778
8221
14779
34459
4410
35930
7234
10603
42962
1683
48667
29069
9177
----
----
----
----
----
----
----
----
----
----
6319
11019
17481
17206
18620
10532
11819
21998
35007
43906
30414
12129
952
36004
28791
47086
27959
2313
3596
23990
25763
42778
37023
43021
44073
46611
36583
47703
----
----
----
----
----
----
----
----
----
----
14045
17319
19232
35443
40988
38261
18333
26465
31866
40462
31766
7109
24530
33478
31585
4475
6109
20040
7973
9283
2973
4792
21323
4573
24155
41670
21581
13061
6712
23923
40595
46971
8680
34317
5760
48550
----
----
----
----
----
----
----
----
----
44240
30835
10267
9694
1922
16637
27675
16912
17185
18203
18894
19468
47924
11941
1640
23502
24625
41194
4637
42458
13221
38003
29549
24612
47475
32113
7423
32445
43734
4649
2460
38829
7431
33476
39562
39300
8484
6884
47415
29781
4983
39953
44793
8966
45902
15996
----
----
----
----
----
----
----
----
----
----
----
----
----
----
27110
5414
162
41083
12713
39772
16838
20618
3779
46575
20324
43590
18664
18474
39099
44835
22028
39521
23579
22926
26723
23519
22239
37307
25075
22185
31645
35417
38947
39669
33929
48658
47134
31199
20982
4505
36633
24598
37329
29922
44809
47324
38313
46889
1823
7247
8836
25991
48648
11019
43027
43785
32397
47633
47696
47224
9219
----
----
----
----
----
----
----
----
----
----
----
49156
32688
5299
2613
17098
21480
36095
19162
19251
6133
48090
29270
6552
26244
41984
40669
48654
21134
39262
19147
4508
31946
45688
26398
7809
41530
46477
31453
30213
42697
43548
33226
33921
44407
21917
30128
39802
11161
40072
36787
37318
1185
45562
3220
47670
33860
9083
4790
----
----
----
----
----
----
----
----
----
----
----
16957
15527
23288
40560
15843
2262
48366
3788
17064
17447
26889
20260
8365
40243
7321
38352
42102
48055
27451
7336
17301
6680
30599
36399
24699
24696
30721
41643
26160
39757
9120
6013
24823
45175
8355
13985
14822
35244
20750
7519
47685
8959
39141
39885
23732
47198
45241
42684
41121
44698
44851
47467
28659
863
43091
----
----
----
----
----
----
----
----
----
----
----
----
----
----
----
----
10332
48178
11516
31737
35567
10668
1335
30668
28496
15288
34958
22413
19720
16721
36378
6170
24298
17803
18693
17598
33581
45738
14797
17119
43959
22778
44777
10328
46515
13881
33652
15992
13541
8762
37116
28446
2170
29471
46511
41810
31127
14105
39512
8722
42195
2225
32103
38438
38736
33480
22212
10062
36340
2398
34700
41104
42724
8549
20974
15348
7213
48986
48843
27721
5555
47198
40233
----
----
----
----
----
----
----
----
----
----
----
----
----
----
----
----
----
48747
9638
9882
13407
9758
25119
16493
13101
9605
36395
47216
17282
16616
16719
21623
26146
19161
6398
18518
18789
18469
23504
47750
13922
11956
15598
5338
23175
13035
24082
15958
7378
4402
38785
32485
12550
39130
43814
9028
27238
3683
35325
1862
4094
10481
21692
23963
20016
42656
30776
27577
43931
32705
7982
33876
26162
40933
40934
29253
32036
40624
42533
25149
39834
44772
13242
28705
43919
1500
44535
48112
41933
11625
8838
43549
45514
44670
25441
13722
8724
----
----
----
----
----
----
----
----
----
----
----
5522
23300
----
----
----
----
----
----
----
----
34986
5001
10085
47585
20881
2385
26997
11610
4960
23031
14120
12935
21971
25632
17033
49312
3787
3718
29033
47577
19201
45043
17177
34503
11440
15429
30226
21639
29475
21546
41563
4773
47132
37937
6744
25941
8686
34979
25026
39944
31935
661
26157
26589
36741
30232
23229
16585
48676
31190
26348
29586
3014
3989
37210
42737
43603
41538
10876
35758
36313
45744
7352
38970
35078
3066
46373
4606
128
3573
32424
39473
39798
37445
27921
42512
41928
37062
42101
43608
1748
49092
44509
44267
44878
45062
31790
46569
39148
5302
30603
5097
29883
41229
----
----
----
----
----
----
----
----
----
----
----
----
----
----
----
----
----
----
----
----
----
----
----
----
----
----
----
----
----
----
7085
----
----
----
37131
3664
5346
48496
33731
13280
13521
30991
14118
14311
29876
14798
5414
14031
15710
16466
3700
20005
29285
17641
17632
18432
3701
16450
19681
46999
17183
15486
2623
31991
35199
21662
21216
21621
23558
23577
23457
22378
6448
41853
33974
31866
19916
41140
37278
44767
1370
13805
704
4756
32974
39183
29429
7269
30070
19168
27939
25968
31668
35836
47895
32534
29333
33687
8108
1292
4518
35109
8152
46661
37092
46186
14865
9586
4097
39187
4254
38315
39574
40145
8178
7911
42279
2897
20975
42374
42213
31167
43693
43020
43369
47517
47709
21986
43439
7927
45764
26719
42740
47975
26890
46928
9232
36199
13665
5181
----
----
----
----
----
----
----
----
----
----
----
----
----
----
----
----
----
----
----
----
----
----
----
----
----
----
----
----
----
----
----
----
----
----
----
----
----
----
----
----
21030
9802
8682
11995
3677
5518
11017
11582
11360
19267
11829
35030
13038
13049
17967
17282
45770
14358
14609
14744
3288
15700
15815
15812
18297
2601
36562
3776
3802
38368
39817
16879
17200
18047
6245
17944
7554
18782
44550
5438
27749
10274
16877
33100
47959
44537
19125
25812
14580
9450
42960
23553
12526
21654
47848
27355
41651
7434
887
37477
30140
41257
3995
37642
22309
24021
1709
48315
24548
30962
36459
37885
39901
25924
9262
7107
40902
39121
7833
40168
8514
34534
19422
16015
22572
8339
48785
41855
31136
5525
8736
30617
33709
24191
44126
20448
34144
7642
30117
44811
47942
37272
37183
37950
3663
34963
7371
37797
21291
28454
20039
45617
48343
35995
42404
29162
24128
40198
43870
1264
42256
41705
17486
39198
34000
42375
1840
40222
44031
34550
44220
28628
36003
12798
9009
34165
39324
16646
30397
46726
46820
46841
34289
47425
40084
47901
42889
----
----
3956
----
----
----
----
----
----
----
----
----
----
----
----
----
----
----
----
----
----
----
----
----
----
----
----
----
----
----
----
----
----
----
----
----
----
----
----
----
----
----
----
----
----
10111
48658
2558
39063
41891
11359
11465
18620
16770
15345
4311
21292
26836
17922
22010
31802
895
13468
13334
27022
11964
15449
15471
45668
14769
36428
45084
7076
22248
15826
31995
3756
16442
16464
3792
32371
16733
19120
43792
18116
18012
17991
11531
34129
18724
18596
12728
18052
24853
39611
27113
1618
3928
33833
31485
12750
5692
42778
10903
21208
21663
21863
21768
32005
24326
7916
22555
23472
23512
23578
18252
7796
13727
28510
8548
27845
24697
47164
6121
8170
42986
45741
26165
26286
9141
26808
18618
28506
27511
8408
27654
27674
45784
1405
7258
28792
28974
41700
35109
4413
23145
29548
14238
29478
29587
31642
40178
19455
40161
30417
45477
30561
30766
30918
31172
12142
22946
47139
31703
47729
13883
41782
46755
8358
29188
30430
1744
33179
7720
41853
2280
33922
31055
42089
8253
17278
35610
35682
8304
40297
10108
42180
34217
49165
32772
38122
33024
28029
48940
38685
8622
40117
40151
39993
4671
42899
28886
7081
12454
41198
42813
31107
33941
40909
42021
4378
36804
42749
44675
42855
22525
30167
43383
43377
44110
44260
44516
7563
34947
37936
47852
9042
38033
36139
36151
46727
46740
46673
40416
48371
48754
45613
16919
9563
36685
9608
----
----
----
----
----
----
----
----
----
----
----
----
----
----
----
----
----
----
----
----
----
----
----
----
----
----
----
----
----
----
----
----
----
----
----
----
----
----
----
----
----
----
----
----
----
----
----
----
----
----
----
----
----
48425
45242
9788
9894
2566
46136
28181
13834
11904
49108
13273
10009
16583
10840
10996
33967
12752
11833
5500
36086
4308
12930
3638
16026
10283
14074
42073
15005
12940
10606
19133
8397
13626
32612
21531
19649
36594
29834
12587
14062
14384
36760
23913
15112
15136
6654
26358
6006
21538
46238
25833
48603
12317
27829
15563
15608
35483
2247
14909
16276
18351
16631
39817
23991
6186
17633
17847
17802
18136
17951
26399
18011
24122
41895
18677
43568
18959
19022
19860
19585
19532
19548
21563
19648
19507
37088
15208
28178
34209
20725
20959
2587
30517
20148
21512
17462
33193
47848
3974
17138
29359
22733
46426
21605
26731
16324
23479
31301
27689
24306
41645
41861
26281
34392
35631
35947
8252
23434
24989
38727
48937
39299
44717
27503
38002
4305
33513
39575
23430
36709
9493
34097
22855
1907
7288
37203
41069
45040
25345
21517
43666
43719
24928
11928
30848
30560
30585
1066
48818
36546
43239
12891
7989
48201
31529
8815
25630
31289
7931
25244
7560
45174
2121
33026
46572
33925
33951
33694
7123
34388
20497
40932
46789
35509
8555
10089
35664
28615
47532
32202
46319
36439
11085
13608
37000
6909
38114
30247
38833
46234
37279
39186
38271
39358
39970
40124
48850
40014
39770
46111
26051
45080
7565
33412
36732
41922
45064
49005
38360
33702
33775
42076
42207
15196
39790
42927
8852
8885
31914
9512
24897
44246
6323
44510
44188
3249
44868
45259
15320
32059
46135
9107
39199
43895
46908
1808
49135
24511
48046
48185
47865
48236
37923
41216
2445
49006
26888
----
----
----
----
----
----
----
----
----
----
----
----
----
----
----
----
----
----
----
----
----
----
----
----
----
----
----
----
----
----
----
----
----
----
----
----
----
----
----
----
----
----
----
----
----
----
----
----
----
----
----
----
----
----
----
----
----
----
----
----
----
----
----
----
----
----
----
----
----
----
----
----
----
----
----
----
----
----
----
----
----
----
----
----
----
----
----
----
----
----
----
----
10894
17529
30633
40702
11601
13003
12272
34274
10857
10873
41844
39315
11334
11362
11335
39550
11124
46151
5517
12196
12169
19040
34155
19063
24009
260
13358
28568
35412
5761
7391
13525
45675
3943
14600
23228
7885
37137
23914
28147
18426
15113
15109
47745
14856
37091
15284
5964
15825
41388
3749
16479
16623
16389
16724
45598
20267
17222
21062
31131
23746
23747
41405
21937
17814
18009
6261
17925
27547
18532
16464
15626
3709
18990
44456
45421
3539
27859
16874
29466
19552
19452
19474
41915
17118
41686
38229
7621
4406
29220
40352
20684
20703
19312
29055
20906
39901
21270
26130
21878
46731
26702
8007
21786
22017
21997
23837
22451
22454
22661
22894
27786
46420
34994
20508
6726
23513
22437
22720
30198
38363
22020
41864
46042
19489
37214
46886
33818
29004
24629
6868
41233
31366
7056
35429
48379
13706
5128
33913
32989
33587
1421
33825
26249
26363
11370
27111
40593
38413
2939
24473
31943
24681
45796
27669
42825
28278
30975
31015
31018
41877
6279
28556
25206
4219
6927
48245
25327
4439
28820
20771
25993
29032
41970
29129
29761
37382
31918
32923
29849
29915
31336
30059
30157
30847
8135
22600
36806
48478
30968
3092
37233
37107
31382
31389
40973
33558
31809
33214
33062
41847
45318
26600
38249
31612
23122
32651
32638
32729
29360
28634
33027
28788
47867
2280
33651
33872
27470
41560
29167
42802
34589
15651
35922
39094
2302
28921
35743
4644
25531
39225
35872
42721
39497
42292
47102
36440
46342
36352
37121
31121
37003
37086
8758
37699
41699
33653
30202
46277
40668
33892
40991
7095
35380
41489
21249
40615
6674
48062
32284
8456
10818
42016
39066
20565
39921
39978
8598
45637
29539
33426
38179
39918
39423
39400
40954
8617
40023
8628
34901
37064
6978
5285
9109
28452
41004
41924
3709
41731
48771
45547
41614
37319
37239
41884
41398
41788
44201
43144
42036
42019
42792
42167
37224
42278
42281
42283
42284
42421
42208
42255
2948
23412
39795
34554
42926
42955
22196
43330
46925
46218
44711
47833
34027
19589
44066
36334
48038
32094
32095
45185
45265
45255
12821
46078
44140
39426
46819
46811
32387
6585
47506
49172
47319
31566
33557
4510
47744
47890
36942
3326
5173
3042
36780
45421
39631
48313
4405
48607
48587
48558
41268
48769
48823
4143
47972
----
----
----
----
----
----
----
----
----
----
----
----
----
----
----
----
----
----
----
----
----
----
----
----
----
----
----
----
----
----
----
----
----
----
----
----
----
----
----
----
----
----
----
----
----
----
----
----
----
----
----
----
----
----
----
----
11957
----
----
----
----
----
----
----
----
----
----
----
----
----
----
----
----
----
----
----
----
----
----
----
----
----
----
----
----
----
----
----
----
----
----
----
----
----
----
----
----
----
----
----
----
----
----
----
----
----
----
----
----
----
----
----
----
----
----
----
----
----
----
----
----
----
----
----
----
----
9775
37731
33030
5228
43682
48310
972
10725
37346
40589
25688
23084
10858
5292
11040
12164
1229
16472
10928
11031
11027
35425
4855
39188
11274
9264
11333
24711
11607
19296
11727
44010
11828
11851
11855
11848
11852
11853
37752
47238
11993
12627
45289
12186
11167
3505
11498
40598
14477
14478
13773
41809
45863
23955
24550
47155
13241
13391
5724
13545
13553
13503
13564
13514
35040
41361
19043
46744
27233
44092
46533
14597
21926
2878
14342
13643
14484
34863
26029
26026
26028
39097
24821
14711
14766
45496
44955
25820
15092
15152
15588
15586
27454
27463
27456
27457
25577
37422
15655
20987
40584
8778
46033
36079
5619
16305
44601
16677
46189
16630
16632
16640
16642
3786
16510
25820
16526
23302
14634
46858
679
6178
20012
1163
16476
24102
16941
17221
23743
23744
23745
25611
18989
42956
18010
17948
7551
45637
3847
41643
18623
28623
18802
30979
19024
44988
20058
19556
19522
19545
19469
19590
19471
29148
19655
19617
19605
23737
2995
9936
44306
15198
9070
29891
34313
37331
5116
6324
35081
5775
20711
20686
20581
22430
22075
24084
27685
8127
10663
21674
23530
21364
46212
36177
5701
25303
25290
21492
21530
4399
17706
48633
33559
47270
47267
45627
24673
15582
23469
23482
22887
23732
30550
9359
1924
27232
26726
7194
23518
22727
28862
26895
43413
17949
29250
44861
18453
24101
26683
12650
26331
47105
24619
33436
22278
28488
44558
9319
26348
8740
29971
47513
31078
25884
6074
36596
8038
38000
27718
4479
18488
17082
28206
47481
37382
31623
3666
24125
30130
26170
26765
30567
46559
22295
41259
30732
27018
42956
23072
23284
35319
42659
28661
33312
12489
28852
27697
23733
33438
29027
38579
31017
35088
37685
38467
39528
28467
35825
28436
35830
8307
36380
9639
28821
28880
28853
48102
25884
28983
26177
28995
47148
20553
49119
29166
29442
45680
29509
29610
29596
29597
29602
15642
4857
43563
10852
29908
30060
30171
30840
6356
47481
47805
30598
34342
30710
3367
41268
9541
30221
30949
31149
33843
1228
31589
31378
31385
3026
31528
31293
41174
31603
33397
33056
7690
6106
30652
32078
44615
21843
46800
44691
6391
39413
31906
9405
24242
25946
33252
31908
33059
43519
35204
35873
35636
27724
33835
37196
42700
20368
41987
34281
26738
49205
33583
34264
34272
25502
34309
34315
34383
26493
10970
34919
42558
38281
36128
44010
22411
33952
41979
28079
35923
35924
35925
35926
48304
35312
31521
34033
49151
39359
35973
34696
38947
40419
10716
36369
24970
30107
38820
36431
27565
23247
42850
40944
42850
39141
36351
2461
44750
41328
37090
37091
45223
37114
37332
46224
46278
33205
37328
16442
39526
38339
48290
25461
25446
41045
31044
14769
25439
20882
8961
38834
29258
7448
39103
39344
40113
39609
39551
39909
40680
40123
40882
40008
40136
45862
40089
39360
43093
46541
5179
44231
43415
36349
42405
35626
4428
37350
44555
3013
33613
39268
25415
41354
41627
41631
33871
6244
24539
37081
41737
29619
22248
38602
39017
41935
41942
41926
41922
42160
42172
42280
45114
42373
42363
45544
8830
8411
36801
45803
20650
42756
36203
7490
42783
42818
42821
30052
42930
8921
42939
43006
35174
27667
47796
43364
25630
31902
38754
12080
35951
27430
46182
43752
45463
42053
7258
44134
45530
44296
44517
8959
29781
48037
31480
44690
19676
28563
31888
44844
8979
44846
44834
28483
44493
45101
45117
45186
45187
45188
25994
45310
42831
45466
45542
31624
48599
49242
5018
45922
45923
13518
39981
6016
46298
40313
46398
46361
46376
46845
11030
46700
46996
1825
47141
47229
47230
47184
47185
47503
48694
11084
16233
47289
47569
9212
47598
47717
36200
37435
46745
47887
47905
47911
47971
48204
48206
48105
48321
48611
48604
48605
48621
48615
48538
42475
49179
15526
49309
----
----
----
----
----
----
----
----
----
----
----
----
----
----
----
----
----
----
----
----
----
----
----
----
----
----
----
----
----
----
----
----
----
----
----
----
----
----
----
----
----
----
----
----
----
----
----
----
----
----
----
----
----
----
----
----
----
----
----
----
----
----
----
----
----
----
----
----
----
----
----
----
----
----
----
----
----
----
----
----
----
----
----
----
----
----
----
----
----
----
----
----
----
----
----
----
----
----
----
----
----
----
----
----
----
----
----
----
----
----
----
----
----
----
----
----
----
----
----
----
----
----
----
----
----
----
----
----
----
----
----
----
----
----
----
----
----
----
----
----
----
----
----
----
19150
8406
----
----
----
----
----
----
----
----
----
----
----
----
----
----
----
----
----
----
----
----
----
----
----
----
----
----
----
----
----
----
----
----
----
----
----
----
----
----
----
----
----
----
----
----
----
----
----
----
----
----
----
----
----
----
----
----
----
----
----
----
----
----
----
----
----
----
----
----
----
----
----
----
----
----
----
----
----
----
----
----
----
----
----
----
----
----
----
----
----
----
----
----
----
----
----
----
----
----
----
----
43941
----
----
----
----
----
----
----
----
----
----
----
----
----
----
----
----
----
----
----
----
----
----
----
----
----
----
----
----
----
----
----
----
----
20818
36640
35035
37392
35349
9822
9823
9824
17388
9907
49085
5266
43576
10936
10684
10685
25944
9961
9962
9963
9906
9911
10001
9854
37938
10733
34645
11994
47440
47441
22497
23054
11304
41916
42423
5347
30184
11215
162
37138
2636
12455
47953
15629
10761
972
10799
10800
10972
10974
10977
10780
11466
10841
10854
10862
14567
29399
10964
10965
10966
11012
11013
11037
11022
11029
33472
49223
39970
22541
35985
18510
11325
3461
43829
3634
5076
12483
21730
11608
26689
11999
12000
42282
11988
11989
11990
25995
12033
33888
15235
12077
29728
1641
12626
40518
12184
12185
12189
2179
12310
12316
12318
12808
20113
15347
14593
18371
12418
11955
24871
36662
24853
14021
12578
14476
22062
17490
18439
38378
18696
9319
14838
24314
15001
15003
15004
15006
15007
15008
12928
12931
12937
12938
26790
8310
29766
6784
24307
13091
3554
25586
23380
33957
26042
15566
13403
13404
13408
22090
22159
18544
16982
18166
28924
28925
28927
28934
43525
13506
13511
13629
44647
13638
44500
25097
23622
24897
38888
26364
48305
2510
12517
14597
14243
14310
30477
14421
14422
14045
14732
48931
40668
10538
2260
14854
8722
33215
25521
24601
14689
28694
15049
31717
15108
12367
15101
15143
15182
15203
49083
26593
18297
15385
25578
40106
22391
20823
15731
42380
37621
15807
15808
15823
22391
16081
16082
17762
17763
16932
45728
24019
16248
12368
30313
16268
16275
47399
16300
16304
16310
18275
18277
18279
18285
3737
16621
16467
16468
16480
16613
16617
16618
16621
16622
16624
16635
16636
16373
23685
16429
11183
22446
36587
19304
27904
16153
23757
35180
32863
10210
17410
17424
17426
17429
17430
17431
17434
17435
17437
17438
17444
17445
17446
17448
17449
17451
17452
17388
22446
3704
17747
32167
17851
17831
17841
18964
18009
18217
18218
18235
18195
18102
18137
39750
19073
8676
7550
18677
18727
18456
18595
14907
41890
5211
18721
45047
7460
6382
34322
18893
34319
17801
14753
34189
19050
3853
19274
17590
29077
16758
19436
19425
19521
19534
19544
19572
19683
19672
19680
19685
19686
33313
20252
30872
7894
11289
17121
28712
45596
20561
29722
26751
21024
5215
45220
20606
6448
13189
20704
20710
20713
20714
20718
20719
20720
20721
20722
20723
20724
17845
31146
20689
17286
34744
34763
34301
38059
17237
24085
21003
21383
21247
21828
21629
32690
21527
21360
21365
37391
26146
21117
12272
21754
19624
21526
24263
13593
21627
21661
39113
12914
45682
21525
33731
21764
38624
38661
22018
45785
22094
34912
30803
22281
5345
41564
37828
37829
37830
37831
37832
44869
22373
22374
40976
26880
22561
22465
23829
22601
22602
22888
25299
16288
23520
23485
23487
22898
35378
36160
40560
42693
23530
26804
26805
32576
25519
43270
29198
44535
37079
23210
36646
36652
36653
36707
47645
36279
26725
23391
29528
23455
23456
23511
48797
36539
39263
8107
8604
19013
46550
38150
39939
44559
43537
24045
6071
23994
24088
28417
28408
48691
28355
25978
26169
42949
43763
46203
2708
24136
29606
29607
25161
24496
24497
24498
24568
24547
34650
36551
24558
30281
33457
24615
24618
24628
32520
44747
29768
24744
24749
24779
24780
24793
24794
45517
35627
35634
35635
31047
45865
46248
41993
34908
38227
47108
35745
35746
18474
38951
43219
27549
25305
25313
25314
43553
33125
23830
34330
32125
47647
40929
41207
31642
17251
44828
42393
34318
7847
40186
28203
41470
10336
26430
26433
26099
26133
26139
26140
26141
26144
26145
26047
26393
2280
5876
26404
26457
26459
29488
29489
40284
10955
33726
26631
27112
23717
27046
27047
26759
26763
26766
26822
26814
28151
45051
41223
29498
26932
10283
27946
6302
34959
28630
27165
27227
27239
27240
25408
27369
45518
45049
43395
44796
43694
27515
36275
42362
8539
5502
38078
47305
7908
38657
38466
28141
28142
28146
28186
30161
34075
8105
28257
28258
19206
14485
26575
36264
28460
28470
28471
28472
28473
28475
28476
28477
28478
28487
35824
28569
28570
41478
43696
43698
43699
33208
47931
33782
28831
28832
28877
28848
28860
28861
24730
28773
42687
28796
28983
29002
29003
36151
27391
21648
14302
28845
5901
31886
34776
29275
24132
38743
30358
38682
38171
32922
29247
32935
32811
41700
29461
8282
34372
7576
30445
29581
29598
32427
42354
29661
29662
29885
29886
46310
49186
44205
29835
37152
29918
14680
29929
48874
38559
38345
31822
30053
47945
22583
48687
30228
30229
30831
36111
35267
23224
14539
6337
34611
46511
11852
36565
30581
30577
31625
31626
31629
30709
28757
30747
30774
30761
45225
30967
31567
31568
31571
31267
41622
33764
31138
40457
31591
21143
31380
31381
31387
31506
31512
31513
40914
43561
47642
33573
33778
31593
31686
39363
31663
39982
31734
31735
32483
31714
31823
31831
31832
42760
41148
39338
39493
27532
7332
44637
33229
32749
36524
36493
43302
32384
32387
32494
32488
32722
39460
32716
45635
13450
32933
32858
42165
32872
44768
44769
44770
23795
4271
33084
42145
16637
46280
38285
38286
38287
41087
33300
45286
47311
45842
27477
43139
33510
33511
34081
33963
33964
33965
33966
40673
33610
33611
33614
33617
18809
33868
29155
33794
33537
5440
7514
34264
47022
47036
34381
34382
34513
34587
34549
7540
45175
36522
34596
15550
35798
24581
34667
36267
29333
35211
35215
35216
35217
35225
35226
31705
7689
23095
27835
43943
34970
16122
49216
49217
35912
35914
35915
46617
21372
37643
32405
48350
45191
47828
45854
5285
35559
35560
35566
35520
38795
8003
33529
35716
35625
35722
36906
35613
35792
35794
35796
35797
35800
35801
35803
35807
35823
39251
40896
29133
36347
35244
47413
36040
36041
43626
19457
20212
23402
14810
9337
15830
37501
37506
37510
37511
1058
32625
31761
36767
36637
39694
30251
37675
29238
48133
42045
17023
30542
44671
30841
22903
37065
37130
37147
32171
41707
41710
37298
42770
17367
39111
43502
42778
31035
21217
12101
46068
28090
37809
26578
17572
12991
17572
41687
23879
34031
44549
8216
30420
38401
43848
28113
23914
38837
38860
44386
16176
39067
39068
39072
38138
39351
49179
37316
17581
39800
15692
39378
40057
36348
39855
39496
40193
39449
39584
39335
41563
39065
39846
39149
40014
4645
39770
29504
39493
27751
30341
40185
44557
40033
40256
39300
39272
42601
36348
29539
34902
31272
40303
43483
34242
45537
46363
28179
40585
36203
38682
29714
42527
43964
44932
44933
44934
44937
44938
44949
44950
44951
44956
44957
48171
43976
40998
41927
47669
41061
41062
29583
30740
41289
41326
41304
41354
38208
26700
47997
41625
41626
41628
41629
41637
28080
40759
41731
37375
41527
41528
41535
37075
41681
29700
41511
45191
43766
16110
28309
41611
10850
41795
41817
41815
41816
41821
48503
23861
44867
41940
5117
49315
13283
47817
30374
23367
42295
30329
12407
1112
15021
42357
42384
42385
42373
42864
42509
5964
26574
44535
42606
25914
43054
45264
42817
27921
8412
27483
42911
42930
43731
43732
43748
29938
35204
45393
43138
43167
43186
32496
3013
43388
43394
43397
47514
47834
8888
43410
44804
48803
1520
36459
43494
34136
49039
26715
40650
43753
43751
45431
21751
43896
28115
40816
45542
48080
44095
18178
44224
44428
44479
44319
48622
28076
44561
23368
33243
44713
33879
8663
1899
5964
6730
9329
38644
39055
44869
45707
41747
5065
47410
45179
45195
45212
45213
45214
45215
45254
45287
45309
45311
45315
45323
45416
45418
22995
45461
45469
45470
22425
44009
45631
45633
45636
45639
49090
45663
14710
40589
22555
49117
45966
45967
45968
4308
45913
31447
45304
46242
15670
46276
9079
46296
46287
17046
7476
46379
46393
46359
47348
47178
47179
9109
12249
46705
46706
46765
46761
46770
25473
46642
35007
47272
46993
34524
34298
34301
47060
47253
47226
47507
47508
47325
47327
47334
45988
2475
47364
37851
11531
47564
9234
47636
47881
47910
21745
48053
48048
10520
45083
48043
47694
48165
48205
48207
48209
48210
48211
48212
48187
29293
48278
48279
48080
48387
48388
48394
48422
9545
24122
48582
48565
48631
9555
48684
28365
48874
48875
48953
49003
49022
49023
49026
24379
49055
41137
49290
----
----
----
----
----
----
----
----
----
----
----
----
----
----
----
----
----
----
----
----
----
----
----
----
----
----
----
----
----
----
----
----
----
----
----
----
----
----
----
----
----
----
----
----
----
----
----
----
----
----
----
----
----
----
----
----
----
----
----
----
----
----
----
----
----
----
----
----
----
----
----
----
----
----
----
----
----
----
----
----
----
----
----
----
----
----
----
----
----
----
----
----
----
----
----
----
----
----
----
----
----
----
----
----
----
----
----
----
----
----
----
----
----
----
----
----
----
----
----
----
----
----
----
----
----
----
----
----
----
----
----
----
----
----
----
----
----
----
----
----
----
----
----
----
----
----
----
----
----
----
----
----
----
----
----
----
----
----
----
----
----
----
----
----
----
----
----
----
----
----
----
----
----
----
----
----
----
----
----
----
----
----
----
----
----
----
----
----
----
----
----
----
----
----
----
----
----
----
----
----
----
----
----
----
----
----
----
----
----
----
----
----
----
----
----
----
----
----
----
----
----
----
----
----
----
----
----
----
----
----
----
----
----
----
----
----
----
----
----
----
----
----
----
----
----
----
----
----
----
----
----
----
----
----
----
----
----
----
----
----
----
----
----
----
----
----
----
----
----
----
----
----
----
----
----
----
----
----
----
----
----
----
----
----
----
----
----
----
----
----
----
----
----
----
----
----
----
----
----
----
----
----
----
----
----
----
----
----
----
----
----
----
----
----
----
----
----
----
----
----
----
----
----
----
----
----
----
----
----
----
----
----
----
----
----
----
----
----
----
----
----
----
----
----
----
----
----
----
----
----
----
----
----
----
----
----
----
----
----
----
----
----
----
----
----
----
----
----
----
----
----
----
----
----
----
----
----
----
----
----
----
----
----
----
----
----
----
----
----
----
----
----
----
----
----
----
----
----
----
----
----
----
----
----
----
----
----
----
----
----
----
----
----
----
----
----
----
----
----
----
----
----
----
----
----
----
----
----
----
----
----
----
----
----
----
----
----
----
----
----
----
----
----
----
----
----
----
----
----
----
----
----
----
----
----
----
----
----
----
----
----
----
----
----
----
----
----
----
----
----
----
----
----
----
----
----
----
----
----
----
----
----
----
----
----
----
----
----
----
----
----
----
----
----
----
----
----
----
----
----
----
----
----
----
----
----
----
----
----
----
----
----
----
----
----
----
----
----
----
----
----
----
----
----
----
----
----
----
----
----
----
----
----
----
----
----
----
----
----
----
----
----
----
----
----
----
----
----
----
----
----
----
----
----
----
----
----
----
----
----
----
----
----
----
----
----
----
----
----
----
----
----
----
----
----
----
----
----
----
----
----
----
----
----
----
----
----
----
----
----
----
----
----
----
----
----
----
----
----
----
----
----
----
----
----
----
----
----
----
----
----
----
----
----
----
----
----
----
----
----
----
----
----
----
----
----
----
----
----
----
----
----
----
----
----
----
----
----
----
----
----
----
----
----
----
----
----
----
----
----
----
----
----
----
----
----
----
----
----
----
----
----
----
----
----
----
----
----
----
----
----
----
----
----
----
----
----
----
----
----
----
----
----
----
----
----
----
----
----
----
----
----
----
----
----
----
----
----
----
----
----
----
----
----
----
----
----
----
----
----
----
----
----
----
----
----
----
----
----
----
----
----
----
----
----
----
----
----
----
----
----
----
----
----
----
----
----
----
----
----
----
----
