1475
9189
36131
40742
11978
23582
41676
17174
41318
1315
15477
32969
8267
12109
10346
15960
2765
34637
42775
39158
----
----
37541
26249
19751
33682
10067
23218
29078
----
4815
36954
27310
31452
7608
31172
39225
29402
8797
42363
----
40944
21089
26618
7791
16110
17379
4716
18161
----
34363
31871
14544
42952
9162
7371
12562
14528
19407
41861
41481
29911
6696
36257
27873
11828
----
20710
12965
----
14968
31389
31683
42510
32749
40077
32337
35659
41958
8470
----
43137
17279
25469
28255
40991
3372
3520
24978
40849
30267
17054
37394
----
38200
5271
31560
40733
25127
5441
17144
37574
19588
20967
27527
26699
7684
34173
39857
37425
33788
33786
9616
34004
23849
----
28934
30760
35021
----
10781
11998
33801
7112
33439
37640
420
20493
43976
----
26572
----
10953
14249
21293
43264
4649
29849
1237
40611
11382
----
----
18028
31806
1988
34611
23612
2504
41497
31403
32550
22006
39482
3101
40971
22088
41854
35990
42010
10330
42559
7037
----
21159
16939
11503
40339
36126
43343
6778
8369
40816
42738
8388
30931
23067
41471
42867
21312
17839
32975
----
10608
34752
36559
35202
36469
16322
28897
5471
38875
3763
25822
9585
17619
36944
11857
7074
34056
43369
7683
4702
2910
41383
41948
4703
28907
39351
30815
10475
18648
21338
17602
11979
5106
5157
42791
29402
14939
35041
8552
----
----
10274
3467
39637
32971
3527
32064
38640
10728
16591
28088
----
25911
5149
5921
----
----
15326
41926
29421
29873
36677
32547
2866
26981
30814
43162
----
5442
41922
23706
30729
31563
20978
42127
10281
10946
24952
35080
20976
40951
----
----
4283
17094
22095
42628
37148
14501
33016
12661
39563
23016
25841
32887
34143
20714
20633
28483
22405
38977
7009
21672
23081
41499
36785
39751
42783
27187
29098
42951
36289
19095
17349
41921
----
----
25051
15314
20228
20730
42908
22622
4864
37644
34324
----
20730
42619
33126
37328
31232
41388
----
3482
27008
18288
33361
35691
14534
41657
16362
33176
36971
9420
----
8065
6382
23718
24976
37328
42771
----
----
42804
20131
15241
25469
5477
28834
36394
19435
35155
42957
----
20725
27132
12599
34146
35085
24568
7904
1864
----
----
----
14876
1960
33546
26865
42931
41723
----
----
----
----
----
7819
18200
21054
35714
16614
7842
6405
32732
36923
5217
37153
38281
39569
40314
42940
8653
----
3305
37856
10363
16094
17352
18541
10607
22163
10570
10596
41885
34200
39728
36553
36546
19055
17106
----
16087
8008
42697
2154
31473
14145
20864
17860
5212
43008
42139
20994
43973
41509
----
----
19943
26535
12719
41687
15663
34499
5008
6699
----
----
----
----
36702
20064
8383
12598
15984
41140
13792
30666
28357
24377
24986
5387
32203
33938
8015
32252
34453
19941
36639
39881
----
----
----
----
----
----
----
----
2913
3686
7299
10545
18058
41610
22262
24329
42930
4192
27569
2859
4317
44007
42788
36979
34906
28089
40894
9313
7944
41969
----
----
36486
7785
33680
42807
28131
13522
42534
20862
35081
19053
5875
27568
17658
31213
38518
42422
33590
34390
31233
31928
7038
30861
35204
5219
20146
40282
42798
41944
36820
32657
----
----
1428
8007
7370
21825
3720
9048
25052
24004
15990
22261
29210
26556
20645
41647
22216
22775
30131
31550
34123
27343
26777
27102
19726
10332
41638
43985
----
----
----
----
----
2086
----
16266
2850
33664
41923
9572
30521
1391
13749
15986
41650
20913
2402
2012
3531
28481
20649
4370
5855
20724
40622
21360
4698
7010
36009
23653
41884
6893
41874
22268
42948
29142
26416
27326
31215
28465
43682
34059
6330
27315
40896
2424
24891
39871
17000
6695
2907
42868
24592
11006
41818
----
----
----
----
8377
----
----
----
41875
8090
8113
10170
30953
33760
24023
2925
35526
16656
42706
17205
33586
37132
29422
23014
7659
30738
40087
42699
10431
23041
10315
27096
22812
31541
10916
26550
4192
6267
43919
28357
31567
25568
22707
33932
36758
34122
34111
36003
42590
36307
24044
27885
37720
16875
39589
41317
8569
21360
34062
42907
42003
43984
43986
8664
42723
19675
----
----
----
----
----
----
----
----
42653
42683
11743
17790
39826
2859
18782
9962
9571
30569
8111
11325
13587
18671
42532
11782
19780
37645
12599
16436
16437
19052
20723
40623
21160
25568
19438
38291
22830
22831
42723
41817
41807
24329
25631
4061
41884
16875
23985
28003
24028
26219
27885
34144
36437
24447
42606
22895
34507
5807
7748
31205
42597
40614
38164
40438
25763
34356
40962
41324
42595
42859
7609
30570
42747
42954
42956
42806
42765
32207
41999
1191
26351
----
----
----
----
----
----
----
42738
19096
30939
11167
13824
24936
8125
22168
36278
24013
8107
28364
37743
12556
42883
11004
12898
12899
13196
24001
15546
28482
37191
19626
9223
23982
42838
7098
10509
20035
20037
40179
18596
26476
20646
20919
24570
27325
37187
24822
23181
42567
42604
22267
41951
34392
11134
8107
7221
2910
26244
41853
18014
27001
27002
27005
35670
28358
32538
36578
32449
32396
30760
10967
35521
21799
6328
36687
39044
11877
22444
42533
42557
34468
34479
7098
35756
43193
19440
25958
36441
29142
27245
19979
37734
42541
19820
22261
22267
25566
39568
40088
18001
970
24171
21204
42727
42696
42722
42591
42598
18277
42736
42953
42805
42869
42876
42172
42173
41660
2923
41636
10738
43984
32787
41872
----
----
----
----
----
----
----
----
----
