1
28838
31651
11570
27261
31455
29172
5895
30317
17233
31805
19287
2357
9542
8391
19818
28143
20590
13785
10269
5394
28727
19126
26038
31963
23668
8070
28938
4991
11888
8169
20884
13872
15359
9894
28043
31260
27269
31040
31209
23537
30459
10172
26206
2232
5555
6
8355
31930
31246
17682
31719
7120
6920
3416
31731
21858
31650
9684
2246
214
11295
21747
6120
31093
22895
12993
1871
2328
4240
31733
31061
20683
15
29998
8624
27978
3116
11279
14631
21364
31814
8632
29185
16390
22699
13723
19179
24972
10182
23805
5315
7969
29192
31129
4638
12
24008
841
9750
13408
1498
20436
29660
21830
31377
1122
4315
10825
12030
20954
30731
9310
19508
1467
2334
12176
29224
14660
31975
13194
14675
17916
17780
1367
5099
13065
18389
5835
30781
17946
19425
30273
3886
5729
6763
11291
260
19918
18500
22084
7728
6657
23991
31919
8753
8471
14048
14612
7392
30436
2045
31914
27777
31697
666
7871
22060
29789
9357
17312
20946
3126
28638
31600
31666
12584
31544
605
20995
17423
30761
2047
9627
11175
14052
28798
454
8903
17
9150
19085
8374
11081
20624
1296
10342
16787
23473
7460
12625
11900
23357
31088
1568
15570
26488
29064
7313
11506
16938
28166
3522
9576
19994
5855
27251
4766
6860
22698
3365
11062
8193
2634
10211
14735
19347
30513
1380
1858
30509
1046
12780
30196
15905
28697
2377
2725
28886
9776
3291
19081
979
12756
14695
31252
12003
12052
13012
19027
19414
26749
26885
13459
19040
21189
554
4448
12468
13379
26672
31923
20470
31762
411
1448
1496
19641
20836
30591
31900
31920
1790
20234
20338
5589
6119
6759
8403
9771
10781
20963
22020
31917
8865
19301
28134
31251
9435
13082
21307
24858
9266
31038
499
3008
6615
6689
19484
2617
5364
10423
13312
17749
18315
2096
3131
9598
14026
14718
18379
4927
14477
502
11412
12298
13034
17213
2767
5689
6459
6959
15271
21254
22598
1763
3545
6947
11564
23414
5238
8445
17815
27915
10242
10655
4162
10083
12684
16806
19455
20044
28823
31969
6457
7553
12005
12473
22269
31237
4367
11792
21555
22453
31727
8676
9299
11985
14670
15104
16858
19451
20228
26567
27215
10056
13979
18285
24485
27940
18661
20297
24855
26266
2721
8848
11853
13036
14434
14609
16274
23907
28423
853
2437
5065
9983
13947
19305
25859
28826
29384
7330
31305
6686
10315
15836
17971
18699
23374
1485
5113
6938
16798
20220
22747
22931
25665
29888
2051
5153
8993
9356
10311
10643
12697
13911
22081
22728
23205
24844
24994
25035
31735
4088
11466
23317
26574
2642
3421
4217
4415
8654
10893
12079
12152
13062
16661
18010
18026
21256
22232
22543
23761
3798
4207
11239
14869
17679
21204
21834
23901
27807
29163
6631
7116
9216
10559
10661
14790
15120
17619
17710
28689
114
2751
9393
11743
12649
19339
19920
21216
22581
23525
25348
25660
29431
5981
9515
10146
12462
13168
14202
14693
18696
20779
27956
8150
11340
16070
17705
18620
20251
25544
30259
1975
2148
4502
7234
8176
8269
8912
13571
18886
21221
21591
23070
28300
1569
4716
5707
7119
7965
11491
11720
14385
19297
22221
22755
23394
28385
30768
112
136
318
1008
1651
3589
3907
5397
5466
6110
6786
9565
11446
12547
12848
13304
18090
19299
20602
20748
20801
22012
23671
24820
25614
26126
26750
29946
480
3371
4171
4532
5485
12065
14388
19083
23585
24912
26873
29343
29534
1283
1526
1646
1770
2990
5258
7124
7517
8348
9493
9847
10707
10935
11790
12343
14030
16682
18506
18576
19258
185
1669
3300
4500
5021
5874
6660
7346
8205
9520
10347
11181
11850
11983
12860
13027
14563
16049
16740
20876
21275
22041
23360
616
1831
2114
3012
4896
7147
7862
9467
9581
9818
10346
10457
14533
15322
15700
16633
17308
19110
19638
19716
21434
22002
27422
29414
868
3651
4956
4998
5252
6089
7605
9571
9662
9687
10122
10617
12627
12964
14251
15215
16939
19334
20279
20282
20388
20993
21180
21481
30983
3145
3872
4046
4314
5464
5786
6583
6622
7563
9136
9500
10080
10350
10623
10995
11250
11306
12267
13940
14302
17773
18251
21739
22473
25075
25664
27662
30811
31726
617
668
1127
1652
2122
3137
3577
4873
6754
8083
10752
11497
15251
17331
17783
19660
20419
20490
20520
24861
28394
29582
30693
31150
432
1041
1263
1368
1671
4001
4661
6494
6856
7830
8053
8166
8611
8691
9108
10148
14300
14549
15351
15749
16672
16900
18032
18201
19529
20882
22022
22928
23142
27935
100
232
1158
1625
1875
2636
3434
3654
4650
5190
10937
11033
11417
11963
13637
13854
16015
16160
24838
25999
26259
26296
27226
27886
28266
28531
30079
30227
31597
89
1282
1597
2098
2713
3350
3645
5916
5957
6538
7017
9440
9970
10052
10952
11549
11621
12070
12283
12814
13031
13196
13618
13782
14359
16654
17714
18788
19244
20270
21533
22750
22936
22979
24165
25153
25309
26474
26759
27650
28338
28517
28552
28667
29349
30336
30853
31890
425
735
1484
2037
2082
2845
2947
3694
3926
4078
4438
5459
6656
8019
10199
10374
10485
10684
11127
12056
13430
14102
15613
18900
19511
19605
19656
20114
20245
20752
22603
22624
22803
23506
26257
26364
26451
26910
27579
30049
31361
31713
569
920
1350
1552
1758
3080
3953
4108
4761
5602
7435
7718
8451
9130
10630
11214
11502
11690
12314
12338
12791
13486
13763
14196
14324
17153
17538
17589
18141
18457
18485
19044
19721
20800
22132
22512
23249
23723
23891
24273
24984
25352
25930
25964
28178
28245
28246
28906
28923
30394
56
945
1309
1469
1643
1962
2380
2456
3619
3692
3705
3956
5029
5806
7408
8072
8230
8495
8963
9146
9466
10203
11072
12712
14375
14877
15310
15754
16165
17673
19131
19531
19771
19952
20446
20935
21151
21284
21323
21511
23008
23628
25091
26060
26283
26538
27460
27473
27545
28351
28410
29350
31848
609
738
795
849
884
1339
2654
2723
3239
3678
3960
4158
4345
4803
5122
5192
5244
5399
5554
5712
6458
6941
7193
7235
8488
9001
10465
10747
11589
11611
11686
11832
12104
12406
12695
12874
13120
13320
13351
14035
14507
14827
15381
16257
16336
16464
18110
18159
18860
19718
19997
20098
20316
22095
22430
22866
22999
23931
25919
26064
27369
27767
29687
30199
31079
31297
350
939
946
1532
2006
3164
3584
6438
6772
6942
7143
7295
7416
7551
7761
8351
8526
9403
9409
9553
9647
9749
10000
10035
10046
10204
10644
11180
11829
11936
12245
12770
12792
13453
13540
14433
14618
15154
15167
15485
16065
16521
16704
17977
18180
18534
18771
19099
20175
20998
21144
21623
22739
22785
23062
23568
25234
25996
26186
28400
29062
29383
29683
29756
30723
31179
31281
31456
393
593
1203
1475
1594
1692
2330
2390
2452
3425
3675
4033
4099
4193
5622
5866
6184
6731
7188
7312
7528
9044
9230
9234
9271
9672
9817
10117
10769
11016
11423
11685
11817
11905
13161
13795
13876
14279
15415
15854
16035
16572
16594
16957
17049
17889
18154
19074
19723
20054
20517
21407
22106
22332
22376
22377
22575
24626
25466
25492
26158
27664
28017
28183
28465
29107
29319
29526
29869
29943
29991
30052
30383
30747
31464
31527
475
707
1146
1590
1630
1823
1951
2019
2435
2467
2709
2762
2842
2870
3192
3356
3687
3860
4052
4150
4329
4364
4439
4486
4584
4649
4941
4942
5090
5271
5435
6200
6997
7057
7833
8342
8996
9203
9490
9616
9773
10257
10598
10785
11576
11986
12410
12444
13041
13187
13868
13967
14198
14406
14541
14757
14794
15069
15395
15833
15908
16311
16340
17781
17956
17997
18489
19463
19807
20494
20841
20911
21053
21647
22059
22240
22369
22443
23077
23489
23772
24106
24573
24602
24867
24931
24945
24965
25165
25272
25459
25926
26090
26760
26920
27466
27564
28728
28770
29643
29870
30112
30146
30174
31081
31112
31517
31741
31749
973
1359
1497
1837
2605
2624
2699
2757
3274
3485
3622
3663
3676
3741
3975
4002
4130
4309
4368
4440
4472
4525
4574
5307
5428
5810
6225
6386
6765
6912
7270
7640
7667
7795
7966
8121
9708
9863
10106
10266
10381
10635
11012
11118
11425
11661
11691
11813
11965
12260
12755
12995
13594
13635
13855
14229
14465
14689
14738
14795
15056
15170
15174
15208
15628
15972
16229
16402
16429
16490
16614
16685
16747
17114
17336
17395
18307
18366
18397
18857
18984
19246
19395
19676
20886
21004
21016
21023
21300
21496
21568
21595
21605
22333
23216
23565
23735
23756
23788
23904
24611
25043
25127
26341
26353
26613
26832
27910
27977
28487
28907
29709
29754
29849
30109
30200
30307
30456
30959
30960
31148
31815
329
394
453
732
757
961
1047
1050
1410
1459
1566
2381
2404
2702
2722
2888
3141
3152
3194
3590
3677
3691
3847
3898
3981
4067
4118
4183
4397
4787
4793
4794
5268
5517
6044
6090
6126
6358
6384
6481
6847
7293
7502
7596
7688
7733
7821
7886
7910
7977
8003
8089
8378
8571
8992
9003
9014
9218
9341
9402
9443
9885
9905
10170
10222
10421
10513
10956
10993
11262
11510
11587
11959
12520
12580
12583
13366
13845
14355
14555
14687
14813
14926
15018
15575
15768
16007
16099
16564
16596
16655
16768
16843
17112
17477
17649
17716
18174
18238
18431
18461
18507
18603
18815
18820
18901
18956
19073
19174
19472
19894
20152
20159
20609
20725
20728
21048
21083
21473
21475
21916
22361
22469
22531
22724
22988
23393
23449
23476
23514
23955
24204
24262
24848
25108
25162
25419
25515
25574
26146
26256
26330
26344
26432
26602
27171
27389
27703
27744
27749
27993
28089
28115
28373
28442
28544
28959
28982
30033
30168
30858
30954
30982
30994
31127
31385
31423
31492
31508
31732
283
452
551
756
797
1066
1292
1308
1457
1632
1683
1820
1963
2097
2268
2450
2520
2553
2612
2774
2834
2849
3044
3079
3111
3144
3184
3278
3379
3466
3650
3686
3870
3892
3988
4091
4123
4377
4425
4459
4463
4519
4572
4581
4610
4652
4656
4768
4805
4809
5059
5226
5593
5920
5969
6104
6377
6446
6454
6810
7089
7180
7233
7266
7451
7481
7493
7507
7537
7587
7668
7675
7778
7934
8032
8177
8326
8357
8416
8487
8822
8830
9311
9425
9453
9584
9802
9886
9964
10004
10071
10082
10536
10541
10577
10679
10811
10896
10924
10992
11092
11177
11204
11216
11318
11438
11746
11964
12015
12017
12208
12439
12518
13175
13251
13253
13324
13395
13397
13449
13468
13607
13968
14193
14238
14456
14629
15153
15343
15503
15808
15999
16106
16243
16565
16602
16732
17025
17131
17187
17249
17252
17709
17856
17888
18085
18309
18673
18774
18802
18819
18859
19034
19048
19153
19200
19252
19333
19559
19778
19990
20048
20262
20451
20547
20782
20821
21193
21485
21513
21655
21742
22236
22468
22471
22612
22667
22874
23313
23617
23647
23778
23789
23884
24072
24849
24886
24927
24936
25076
25110
25118
25143
25159
25191
25217
25233
25275
25389
25438
25496
25518
25668
25721
25848
25872
25931
26208
26410
26530
26830
26831
26968
27042
27050
27143
27237
27381
27472
27643
27782
27824
27831
28027
28405
28486
28500
28642
28766
29277
29326
29398
29477
30036
30445
30483
30609
31199
31325
31367
31534
31886
31910
31918
380
398
416
549
613
615
898
899
932
934
1053
1187
1259
1377
1510
1551
1560
1562
1585
1767
1800
1851
1911
1950
2068
2158
2347
2368
2490
2499
2827
2857
3096
3110
3125
3150
3154
3188
3245
3261
3269
3440
3667
3706
3807
3828
3910
4003
4036
4077
4081
4087
4187
4212
4456
4515
4533
4578
4695
4715
4804
4817
4843
4871
4922
4996
5035
5176
5261
5303
5390
5408
5471
5502
5587
5615
5978
6024
6136
6297
6354
6389
6846
6886
6895
7138
7257
7384
7396
7622
7751
7768
7860
7892
7894
8078
8117
8242
8331
8340
8422
8486
8560
8690
8806
8819
8831
8832
8855
8966
9075
9090
9143
9245
9320
9407
9414
9481
9602
9632
9787
9858
9868
10068
10096
10161
10454
10646
10654
10763
10828
10869
10920
11143
11158
11308
11317
11352
11406
11427
11428
11592
11745
11819
11920
11921
11971
11992
12332
12582
12923
13032
13227
13325
13483
13485
13914
13924
14183
14220
14256
14282
14315
14546
14613
14653
14871
14925
14969
15404
15411
15489
15799
16063
16104
16330
16362
16367
16501
16517
16684
16731
16813
16884
16885
16886
16888
16962
17045
17055
17089
17127
17313
17413
17442
17672
17694
17932
17998
18074
18079
18105
18135
18667
18686
18803
19096
19140
19194
19283
19292
19410
19488
19558
19722
19761
19932
20065
20115
20150
20151
20163
20293
20480
20781
20804
20829
20916
21022
21090
21238
21354
21608
21651
21768
21804
21826
21887
22072
22094
22166
22296
22303
22353
22446
22474
22617
22766
22823
22871
22889
23322
23481
23783
23861
23979
24103
24524
24857
24986
25077
25093
25134
25350
25623
25624
25804
25995
26030
26045
26102
26988
27012
27013
27014
27020
27021
27049
27219
27330
27396
27476
27523
27551
27554
27607
27608
27840
28147
28252
28276
28362
28414
28445
28464
28489
28515
28857
28954
28983
29036
29049
29154
29469
29476
29482
29529
29577
29664
29812
29898
30078
30108
30129
30197
30305
30497
30649
30732
30748
30773
30803
31234
31512
31587
31623
31850
31954
31961
31982
346
374
379
419
694
719
839
1033
1044
1124
1151
1293
1362
1405
1411
1429
1455
1472
1535
1547
1561
1579
1626
1631
1661
1674
1813
1814
1891
1973
1998
2001
2057
2155
2233
2341
2401
2415
2445
2446
2459
2513
2524
2528
2537
2598
2611
2719
2891
2946
3100
3121
3123
3132
3142
3246
3249
3281
3283
3284
3293
3328
3345
3393
3396
3459
3460
3528
3548
3553
3588
3641
3688
3755
3775
3948
3962
4018
4062
4151
4224
4289
4294
4302
4389
4449
4451
4464
4492
4498
4511
4517
4546
4569
4577
4598
4600
4621
4636
4668
4682
4686
4740
4747
4788
4797
4911
4939
4950
4971
5149
5169
5326
5340
5342
5405
5421
5424
5481
5540
5592
5743
5988
6017
6054
6058
6157
6298
6299
6300
6302
6322
6347
6406
6498
6528
6556
6575
6676
6694
6703
6704
6889
6900
6901
6989
7106
7250
7335
7336
7343
7361
7394
7405
7430
7443
7520
7535
7538
7631
7703
7730
7772
7779
7986
8043
8065
8080
8163
8274
8431
8460
8466
8468
8619
8678
8710
8722
8758
8847
8971
9027
9038
9095
9117
9127
9131
9140
9187
9208
9237
9238
9239
9255
9265
9303
9318
9408
9429
9455
9488
9489
9606
9641
9660
9661
9903
10037
10212
10215
10236
10349
10418
10511
10514
10539
10580
10633
10682
10688
10709
10873
10881
10882
10949
10975
11090
11203
11213
11224
11326
11331
11380
11441
11455
11472
11523
11609
11723
11730
11945
11961
11972
11978
11981
11988
12077
12094
12196
12344
12466
12522
12541
12588
12591
12645
12648
12815
12925
13008
13373
13409
13429
13565
13570
13693
13748
13836
13875
13913
13935
14031
14047
14109
14169
14295
14329
14862
15121
15302
15380
15393
15467
15499
15533
15536
15620
15649
15798
15801
15809
15814
15878
15884
15901
15946
16050
16071
16076
16077
16147
16268
16323
16397
16418
16424
16482
16485
16528
16584
16587
16650
16823
16830
16971
17021
17044
17123
17124
17125
17256
17316
17397
17430
17434
17475
17701
17832
17838
17848
17878
17938
17955
17993
18009
18084
18166
18208
18260
18266
18352
18384
18430
18467
18607
18655
18678
18722
18739
18748
18763
18765
18882
18913
19047
19138
19141
19144
19160
19170
19242
19277
19367
19502
19609
19633
19645
19651
19657
19714
19799
19850
19872
19917
19987
20036
20052
20062
20140
20266
20323
20342
20345
20365
20438
20511
20727
20940
21059
21253
21379
21382
21519
21622
21724
21820
21888
21903
22030
22044
22046
22047
22049
22050
22126
22249
22276
22302
22466
22532
22535
22559
22716
22806
22872
22953
23004
23025
23071
23101
23208
23295
23347
23365
23452
23833
23886
24095
24097
24130
24309
24319
24361
24381
24405
24447
24452
24528
24565
24597
24919
24935
25051
25087
25105
25161
25170
25246
25360
25377
25390
25403
25557
25576
25656
25738
25822
25910
26106
26226
26387
26433
26571
26867
26868
27007
27128
27185
27221
27320
27376
27418
27471
27480
27516
27790
27804
28006
28018
28030
28214
28259
28318
28471
28555
28600
28643
28645
28807
28820
28948
28949
28951
28995
29023
29084
29130
29175
29282
29327
29378
29450
29458
29522
29540
29641
29733
29996
30042
30098
30198
30324
30498
30510
30514
30516
30539
30610
30619
30778
30884
31124
31126
31204
31223
31230
31354
31359
31374
31424
31466
31528
31551
31674
31862
31864
31897
31937
116
119
342
378
382
405
423
443
444
445
470
504
505
506
515
582
607
611
790
792
799
818
867
919
935
994
995
1024
1032
1063
1093
1101
1129
1257
1258
1260
1264
1291
1338
1395
1439
1454
1465
1491
1492
1493
1499
1514
1533
1534
1539
1572
1593
1627
1642
1650
1656
1659
1667
1670
1672
1673
1687
1806
1816
1817
1836
1867
1895
1923
1940
2119
2147
2149
2196
2200
2202
2216
2219
2225
2306
2353
2387
2395
2403
2417
2418
2420
2422
2458
2486
2491
2501
2511
2526
2527
2529
2571
2578
2580
2581
2593
2597
2608
2632
2643
2651
2703
2741
2771
2772
2818
2825
2852
2854
2856
3045
3051
3059
3082
3094
3097
3099
3133
3209
3242
3271
3289
3319
3346
3348
3387
3389
3395
3403
3405
3424
3461
3465
3467
3469
3486
3491
3493
3497
3504
3551
3558
3562
3563
3564
3572
3586
3592
3634
3647
3653
3655
3754
3829
3837
3841
3856
3857
3880
3882
3885
3920
3947
3950
3963
3967
3973
3993
4053
4070
4074
4083
4089
4094
4095
4096
4097
4098
4140
4143
4144
4145
4146
4147
4186
4188
4227
4256
4257
4258
4278
4291
4292
4293
4301
4324
4327
4347
4350
4361
4378
4380
4381
4404
4410
4411
4509
4530
4594
4595
4599
4601
4637
4692
4706
4713
4725
4755
4796
4852
4856
4858
4898
4934
4952
4958
4992
4997
5018
5062
5072
5077
5146
5173
5236
5259
5345
5432
5434
5553
5630
5640
5654
5661
5662
5685
5692
5693
5739
5740
5755
5756
5807
5809
5854
5857
5877
5903
5913
5998
6129
6161
6166
6178
6209
6212
6258
6270
6301
6325
6404
6405
6415
6416
6417
6464
6465
6530
6533
6534
6535
6536
6537
6540
6559
6562
6570
6574
6576
6626
6634
6667
6714
6775
6816
6845
6864
6909
7033
7042
7043
7058
7078
7079
7092
7104
7111
7179
7194
7214
7222
7242
7255
7258
7262
7275
7332
7359
7365
7397
7488
7491
7495
7498
7616
7701
7707
7729
7814
7844
7846
7896
7898
7915
7988
8006
8047
8049
8079
8098
8118
8162
8179
8202
8256
8272
8298
8309
8338
8371
8442
8453
8464
8551
8578
8588
8621
8658
8667
8677
8714
8736
8761
8810
8811
8964
9026
9033
9037
9042
9112
9120
9122
9153
9159
9162
9164
9177
9184
9201
9202
9207
9211
9226
9227
9228
9229
9231
9233
9235
9242
9243
9244
9282
9285
9394
9397
9398
9420
9475
9491
9509
9578
9601
9607
9635
9636
9667
9695
9703
9757
9803
9804
9805
9806
9807
9808
9810
9812
9813
9814
9955
9987
9989
10015
10020
10064
10066
10091
10143
10187
10247
10384
10420
10486
10494
10507
10625
10726
10737
10745
10809
10841
10846
10874
10942
10946
11014
11027
11078
11103
11157
11194
11206
11207
11208
11209
11212
11219
11223
11319
11320
11445
11504
11505
11516
11554
11759
11846
11939
11949
11984
11991
11995
11998
11999
12000
12001
12004
12006
12007
12008
12041
12101
12146
12201
12210
12265
12313
12357
12358
12402
12447
12449
12534
12539
12566
12568
12587
12589
12590
12594
12634
12708
12722
12733
12751
12793
12932
12933
12994
13019
13042
13067
13142
13172
13186
13204
13230
13244
13273
13303
13316
13376
13431
13541
13559
13563
13572
13633
13634
13679
13683
13685
13706
13736
13754
13755
13775
13797
13864
13866
13885
13891
13904
13916
13984
14001
14003
14012
14025
14082
14116
14154
14186
14188
14199
14217
14237
14239
14253
14309
14316
14345
14349
14437
14450
14457
14476
14482
14486
14562
14581
14611
14614
14615
14643
14716
14868
14901
14929
14930
14954
14960
14986
15001
15002
15040
15054
15055
15091
15092
15180
15188
15192
15198
15225
15243
15252
15379
15403
15454
15468
15537
15554
15561
15566
15581
15590
15607
15619
15621
15641
15644
15655
15667
15711
15756
15865
15870
15877
15886
15888
15910
15916
15947
16041
16080
16105
16151
16161
16228
16318
16353
16411
16497
16526
16531
16601
16637
16644
16656
16716
16720
16935
16941
16948
16956
16961
17016
17029
17054
17065
17098
17126
17151
17237
17243
17245
17246
17253
17255
17266
17285
17320
17323
17391
17456
17457
17461
17463
17471
17555
17564
17565
17577
17582
17587
17717
17758
17771
17774
17786
17834
17839
17897
17902
17930
17940
17944
17967
17986
18055
18102
18140
18155
18157
18188
18192
18204
18205
18249
18278
18333
18336
18380
18381
18385
18391
18432
18433
18449
18649
18654
18662
18676
18712
18740
18741
18742
18796
18846
18867
18878
18968
18969
18994
19006
19012
19032
19120
19139
19142
19148
19151
19152
19167
19168
19183
19266
19274
19278
19279
19291
19294
19490
19491
19492
19560
19565
19569
19580
19595
19726
19783
19787
19811
19886
19906
19999
20002
20027
20029
20056
20063
20088
20089
20117
20124
20138
20141
20142
20162
20169
20276
20280
20291
20368
20399
20476
20504
20505
20506
20508
20509
20510
20513
20534
20561
20664
20693
20712
20713
20740
20939
21032
21039
21120
21236
21255
21371
21376
21377
21409
21410
21413
21490
21532
21535
21561
21593
21594
21644
21648
21652
21663
21803
21823
21827
21846
21876
21877
21878
21879
21880
21884
21893
21894
22001
22003
22114
22216
22218
22250
22255
22265
22283
22286
22307
22309
22343
22401
22402
22403
22405
22406
22407
22408
22551
22562
22591
22620
22685
22769
22817
22878
22886
22890
22958
23039
23220
23221
23276
23280
23281
23321
23351
23355
23359
23448
23456
23485
23505
23678
23738
23842
23856
23878
24006
24013
24053
24062
24096
24098
24114
24180
24238
24244
24299
24316
24365
24400
24518
24593
24594
24620
24628
24649
24652
24688
24878
24915
24922
24929
24961
24971
25034
25071
25073
25074
25078
25088
25123
25124
25137
25139
25171
25189
25221
25222
25228
25252
25253
25259
25274
25279
25310
25342
25354
25373
25378
25416
25429
25444
25450
25460
25471
25482
25488
25510
25545
25582
25640
25851
25891
25960
25991
26000
26018
26078
26079
26080
26099
26112
26162
26165
26308
26311
26312
26339
26346
26357
26358
26359
26360
26361
26363
26366
26367
26368
26386
26434
26438
26467
26490
26618
26647
26673
26693
26711
26716
26735
26809
26827
26836
26846
26870
26891
26933
26961
26996
27029
27082
27117
27172
27177
27189
27191
27192
27211
27213
27287
27326
27347
27370
27380
27424
27429
27443
27453
27467
27484
27522
27534
27542
27601
27627
27663
27704
27724
27783
27814
27815
27832
27885
27944
27970
28001
28003
28037
28117
28119
28192
28204
28293
28348
28401
28504
28609
28654
28718
28725
28735
28764
28773
28780
28853
28867
28891
28903
28919
29007
29015
29017
29027
29028
29048
29065
29080
29081
29083
29128
29143
29149
29179
29187
29207
29263
29285
29291
29342
29355
29356
29357
29375
29382
29478
29479
29481
29517
29600
29619
29684
29693
29730
29799
29800
29820
29824
29834
29835
29847
29862
29880
29900
29903
29905
29922
29938
29957
29958
29966
29967
30024
30050
30069
30088
30114
30183
30211
30223
30253
30375
30377
30399
30404
30448
30449
30465
30473
30491
30499
30564
30565
30566
30569
30570
30575
30576
30577
30711
30727
30749
30751
30756
30763
30856
30871
30914
30930
30940
30944
30955
31000
31001
31003
31048
31119
31120
31121
31131
31133
31159
31163
31215
31236
31240
31287
31295
31314
31358
31390
31392
31412
31421
31465
31522
31577
31617
31618
31624
31626
31693
31716
31738
31750
31810
31891
31971
31979
90
91
92
94
95
264
309
385
404
424
436
481
543
687
693
721
733
751
764
787
788
789
791
794
796
798
800
851
852
854
861
866
872
873
876
915
982
992
1002
1003
1004
1006
1007
1025
1026
1027
1034
1035
1038
1039
1040
1042
1043
1048
1067
1069
1070
1071
1072
1075
1079
1080
1081
1087
1089
1090
1097
1098
1099
1147
1149
1232
1234
1261
1266
1267
1268
1269
1300
1312
1314
1316
1340
1379
1428
1430
1436
1437
1449
1450
1515
1520
1521
1541
1542
1543
1544
1556
1559
1567
1571
1573
1628
1629
1634
1635
1636
1638
1639
1640
1645
1647
1649
1653
1655
1662
1664
1675
1785
1801
1802
1818
1821
1838
1844
1845
1846
1847
1848
1849
1850
1856
1857
1866
1877
1885
1887
1889
1896
1929
1931
1960
1986
1996
1999
2004
2013
2024
2052
2055
2069
2100
2126
2127
2128
2146
2152
2153
2154
2157
2161
2165
2166
2167
2171
2172
2173
2174
2175
2176
2177
2179
2181
2182
2184
2185
2187
2191
2193
2194
2195
2198
2199
2204
2206
2207
2208
2209
2210
2211
2212
2213
2214
2215
2218
2222
2224
2227
2229
2231
2236
2237
2238
2240
2242
2243
2244
2247
2248
2249
2250
2251
2252
2254
2280
2285
2286
2287
2288
2289
2293
2299
2300
2301
2321
2325
2327
2329
2331
2335
2349
2351
2352
2397
2405
2409
2410
2413
2419
2432
2433
2434
2439
2454
2481
2488
2494
2495
2496
2497
2498
2500
2502
2503
2504
2505
2506
2549
2556
2557
2563
2577
2588
2589
2595
2596
2599
2601
2603
2606
2607
2609
2610
2625
2655
2676
2693
2705
2710
2711
2714
2715
2718
2724
2726
2727
2728
2729
2730
2731
2732
2733
2734
2735
2747
2764
2808
2809
2810
2811
2812
2813
2814
2815
2817
2819
2820
2830
2832
2853
2858
2986
2987
2995
3060
3071
3077
3078
3098
3134
3153
3155
3156
3162
3186
3187
3208
3210
3219
3232
3233
3234
3235
3236
3241
3265
3276
3279
3280
3286
3292
3295
3296
3298
3303
3309
3312
3313
3314
3315
3316
3317
3321
3323
3324
3325
3326
3330
3339
3347
3358
3360
3361
3378
3381
3382
3384
3385
3386
3390
3391
3404
3409
3426
3447
3449
3457
3458
3462
3468
3470
3472
3473
3478
3487
3489
3495
3501
3517
3518
3519
3521
3524
3526
3540
3543
3549
3554
3596
3611
3614
3615
3616
3617
3618
3624
3632
3633
3635
3637
3638
3640
3642
3643
3644
3648
3656
3657
3661
3672
3681
3682
3699
3707
3708
3709
3774
3788
3795
3801
3809
3818
3821
3830
3831
3832
3833
3834
3836
3845
3864
3873
3874
3887
3906
3939
3941
3949
3959
3964
3965
3966
3971
3972
3978
3989
3990
3991
3992
4016
4021
4037
4050
4051
4055
4056
4057
4058
4059
4060
4066
4069
4071
4093
4105
4106
4109
4110
4111
4117
4120
4157
4159
4160
4164
4165
4180
4181
4182
4184
4201
4203
4208
4209
4222
4235
4236
4237
4266
4269
4290
4305
4321
4322
4325
4343
4349
4358
4363
4370
4371
4372
4373
4374
4379
4409
4412
4422
4433
4435
4436
4460
4473
4474
4489
4496
4504
4558
4559
4564
4579
4596
4597
4607
4613
4627
4629
4646
4647
4657
4664
4665
4674
4679
4684
4688
4689
4694
4717
4718
4721
4722
4723
4724
4726
4729
4735
4744
4764
4767
4769
4771
4772
4774
4776
4777
4800
4802
4811
4812
4834
4837
4839
4844
4848
4849
4850
4851
4854
4855
4859
4861
4864
4866
4867
4874
4875
4877
4878
4882
4884
4885
4889
4894
4897
4899
4900
4902
4904
4906
4907
4908
4909
4912
4929
4930
4933
4959
4961
4963
4964
4965
4972
4975
