1
33112
34691
33871
33280
33980
32816
25372
19604
22543
391
33372
10685
19144
33024
32348
20905
16038
6479
34293
8553
13911
29382
34189
24155
19294
31244
34272
21878
23841
34618
10782
24908
28962
34404
34320
5557
13376
34323
2744
28927
31887
21697
27345
7141
8784
31692
23364
21489
31198
13263
21466
25170
23273
23669
5717
26594
27598
33114
9405
4886
34207
3964
34705
2426
30727
3614
15455
4747
26453
11971
28454
32316
13083
22880
7595
11934
22197
15561
33110
14317
11426
15329
28444
26549
21347
15146
4768
5819
16248
27138
19300
32009
18202
33743
20274
7
7863
8162
10171
4240
19550
34351
20
20435
33104
14677
9627
50
30784
16440
2965
26079
7125
7782
2637
18006
32998
9647
10278
19627
22892
32981
34568
8
10443
12533
14655
30983
31098
26048
21502
23230
28476
30448
7444
15341
26507
7410
6268
14185
3889
13343
22757
8862
9596
30321
16801
7050
7490
8662
2904
5193
9342
18839
28551
34001
10354
17296
20220
1583
2223
24653
1750
15107
2955
2478
3294
18674
6819
11678
26239
33587
20792
34343
11329
23762
22639
15641
15634
31104
6321
2860
4810
34763
15746
11076
34393
18403
22802
23884
31119
12579
27530
59
11178
19649
5155
5256
7868
17334
23839
28549
32280
7734
10290
14851
15449
10849
14227
17073
34104
23297
34747
30233
5658
7633
17300
12164
28381
2863
11788
21659
9126
10908
15828
9105
18664
26991
28060
11579
23030
3521
9136
4448
23189
34342
6593
13205
26252
5691
18217
22203
31969
7692
8054
13448
22585
34609
3877
6844
11618
24192
33308
6037
26929
34346
15419
64
4640
11631
13145
1525
9302
22503
34715
8967
9107
14344
34508
5695
8893
8950
10212
20624
1495
18549
34372
2573
9006
9090
9097
15630
22202
28131
11042
16632
12521
16662
21495
27737
664
9445
9890
11019
19938
22973
29821
30306
34357
2822
3723
10420
10914
15159
18841
20247
34416
6264
6586
7467
11867
15443
17829
2306
2639
6815
8690
21133
23009
26030
6139
9277
12267
15381
2829
5793
11445
14977
17961
24572
32825
2105
2343
6022
13615
25341
31255
1248
6680
7775
16531
26638
4643
8227
16691
19734
22752
24101
24297
28140
33111
3458
8518
14771
7576
7585
9721
11464
15351
15756
23063
1910
5017
12373
13513
17186
17589
25210
27031
28811
2514
3683
7223
10458
22422
4727
7549
9162
11062
11888
17886
32208
33463
1222
1609
7748
11996
23450
3010
4162
7514
7701
9199
13141
15142
24404
26664
31204
2383
3137
3542
8133
9443
9925
17519
17746
25275
25823
26413
27402
29
2910
5835
11780
15699
22838
30261
2980
13002
15151
18142
20531
23259
23900
24614
27560
31971
34646
132
3081
4675
7170
19633
21110
21725
24721
24774
32766
34132
645
7824
18802
19991
20798
22444
23171
24066
26994
2029
6303
8375
19782
4078
8033
15853
16515
18220
20591
24592
1882
1958
2452
4188
13688
16816
19546
23978
30391
587
1056
1638
2244
3590
4349
6964
7566
12667
16972
21882
22617
25046
28925
29828
1713
4708
12984
21350
24411
27494
29376
32798
1433
1892
3529
8145
8655
9556
11495
13495
15224
15811
22425
30379
6076
7619
10865
21150
23112
25576
25755
34168
369
2575
3591
5620
5674
10369
11014
12665
13749
16284
21167
23345
24720
25294
28600
3248
4327
6660
7355
10591
10823
18279
24474
25903
26146
28099
29069
1296
2134
3579
4433
11013
11227
11337
11354
11398
11452
15582
15652
23310
30122
32189
32714
33521
737
1953
4889
4999
6096
6587
7711
7808
8965
8998
9390
12098
13005
13436
14843
15025
24501
25162
25612
32582
34354
34512
395
1596
6827
7126
8621
12011
15385
15620
18109
18452
23244
23980
24588
32324
2083
2650
3597
3957
4090
4558
5369
9346
11998
14457
16643
18032
18734
19466
20530
22279
22532
23051
23948
30388
34409
2351
3958
8283
8770
11809
11999
14699
15262
16369
17891
18470
20147
20165
20275
21620
23930
28437
28482
34228
2918
3363
5957
6806
6842
8793
8936
9599
11657
14383
16746
17040
24760
24777
26436
27865
30338
31392
33581
943
2190
4890
5191
5728
6699
7418
7882
11581
14460
16725
18125
18763
18980
19157
19236
22090
23316
23739
27551
27720
33159
33346
34549
1024
1325
1380
2715
2923
4210
4366
5373
5665
6668
7851
8225
9370
10087
10924
11006
11946
15869
16275
16813
20511
22734
23742
28257
28435
29426
29930
30792
31085
34566
249
2285
2448
3094
4484
6762
8685
10415
12148
12672
14888
16610
17585
22870
23675
23715
25157
27229
28548
28577
28590
30043
30762
31321
31574
34516
916
1060
1067
1145
2414
2974
3545
4156
6150
6885
7029
7419
7639
7827
8251
11252
12276
13319
14871
15320
16135
16199
17796
18223
20816
24267
24600
25264
25602
28495
30042
30192
30232
32131
332
3393
4304
5510
6168
7534
9333
9462
9814
11259
13029
13655
14314
14720
14870
14898
15473
17220
18567
18582
18853
19020
23037
24012
26255
27528
29620
31824
32554
33613
33782
2275
5318
5992
6208
6726
7184
7349
8027
8426
9735
10130
10267
11377
12205
12772
13465
13739
13863
14762
14899
14912
15566
15819
15849
16104
16547
17251
17653
18812
18950
19151
19992
20294
20306
20369
20414
24542
25098
25149
26484
27368
28433
28661
29907
33813
851
2507
3329
3655
4735
5869
6095
8985
9163
10034
10239
11017
12089
13148
13415
13817
14793
15097
15525
15884
16523
17128
17990
19414
19612
21831
22001
22351
22429
23052
25338
25769
25885
26751
27998
28215
28216
28246
29024
30462
31307
33032
501
705
1630
2654
4743
4908
5268
6191
6837
7390
9516
10050
10142
10229
10748
11118
11410
11885
15246
17162
17401
17560
17574
18152
18666
20539
21028
22390
22695
22841
23706
24755
25763
26422
26530
27226
29785
30361
30944
31032
32653
32881
32938
33775
708
1343
2788
2949
3031
3898
3907
4128
4504
5281
6039
6090
6174
6945
8025
8861
9181
9237
10144
10327
10674
10837
11201
11265
11341
12417
13402
13404
13678
14324
14698
15407
16481
18438
18658
20893
21033
21542
22102
24922
25072
25586
25901
29029
30307
30427
30567
33443
914
1327
1595
2172
2201
3079
3233
3344
3356
4564
5115
5568
5859
6138
6975
8008
8132
8268
8355
8464
8970
9103
9265
9411
9471
9905
10861
11933
13693
14248
14306
14568
15448
16004
16543
16549
16744
16927
17520
18391
18723
20166
21412
22387
22513
22731
23225
23438
23616
23886
24756
24986
25128
25484
25649
25798
26415
26572
27022
27204
28273
28998
29606
29981
30844
31028
31174
383
631
871
1108
1304
1432
1919
2666
3035
3479
4129
4417
6651
7624
7799
8312
8802
9144
9536
9648
9676
10461
10592
11360
11756
12428
13418
13453
13737
13847
15644
16300
16605
16738
17146
17214
17241
18166
18476
19194
19652
19783
20169
20307
20857
22350
22436
23156
23971
24117
24247
24639
24650
26961
27957
28819
29003
29165
30148
30842
30969
31019
31171
31695
31796
33077
33315
33713
58
466
668
2635
2761
2867
3228
3240
3714
3914
4012
4567
4912
4970
5087
5315
5966
6833
7669
7906
7961
8031
8872
9535
10989
11011
12207
12693
12948
14231
14964
14985
15829
15936
16183
18135
18169
20512
20562
20814
21119
21294
21643
22078
22107
22324
22389
23008
23215
23445
23769
24306
24437
24491
24530
24539
24790
25146
25403
25922
25942
26221
26405
27000
27264
27375
28601
29936
30743
31570
32205
32667
34479
761
1087
1726
2175
2510
3246
4130
4250
4339
4369
4380
5257
5890
6379
6611
7736
8193
8249
8485
9271
10140
10502
10736
10855
11437
11832
12317
12474
12552
12726
13840
15319
16084
16306
16421
16868
17192
17206
17422
17458
17497
17571
17694
18237
18780
18823
18982
19077
19737
20279
20522
20935
21400
21404
21433
23083
23295
23348
24069
24920
25456
25921
27251
27768
28779
29327
29429
29529
29708
29862
30016
30318
30597
31661
32500
33696
34487
1689
1773
2003
2821
2873
3075
3213
3926
4199
4670
4782
4786
5363
5551
5746
7363
8067
8141
8360
9077
10044
10652
11078
11711
12342
12348
14052
14713
14946
15563
15726
15943
16072
16139
16282
16473
16774
17200
17529
17590
18343
18389
18801
19112
19516
19592
19599
19714
19739
20415
20887
21223
21430
21599
21641
21891
22073
22228
22349
22385
22616
22681
23127
23453
24311
24529
24890
25042
25295
25777
26445
26491
26608
26689
26837
27521
28245
28824
29135
29322
29602
29699
30506
31789
32122
32778
33171
33453
286
825
884
997
1186
1314
1606
2439
2622
2623
2999
3095
3097
3422
3607
3608
3813
3887
4034
4151
4450
4781
4965
5007
5126
5243
5306
5596
5696
5764
6028
6299
8715
8819
8946
9085
9311
9392
10866
11648
12381
12601
12618
12910
13276
14728
15253
15338
15534
15624
15852
15901
16231
16429
16809
17060
17884
18251
18287
18332
19385
19499
19567
19700
19779
20062
20106
20111
20486
20894
20986
21287
21388
21497
21802
22370
22533
22891
23152
23213
23814
24350
24477
24487
24745
24813
24880
24976
25044
25053
25455
25781
26325
26407
26593
26711
26743
27269
27541
27733
28202
28211
28567
28586
28968
29006
29434
29851
30195
30221
30308
30504
31604
31980
32138
32154
32446
32551
32756
32779
33440
33582
33712
34682
241
306
442
603
623
928
1008
1057
1253
1385
1611
1615
1767
1959
2053
2055
2235
2428
2772
3011
3840
3900
4056
4223
4367
4390
4540
4557
4604
4723
5060
5088
5215
5273
5356
5554
5810
5864
5906
6293
6390
6403
6609
7009
7097
7266
7394
7543
7586
7597
7785
7831
7855
8004
8591
8909
9051
9065
9175
9660
9677
9855
10255
10788
10888
11072
11192
11760
11812
12358
12568
12607
12646
12656
13043
13167
13189
13480
14688
14860
14955
15040
15130
15322
15805
16653
16785
16920
16966
17351
17377
18118
18139
18154
18634
18635
18925
19021
19453
19564
19622
19650
19657
19662
19743
19957
20026
20260
20693
20709
20818
20891
21066
21210
21480
21509
21716
21971
22404
22517
22917
23015
23357
23411
23420
23751
24226
24648
24849
24875
25187
25195
25409
25650
25729
26257
26627
26729
27040
27044
27326
27975
28034
28123
28219
28882
29321
29807
29819
29896
30159
30514
30700
31218
31590
31926
32100
32300
32383
32417
32548
32896
33188
33778
34195
34364
34497
34628
443
653
663
729
867
1134
1434
1810
1846
2396
2460
2486
2489
2560
2624
2625
2793
3054
3197
3209
3476
3495
3498
3516
3710
3768
3782
4200
4212
4396
4457
4792
5151
5176
5238
5606
5760
5967
6062
6185
6192
6528
6533
6612
6704
6734
6754
6755
6854
6918
7127
7197
7209
7498
7668
7709
7844
7848
8272
8482
8543
8806
9270
9322
9549
9877
9930
10194
10215
10478
10978
10985
11043
11084
11273
11350
11378
11468
11484
11584
11610
11824
11956
11984
12061
12259
12298
12636
12655
12938
12989
13094
13101
13199
13657
14408
14439
14486
14527
14589
14685
14987
15794
15797
15885
15982
16294
16390
16626
16627
16727
16743
16806
16907
17217
17278
17301
17758
17862
18358
18560
18710
18778
18811
19140
19322
19475
19658
19904
20103
20129
20171
20218
20308
20466
20584
20953
21081
21179
21803
21833
22015
22168
22472
22489
23712
23776
23804
23860
23944
24033
24073
24204
24497
24522
24533
24635
24979
25008
25420
25436
25469
25540
25619
25710
26260
26384
26526
26799
26901
26976
27130
27170
27308
27682
28240
28247
28491
28617
28669
28670
29188
29283
29581
29633
29772
29889
29921
30101
30152
30305
30315
30633
31123
31195
31241
31623
31664
32168
32196
32203
32252
32257
32265
32528
33020
33255
34386
34478
34624
34627
34647
667
937
1052
1152
1225
1262
1285
1287
1346
1409
1455
1524
1584
1604
1632
1648
1667
1777
1842
1941
2014
2193
2410
2723
2890
3015
3189
3201
3216
3259
3298
3478
3809
3814
3819
4054
4140
4306
4357
4548
4569
4720
4773
4849
4865
4895
4903
4928
4976
5025
5031
5034
5167
5168
5188
5352
5395
5577
5636
5733
5989
6437
6456
6553
6555
6562
6765
7121
7195
7233
7247
7312
7317
8089
8267
8404
8416
8417
8804
8856
8904
8929
9004
9299
9396
9447
9456
9544
9681
9730
9788
10020
10166
10179
10406
10532
10756
11049
11099
11216
11269
11321
11357
11917
11949
11967
12010
12072
12266
12509
12658
12720
12790
13235
13901
13927
13988
14140
14176
14188
14197
14202
14650
14691
14800
14810
14822
14966
15131
15147
15293
15603
15665
15708
15783
15804
15944
15960
16025
16156
16432
16648
16709
16895
17045
17067
17071
17081
17254
17292
17465
17548
17559
17567
17618
17652
17671
17768
17868
17930
17980
17983
18265
18350
18390
18421
18529
18588
18593
18690
18701
18760
18818
18820
19005
19008
19054
19266
19461
19698
19707
19735
19786
19891
19903
20091
20210
20288
20481
21067
21192
21359
21854
21856
21960
22031
22033
22148
22191
22300
22379
22440
22581
22680
22710
22756
23035
23061
23097
23261
23321
23435
23481
23486
23577
23608
23631
23885
23959
24070
24255
24347
24448
24476
24504
24574
24586
24587
24610
24708
24830
24845
24966
25145
25227
25258
25532
25533
25534
25662
25679
25711
25804
25815
25868
26409
26426
26469
26472
26550
26782
26785
26800
26848
27199
27468
27471
27788
27893
27915
28052
28070
28132
28539
28589
28647
28777
28782
28887
29021
29090
29125
29178
29235
29258
29318
29343
29568
29610
29916
29951
29961
30023
30026
30241
30283
30310
30556
30922
30943
30963
30981
31004
31213
31508
31539
31589
31653
31665
31728
31752
31781
31975
32015
32119
32175
32184
32225
32483
32671
32677
32680
32742
32752
32861
33389
33396
33462
33472
33474
33486
33522
33575
33626
33630
33635
33725
33746
34027
34037
34172
34329
34450
34509
34540
34556
34561
34586
34606
34620
34648
34670
34697
76
78
269
650
697
750
781
822
872
898
908
1035
1059
1129
1142
1288
1301
1305
1377
1444
1456
1533
1556
1633
1637
1659
1709
1735
1766
1775
1785
1820
1868
1878
1893
1903
2015
2065
2070
2159
2267
2297
2299
2313
2339
2384
2386
2487
2505
2525
2572
2680
2714
2717
2720
2745
2827
2848
2874
2902
2905
2906
2989
3086
3176
3185
3191
3193
3349
3386
3389
3437
3475
3515
3548
3549
3551
3553
3581
3770
3810
3837
3849
3883
3884
3902
3968
3969
3971
3972
3973
3986
4019
4022
4040
4042
4049
4075
4092
4187
4207
4208
4227
4343
4354
4388
4574
4596
4611
4613
4631
4664
4697
4749
4766
4874
4930
4931
4957
4961
4994
4995
4997
5055
5059
5100
5111
5125
5161
5165
5177
5236
5237
5239
5263
5295
5381
5537
5563
5593
5616
5632
5821
6001
6045
6060
6074
6160
6288
6289
6457
6458
6459
6478
6576
6616
6628
6711
6768
6963
6969
7033
7172
7214
7217
7251
7308
7333
7346
7445
7457
7540
7548
7552
7746
7795
7870
7873
7964
8056
8152
8254
8293
8413
8488
8676
8803
8834
8848
8912
8922
8942
8977
9009
9034
9066
9067
9079
9081
9088
9100
9113
9130
9153
9164
9168
9251
9308
9325
9357
9446
9509
9529
9546
9547
9614
9624
9692
9860
10106
10186
10240
10252
10295
10329
10382
10423
10620
10637
10666
10800
10802
10806
10808
10811
10812
10857
10862
10939
10983
11065
11123
11155
11276
11311
11397
11482
11487
11619
11643
11782
12017
12063
12172
12252
12395
12485
12558
12573
12576
12722
12752
12778
12981
13087
13151
13236
13327
13344
13365
13530
13616
13645
13689
13699
13703
13712
13821
13859
13931
14091
14096
14111
14117
14253
14266
14280
14364
14624
14627
14735
14740
14847
14904
14988
15007
15061
15063
15186
15303
15314
15370
15439
15478
15497
15499
15654
15657
15709
15710
15753
15836
15883
15929
15933
15995
16011
16017
16078
16154
16194
16321
16322
16389
16418
16419
16514
16614
16724
16776
16881
17103
17116
17203
17253
17308
17324
17336
17553
17606
17616
17631
17738
17848
17921
17974
18061
18252
18286
18318
18360
18410
18488
18726
18810
18904
18963
19039
19052
19096
19155
19156
19225
19240
19276
19388
19585
19620
19660
19738
19740
19939
19940
19969
20115
20167
20215
20318
20333
20412
20474
20586
20594
20600
20716
20718
20719
20721
20722
20751
20815
20927
20954
20993
21079
21127
21177
21253
21321
21333
21378
21392
21426
21471
21472
21582
21667
21670
21675
21889
21905
21907
21911
21968
21995
22025
22049
22119
22162
22237
22276
22282
22528
22547
22672
22825
22928
23072
23150
23165
23184
23279
23308
23326
23387
23398
23457
23482
23565
23674
23710
23949
24095
24151
24156
24238
24270
24283
24307
24417
24536
24554
24570
24585
24651
24673
24724
24736
24808
24872
24943
25009
25010
25028
25102
25216
25240
25259
25272
25311
25371
25439
25529
25752
25765
25822
25834
25989
26050
26248
26250
26275
26276
26288
26663
26666
26676
26681
26685
26692
26797
26897
26973
27053
27056
27091
27277
27338
27453
27455
27592
27602
27617
27832
27899
28108
28158
28174
28306
28393
28441
28493
28557
28564
28660
28696
28921
28958
28959
28960
28991
29055
29122
29139
29141
29277
29316
29346
29396
29463
29464
29484
29493
29494
29495
29592
29632
29796
29801
29882
29926
30162
30189
30216
30246
30280
30297
30303
30320
30450
30519
30529
30608
30613
30620
30649
30655
30656
31072
31210
31240
31472
31478
31534
31672
31867
31908
31927
31930
31931
31932
31950
31983
32139
32165
32306
32400
32470
32475
32477
32480
32481
32581
32621
32635
32636
32672
32681
32721
32782
32809
32930
32931
32985
33013
33288
33551
33553
33661
33695
33800
33882
34004
34217
34259
34415
34441
34492
34503
34522
34593
34724
82
182
291
413
467
518
572
602
657
661
742
837
864
868
870
927
950
1012
1013
1050
1181
1268
1302
1335
1345
1383
1428
1483
1490
1564
1569
1602
1636
1649
1652
1654
1662
1675
1681
1738
1739
1758
1764
1768
1774
1786
1789
1830
1870
1926
1938
1965
1967
2018
2045
2046
2057
2072
2078
2104
2122
2126
2179
2182
2208
2215
2219
2258
2263
2279
2300
2336
2337
2340
2411
2431
2434
2440
2453
2578
2586
2599
2601
2607
2636
2671
2686
2709
2711
2749
2750
2754
2774
2805
2809
2810
2811
2815
2830
2856
2869
2896
2932
2951
3049
3202
3252
3273
3276
3306
3331
3347
3377
3384
3385
3398
3433
3434
3446
3464
3466
3486
3497
3520
3527
3532
3540
3555
3564
3602
3604
3609
3612
3620
3638
3652
3665
3732
3748
3775
3785
3794
3798
3825
3850
3952
3984
4025
4027
4045
4066
4067
4068
4070
4084
4104
4112
4134
4158
4170
4211
4215
4224
4231
4235
4241
4243
4249
4270
4277
4284
4290
4307
4363
4371
4373
4389
4394
4402
4412
4421
4422
4424
4425
4436
4454
4455
4477
4483
4486
4493
4495
4498
4500
4501
4509
4510
4568
4572
4573
4608
4612
4630
4639
4644
4654
4660
4721
4762
4767
4771
4791
4793
4799
4819
4833
4892
4913
4921
4927
4937
4938
5010
5053
5056
5074
5104
5116
5170
5206
5223
5245
5254
5262
5266
5294
5298
5305
5316
5340
5377
5404
5424
5425
5433
5479
5492
5538
5585
5692
5703
5876
5894
5928
5958
5963
6003
6015
6051
6059
6075
6078
6205
6246
6265
6294
6310
6435
6445
6460
6494
6509
6556
6566
6567
6622
6646
6676
6681
6685
6686
6688
6691
6747
6781
6782
6784
6792
6793
6823
6853
6925
6965
7037
7062
7100
7120
7130
7142
7146
7149
7151
7152
7180
7230
7267
7300
7301
7310
7322
7368
7402
7448
7450
7468
7579
7614
7635
7663
7686
7693
7733
7760
7788
7907
7910
7911
7916
7922
7968
7987
8011
8026
8029
8030
8098
8136
8142
8147
8165
8172
8209
8248
8265
8269
8273
8299
8320
8400
8463
8465
8466
8475
8476
8498
8586
8587
8604
8796
8807
8808
8817
8867
8935
8943
8947
8964
8987
8988
8990
8991
8994
9000
9001
9005
9011
9014
9039
9042
9044
9048
9049
9068
9069
9072
9101
9106
9116
9132
9166
9169
9184
9210
9225
9226
9239
9247
9252
9292
9301
9313
9332
9334
9366
9389
9415
9422
9425
9427
9428
9554
9557
9558
9559
9560
9562
9564
9566
9579
9595
9602
9612
9655
9685
9740
9774
9781
9782
9784
9785
9789
9793
9802
9867
9872
9938
10035
10133
10183
10188
10198
10214
10264
10338
10343
10410
10476
10562
10629
10645
10794
10805
10809
10810
10818
10921
10933
10934
10935
10979
11033
11163
11182
11209
11221
11235
11331
11339
11366
11432
11442
11470
11478
11479
11481
11556
11557
11562
11563
11589
11603
11635
11637
11672
11680
11683
11736
11741
11757
11791
11838
11866
11943
11969
11988
12081
12141
12155
12234
12239
12270
12343
12400
12414
12459
12491
12507
12517
12555
12560
12591
12599
12616
12619
12621
12630
12747
12766
12852
12885
12886
12913
12925
12946
12964
12965
12999
13025
13048
13081
13089
13092
13096
13124
13128
13307
13330
13367
13370
13371
13374
13380
13407
13470
13487
13522
13529
13539
13544
13576
13594
13626
13660
13686
13716
13729
13740
13777
13792
13794
13834
13905
13910
13995
14109
14157
14177
14186
14187
14193
14216
14221
14224
14226
14236
14289
14345
14356
14390
14478
14519
14571
14574
14625
14626
14638
14652
14668
14693
14717
14788
14791
14797
14803
14805
14849
14853
14859
14875
14907
14915
14917
14922
14923
14942
15009
15046
15134
15135
15197
15200
15202
15209
15270
15284
15311
15326
15331
15358
15359
15360
15361
15363
15414
15511
15572
15574
15593
15594
15607
15636
15778
15842
15848
15942
15946
15966
15985
15991
15998
16009
16062
16081
16086
16088
16089
16090
16092
16093
16126
16158
16159
16226
16276
16305
16314
16315
16318
16334
16380
16426
16513
16550
16552
16575
16587
16666
16667
16668
16707
16717
16753
16773
16786
16805
16820
17020
17032
17034
17144
17167
17175
17182
17187
17196
17198
17202
17252
17295
17305
17411
17419
17421
17450
17451
17468
17477
17479
17493
17495
17506
17513
17523
17525
17527
17543
17545
17609
17617
17630
17635
17663
17736
17740
17776
17785
17816
17825
17843
17885
17924
18014
18091
18098
18104
18141
18173
18176
18180
18182
18250
18349
18364
18412
18423
18541
18542
18545
18631
18642
18643
18646
18648
18650
18709
18765
18781
18790
18805
18882
18892
18903
18924
18929
18937
18981
18987
18990
19010
19031
19041
19053
19078
19152
19153
19154
19168
19220
19305
19326
19341
19344
19364
19387
19396
19397
19435
19446
19708
19709
19756
19763
19799
19924
19926
20076
20085
20170
20185
20202
20206
20222
20228
20230
20315
20329
20363
20406
20407
20439
20445
20454
20490
20517
20541
20567
20587
20588
20601
20695
20720
20841
20922
20925
20928
20936
20969
21038
21042
21044
21061
21062
21065
21088
21113
21242
21254
21306
21319
21332
21339
21473
21511
21515
21555
21600
21624
21629
21645
21673
21688
21711
21726
21799
21819
21843
21844
21887
21908
21909
21913
21983
21993
22017
22041
22108
22117
22120
22135
22136
22142
22400
22535
22597
22598
22600
22673
22704
22748
22769
22779
22908
22933
22936
22937
23065
23067
23104
23144
23153
23158
23175
23250
23256
23337
23452
23472
23483
23503
23515
23517
23532
23536
23559
23578
23600
23602
23604
23612
23617
23619
23623
23648
23656
23659
23677
23760
23790
23855
23876
23879
23888
23904
23905
23984
23985
24001
24008
24016
24020
24041
24136
24146
24171
24243
24298
24515
24573
24590
24618
24623
24637
24638
24640
24665
24668
24687
24697
24730
24732
24810
24812
24839
24906
24911
24913
24940
24947
24968
25002
25045
25193
25223
25312
25388
25438
25485
25509
25598
25604
25620
25633
25824
25833
25855
25858
25864
25872
25875
25880
25882
25884
25910
25915
25956
26056
26167
26182
26280
26299
26306
26323
26416
26428
26446
26459
26480
26553
26581
26651
26683
26706
26733
26737
26748
26787
26790
26792
26795
26804
26814
26864
26900
26931
26941
27024
27065
27070
27077
27079
27088
27089
27132
27161
27185
27222
27261
27328
27330
27334
27353
27389
27399
27451
27452
27481
27565
27623
27647
27712
27730
27740
27743
27823
27856
27876
27929
27934
27953
27954
28050
28093
28124
28193
28243
28275
28277
28358
28377
28421
28429
28443
28460
28461
28530
28599
28610
28611
28639
28694
28740
28743
28758
28781
28881
28899
28950
28956
28964
28987
29019
29044
29056
29123
29218
29219
29290
29292
29309
29317
29320
29323
29324
29326
29328
29423
29469
29513
29521
29523
29527
29531
29560
29577
29578
29604
29623
29639
29694
29696
29697
29729
29740
29748
29792
29799
29872
29950
29952
30051
30053
30062
30069
30126
30132
30141
30150
30178
30194
30196
30197
30248
30270
30282
30284
30298
30300
30369
30396
30408
30433
30446
30482
30502
30526
30530
30538
30610
30621
30662
30715
30719
30726
30764
30803
30845
30855
30857
30862
30914
30932
30946
30949
30951
30952
30954
31006
31010
31182
31227
31229
31230
31264
31266
31324
31351
31360
31399
31411
31412
31413
31424
31475
31487
31490
31567
31602
31618
31667
31677
31679
31681
31713
31714
31715
31766
31783
31929
31958
31998
32000
32018
32034
32044
32061
32062
32077
32106
32107
32109
32110
32126
32186
32198
32206
32269
32276
32310
32331
32345
32402
32422
32424
32473
32488
32499
32501
32502
32503
32505
32517
32518
32520
32522
32524
32525
32530
32560
32605
32609
32619
32629
32630
32658
32717
32732
32751
32822
32824
32843
32893
32911
32929
32945
32984
32995
33022
33026
33049
33057
33058
33059
33060
33194
33217
33230
33254
33345
33353
33356
33362
33363
33366
33371
33379
33381
33387
33390
33392
33402
33407
33408
33409
33418
33449
33456
33475
33477
33481
33496
33498
33500
33501
33505
33508
33510
33512
33513
33516
33519
33523
33524
33525
33527
33528
33590
33592
33638
33648
33653
33873
33915
33990
34021
34025
34135
34243
34396
34430
34449
34491
34597
34634
34645
34658
34660
34714
84
111
272
326
328
329
330
331
350
412
414
416
432
433
458
515
517
519
520
523
598
599
601
606
608
610
611
613
615
618
674
769
780
782
787
788
799
817
820
827
835
836
840
860
861
862
865
869
873
875
877
897
919
929
935
939
1031
1036
1039
1041
1058
1061
1062
1063
1082
1083
1084
1102
1104
1114
1119
1124
1127
1128
1140
1141
1143
1144
1147
1161
1166
1167
1168
1169
1174
1175
1177
1178
1187
1191
1358
1361
1381
1382
1437
1458
1459
1471
1472
1474
1492
1493
1502
1506
1512
1549
1555
1566
1628
1647
1655
1656
1657
1664
1670
1671
1680
1683
1691
1694
1702
1720
1742
1745
1749
1751
1753
1757
1762
1771
1779
1826
1843
1855
1860
1864
1875
1876
1877
1889
1890
1897
1900
1901
1902
1904
1905
1907
1915
1921
1922
1927
1929
1937
1949
1956
1988
2010
2044
2048
2061
2161
2167
2174
2178
2186
2189
2191
2194
2221
2250
2251
2253
2254
2257
2261
2262
2268
2271
2273
2274
2278
2280
2284
2289
2292
2294
2296
2327
2338
2341
2344
2348
2363
2364
2365
2368
2377
2387
2388
2389
2390
2391
2392
2399
2402
2403
2404
2418
2419
2421
2423
2430
2468
2493
2526
2528
2531
2532
2580
2589
2590
2591
2593
2596
2606
2609
2612
2614
2620
2672
2673
2674
2675
2676
2677
2678
2679
2682
2683
2684
2685
2687
2688
2689
2693
2694
2695
2696
2726
2753
2758
2760
2763
2765
2767
2769
2770
2771
2775
2813
2816
2836
2841
2850
2851
2852
2853
2855
2858
2859
2862
2865
2871
2872
2875
2884
2897
2898
2900
2901
2933
2936
2941
2943
2944
2954
2957
2970
2973
2975
2982
3068
3071
3080
3144
3146
3157
3169
3175
3178
3182
3184
3188
3236
3254
3255
3257
3258
3260
3263
3264
3285
3287
3292
3297
3299
3303
3304
3313
3314
3318
3324
3330
3332
3335
3336
3346
3350
3353
3368
3378
3379
3381
3382
3383
3387
3388
3397
3401
3403
3416
3417
3424
3429
3435
3436
3441
3442
3443
3449
3450
3451
3454
3465
3470
3477
3480
3484
3487
3496
3499
3507
3512
3518
3561
3562
3567
3570
3571
3575
3576
3577
3578
3587
3595
3596
3598
3600
3603
3605
3610
3621
3622
3623
3625
3627
3631
3647
3648
3663
3674
3726
3727
3741
3744
3751
3754
3759
3763
3773
3778
3779
3780
3781
3783
3787
3788
3789
3790
3792
3795
3800
3808
3812
3841
3844
3855
3869
3870
3873
3874
3894
3895
3897
3904
3908
3915
3916
3981
3982
3983
3994
3996
4005
4007
4016
4024
4026
4037
4039
4043
4048
4053
4076
4079
4080
4081
4082
4091
4099
4100
4101
4107
4114
4117
4121
4122
4123
4125
4126
4147
4153
4154
4155
4157
4173
4175
4177
4179
4232
4233
4236
4247
4254
4257
4263
4265
4268
4269
4276
4279
4280
4283
4287
4289
4312
4314
4317
4318
4321
4328
4342
4359
4374
4376
4385
4393
4400
4416
4420
4474
4499
4503
4512
4519
4527
4528
4532
4542
4543
4544
4546
4547
4559
4561
4562
4563
4565
4577
4610
4616
4633
4638
4642
4645
4666
4671
4672
4673
4676
4687
4699
4701
4703
4704
4707
4714
4715
4726
4728
4732
4739
4741
4742
4748
4754
4755
4756
4760
4761
4763
4765
4769
4775
4788
4790
4795
4796
4798
4802
4803
4805
4807
4813
4818
4820
4822
4823
4825
4829
4830
4831
4834
4835
4836
4839
4844
4846
4852
4853
4855
4861
4862
4869
4875
4876
4877
4878
4879
4880
4881
4882
4884
4885
4887
4891
4898
4904
4905
4907
4909
4923
4924
4925
4929
4933
4944
4969
4975
5008
5009
5011
5012
5013
5014
5022
5043
5046
5051
5052
5054
5071
5072
5075
5076
5078
5079
5095
5097
5101
5129
5131
5132
5138
5139
5140
5141
5142
5145
5150
5156
5178
5183
5186
5187
5192
5194
5195
5196
5197
5199
5200
5209
5216
5219
5221
5226
5233
5276
5282
5283
5285
