16019
23819
14994
16197
12350
291
390
28889
16357
24305
5568
10807
21600
7717
22184
3765
25117
----
4110
552
532
----
24603
1394
26153
551
----
2081
27962
5267
----
7846
29075
28575
21360
90
22
12
26308
17280
22840
16228
13519
23607
----
----
9149
28014
2272
2328
12351
26417
3470
16498
301
25519
27027
752
7101
27222
302
----
11527
1204
1686
21688
602
111
12828
15415
28656
25576
27536
23776
23575
22609
856
22723
24179
372
23578
6001
11930
7414
12367
3471
9920
23749
23160
3579
16010
8148
20720
3974
----
7102
399
23699
2810
----
13235
3979
----
20766
5503
27011
29102
24339
5182
16931
7382
21888
28509
116
23747
25340
12607
17526
4353
7671
3645
10354
----
17623
9
11000
22472
----
2510
17095
24393
27573
9283
24398
2063
16195
6535
33
----
----
5144
12679
24992
887
14966
18113
2605
12470
16656
24768
----
15053
1986
11884
16459
----
3429
----
25362
10240
15714
18533
21507
4312
28510
27745
5857
21971
----
20027
11034
21492
----
15939
1717
7409
12804
16331
----
23282
19763
122
2047
27708
----
28234
12406
19160
7859
22229
21397
15221
----
----
7270
3281
17706
----
17659
27343
----
16421
21713
1294
----
----
4455
2413
2639
26090
14237
476
24874
15104
13552
8480
23896
25729
1410
540
15464
----
17948
18374
18915
----
26388
25323
26602
2330
18375
----
150
----
177
----
----
422
26149
26868
18337
21130
14124
54
20714
25962
2350
26306
11397
10242
18650
11257
5557
996
2733
9834
25146
----
8205
6286
----
----
9287
8736
21569
15924
----
----
18754
12152
18886
11052
20675
----
----
18524
13371
21746
12115
9073
20685
25035
19058
4832
1489
8945
28469
5690
4070
861
----
17627
16619
----
----
6373
1512
27009
3255
9990
12525
24286
17887
20406
17428
20589
4826
9624
24068
25962
17787
1928
2374
5257
23665
11830
21835
3674
21599
28476
142
----
12821
24334
12593
----
----
12418
12535
2995
25735
26826
----
5063
548
27483
----
28406
14021
4269
22508
25543
26124
9793
15623
18093
3361
4193
20173
20606
----
59
25530
8321
7830
21759
2416
22217
1984
29057
8241
10674
21099
22674
25503
----
----
1989
6641
15835
8238
1101
20545
2155
28789
----
----
----
902
20386
12177
5003
23450
28516
1163
----
----
9640
6281
9883
17042
12903
1940
----
----
----
14752
23982
21853
18428
560
24038
3730
28115
----
----
----
----
----
27892
8359
18601
23983
23302
1903
24019
18695
14399
4544
15716
21740
28370
15856
----
----
17102
7605
14639
4519
1158
2366
6376
5767
19592
20765
----
----
1302
10736
20028
8936
----
6964
22035
3482
1315
26654
----
1420
10547
11279
22918
17776
----
375
21328
9439
15004
12163
3586
18014
26779
27358
25964
4016
25048
886
----
----
----
----
6990
3453
13107
27263
16132
21792
13977
7396
23474
18564
2085
----
----
----
4693
12839
6961
8376
3453
16849
15626
19039
2926
1765
2123
1057
17784
26305
26264
----
8271
19239
10125
4084
----
----
----
----
----
----
9256
5167
5650
23666
11031
17407
16071
14896
12519
18675
18863
1978
7163
4558
----
----
----
26429
903
2886
9949
6170
23330
10670
15721
15287
28967
25305
22504
23635
25737
20107
28291
----
----
----
21474
2313
12555
25503
26238
7266
22115
24531
15120
19403
3406
14337
27455
25373
18970
10696
24860
27467
3182
----
----
----
----
28629
15954
28740
5744
17841
18365
264
18522
2902
12845
27272
28793
17637
28340
19558
25632
27115
----
----
----
19300
14750
7274
2480
24636
1344
1317
4712
12607
15834
17374
606
541
23344
641
----
----
----
----
1402
22044
1283
9310
8526
23633
11728
18429
13843
15770
3159
3831
16832
26194
1239
26420
25148
24939
850
----
----
----
----
20848
1791
18380
21899
2765
15559
13743
14491
29014
15513
15796
27591
22485
25518
5967
22330
3962
28360
----
----
----
----
----
14042
24550
14242
1690
11874
9471
8420
9866
16890
12142
23668
12368
18896
19709
4588
19933
20455
17628
23899
3705
25806
25982
14071
----
----
----
----
25275
9310
17782
28322
1591
5763
13551
17807
9286
9996
10202
5495
26184
11160
20670
2712
13915
6060
13229
1117
21885
12501
6751
10735
14194
3350
601
15768
21026
21226
3697
21411
21561
21815
20306
11946
24256
15646
6419
22129
27429
1864
19414
5452
128
----
----
----
2179
6498
12417
14646
9126
21237
9582
9632
746
11185
17567
2944
20273
522
19540
19176
24143
17925
18714
18781
19079
21428
16332
26269
243
23784
20523
22980
14260
26426
16290
14645
26276
22908
23283
27711
27642
----
----
18659
562
12415
21700
8218
9494
8492
25595
12510
17275
2144
28602
2779
3476
26577
11192
3009
15833
18432
27231
23900
841
22485
19601
18889
27607
28728
24618
26659
23767
12456
26091
----
----
----
----
----
----
----
17411
23693
5492
5845
21626
23113
4054
14959
16027
2436
18911
8738
11151
10784
12428
4610
12646
17622
28256
28812
10737
16858
27095
23544
16878
1084
14125
16036
14127
3075
16730
17965
6012
18167
20157
8522
18136
21037
----
----
----
----
----
----
----
4332
12309
1825
18126
1891
7373
9825
2177
8928
9062
19177
10038
14217
23894
16458
12578
27623
2226
20733
15183
14829
16664
17088
21509
18507
18787
14821
381
17637
4329
282
6018
22202
3240
25106
28977
24905
1992
25892
25741
2935
28908
----
----
----
----
----
----
----
----
----
----
----
----
9279
4637
1936
19585
4589
8913
24441
6996
6126
9467
14292
7780
20826
26896
19518
2516
21880
18624
10658
2187
11478
11603
13693
19586
13309
11531
7905
26776
15885
14584
24148
17287
12422
18770
18569
29059
20562
22686
23726
22732
3739
27023
18705
1789
2068
----
----
----
----
----
----
----
----
----
----
----
----
----
13624
909
19316
11110
6960
25347
9089
14201
2658
1880
4335
12515
15543
25462
18141
23095
14613
12071
23420
25638
24324
7188
17022
17289
29085
13036
19007
19666
23784
19831
13955
10586
22165
23084
14731
24467
20507
25674
28898
15139
14087
26957
27371
27381
27754
26472
24612
20673
3271
29121
----
----
----
----
----
----
----
----
----
----
----
----
----
----
----
14885
1316
28905
24400
4241
6057
3073
10435
7496
7562
7775
7951
457
9297
2462
10255
5250
21658
12705
26519
13335
3947
28457
2628
28674
17304
15936
14432
17304
17966
17252
26907
5772
1694
18192
3857
3304
18769
19076
20039
3179
20489
10523
7881
1275
24242
9406
19465
21102
14260
8338
3976
27304
25709
17786
376
22259
28228
26661
28528
----
----
----
----
----
----
----
----
----
----
----
----
----
27935
1306
6846
5774
935
5390
16805
17050
17673
7254
7667
21915
10769
7936
1980
9039
8800
17483
17826
17836
13359
3437
22762
11523
17608
5390
26868
24312
812
21925
26862
16692
24220
15425
23992
2581
14239
16316
2076
2073
18540
17725
22874
68
18704
18673
18660
18816
19877
26257
19299
21891
1169
25214
21469
148
28350
22213
1901
22770
14199
21446
23961
28068
3183
3871
24424
24433
24421
1876
26994
25544
25721
3963
25698
25983
21451
26723
9610
3430
28207
28788
16394
----
----
----
----
----
----
----
----
----
----
----
----
----
----
----
----
23922
7194
4640
13847
5926
6853
24524
6059
6240
13802
12234
7540
7800
13545
10621
11942
7301
17295
10739
24549
11725
11769
25764
12200
29035
11501
1504
6609
13844
13848
13744
18634
18591
28907
26497
20734
1888
27987
1667
3503
15098
944
15562
13567
22111
23470
26164
16412
16497
23756
16733
5903
17139
15095
22523
17307
18618
18561
19145
848
10314
20126
1688
13484
627
27818
20629
21135
26246
28069
3811
2572
16555
4002
19643
4000
20212
15791
24137
20216
18237
26920
24241
17430
26471
13383
1256
25711
21435
3961
25734
5563
3978
18422
27559
5069
1293
27186
27405
13503
27779
22114
----
----
----
----
----
----
----
----
----
----
----
----
----
----
----
----
----
----
----
----
----
----
----
1121
7414
4632
15473
4951
8117
5117
6022
4851
6105
9450
6093
8075
8324
9100
6879
7439
12540
8276
18800
980
1025
2567
9014
16728
9444
9396
9950
9925
10832
10028
10002
10207
10977
9114
24613
12098
21191
15716
11435
17835
8052
11730
11832
12194
7746
12128
15943
28452
18737
16854
10725
14379
17353
21126
27418
22271
18206
15883
27208
16110
15399
1542
16320
13635
12088
10588
17764
17757
17896
18054
20524
12603
18630
3480
18853
18858
11160
17790
19795
19775
27710
21299
13486
3675
5730
7269
19637
18592
23227
24298
3549
27872
23058
22565
22663
25485
15716
3593
25176
23726
18622
24299
16650
3640
24853
25657
25996
26344
28615
20682
27390
25532
17651
27626
2076
16695
4350
1231
----
----
----
----
----
----
----
----
----
----
----
----
----
----
----
----
----
----
----
----
----
----
----
----
----
----
----
4227
28568
4630
21550
19868
5154
268
1296
5631
7352
5972
6104
5839
2774
22350
22441
16550
3394
2561
13069
5874
7098
27719
10759
2728
14506
8195
18542
8088
10343
25558
26863
8556
7746
8984
9069
28650
21587
9345
9380
8318
12559
27973
10443
10055
823
10457
10556
12371
4874
12430
8543
11204
1349
6937
12127
12195
12160
8675
22453
8422
9919
14585
25012
7553
18689
17197
22700
13879
18437
14057
16801
28739
3285
15919
3085
16095
16330
29013
20599
17219
19516
16869
21909
17209
21910
17761
17877
1696
18589
1846
16365
17927
19886
20700
4101
6505
23177
3770
27221
23576
19300
15190
1135
14826
3718
18420
26934
24174
21372
21615
21258
17790
2829
19882
22725
22907
22667
22773
22951
23179
28066
17027
1187
16817
21150
1197
7242
14239
16647
24738
24796
24866
24909
24984
25354
20585
13199
14978
311
28990
27102
27865
2059
1441
3018
27775
24166
13591
28580
5470
359
3894
28325
24787
28617
28665
10016
28786
29019
28998
----
----
----
----
----
----
----
----
----
----
----
----
----
----
----
----
----
----
----
----
----
----
----
----
----
----
----
----
----
----
----
----
----
----
----
----
----
----
----
----
----
----
----
----
----
----
----
----
----
----
----
----
----
----
1592
4657
296
25518
5553
6417
5658
20353
21398
5941
4614
6856
28965
5908
2394
15258
12198
6968
7005
12020
7372
23458
7778
7779
12539
19762
20027
8209
8213
8239
18903
18865
8540
8612
8770
2307
13338
8900
8943
9461
9522
18790
9832
9919
2198
13640
10439
7607
7613
17660
11290
21534
21226
26009
11084
11103
4336
11047
10066
16819
12196
23109
12982
22203
148
10739
2633
20343
21433
28453
21957
18734
16845
14000
14615
8729
15992
14802
13167
16766
16934
19021
1150
12982
13551
15563
11441
15872
15993
16147
17355
17353
17362
16700
16658
23313
16759
16738
3463
16954
18531
18536
3428
15671
13833
17796
17614
17811
17820
17875
17974
17970
18195
25250
3582
18401
26620
18655
18922
18812
23868
18870
21784
12532
15107
27662
6730
20452
14392
21000
21002
21124
21098
23168
7490
25488
1863
19500
18144
23784
3751
21334
1206
22990
26119
22844
15706
22774
27111
14990
23722
28405
25276
19640
26262
23719
16667
28687
28727
23788
18776
24099
27848
24229
24260
24425
24468
24803
24804
24822
26335
28875
26322
25066
25068
26478
12560
28462
21684
25878
25698
25890
20625
28222
28610
26274
26517
27134
17344
6330
27451
27402
13534
27197
22447
14419
18760
28334
26676
28588
26479
28645
28627
28774
28979
----
----
----
----
----
----
----
----
----
----
----
----
----
----
----
----
----
----
----
----
----
----
----
----
----
----
----
----
----
----
----
----
----
----
----
----
----
----
----
----
----
----
----
----
----
----
----
----
----
----
----
----
----
----
----
----
----
----
----
----
----
----
----
----
----
----
----
----
----
----
----
----
----
----
----
----
----
----
----
----
----
----
----
----
----
----
----
----
----
----
----
----
----
----
----
----
----
----
----
----
----
----
----
----
664
18584
495
4632
10700
4704
21675
4907
7042
5083
5152
5165
28420
1236
17300
28618
2505
5059
5554
5547
5556
5567
26838
5728
5726
13445
22570
17015
7052
13513
13696
15525
24035
6434
28405
6399
975
6640
11948
7414
4734
6956
6065
24383
7265
7341
14024
10217
7774
23095
10751
10756
14192
13550
13433
20981
13789
12626
8112
8196
8197
8210
8212
8219
9983
8211
8153
8154
8264
8559
8255
25029
2497
8361
12306
8553
7005
5975
2503
6780
19406
22435
2533
8987
9221
4644
9248
23403
9285
22135
9376
3805
6941
9678
9749
9776
9898
16156
9912
9914
9917
9918
9942
9890
10030
10342
10330
24851
12093
8444
25566
17547
8522
11127
10570
10539
11331
12133
4874
10829
11036
9097
11247
10687
3085
12359
11471
11654
11644
28621
6275
11691
11692
10838
17761
3404
21662
12208
12546
27116
18921
12688
23936
12680
20211
21538
12826
13988
20507
12874
22082
2464
24118
13321
13069
13717
13720
12298
24167
13962
13911
14069
17214
12363
1078
16697
13685
12038
2889
7475
7477
2722
21002
13880
21646
3217
13129
26609
338
15029
10741
15118
21171
2556
17042
15301
22500
15448
15497
15490
15528
15547
15549
15625
23670
15832
19208
3190
27714
16208
16703
7274
16434
13635
20779
3247
2828
16729
16744
12941
23944
28221
17029
1516
16945
14104
16701
17359
17387
18161
1418
19576
17513
20363
17724
12907
27261
17870
17964
27275
12875
18304
18193
24233
19899
24854
21860
18837
18599
13952
18744
18832
18817
24157
19202
19184
16959
12734
22422
23507
21851
21752
19573
21928
20225
11901
20231
19814
20234
20236
19818
23053
20477
20031
20125
20141
22316
23487
14142
22197
20577
20578
20774
20777
20723
493
20997
18724
21045
21047
21051
24006
25191
21158
10573
3645
21246
21293
7282
27684
21406
21445
24459
3859
25220
26726
21460
21819
21921
28357
7558
13484
3743
3744
22346
27744
15674
22307
26025
22699
7704
23010
22767
22696
22967
22763
1990
17047
23146
23311
23316
15721
25031
23603
23628
26706
23691
14774
28686
25594
7121
24336
23984
26060
3972
23570
24261
24262
1868
27501
24489
24535
26713
24625
21526
4047
19898
19585
27508
25139
3930
3933
19646
25329
3940
16742
25617
25648
26560
27709
23469
25978
25994
25983
26132
26161
23472
26340
24915
26375
23113
14831
18869
1928
26476
27059
27920
27471
27469
27741
27649
27777
18974
27858
27897
18439
28020
28454
28158
2865
1383
28305
28351
28319
28278
28408
28417
28418
28492
28526
28523
4348
18614
4355
27724
28820
28846
4362
----
----
----
----
----
----
----
----
----
----
----
----
----
----
----
----
----
----
----
----
----
----
----
----
----
----
----
----
----
----
----
----
----
----
----
----
----
----
----
----
----
----
----
----
----
----
----
----
----
----
----
----
----
----
----
----
----
----
----
----
----
----
----
----
----
----
----
----
----
----
----
----
----
----
----
----
----
----
----
----
----
----
----
----
----
----
----
----
----
----
----
----
----
----
----
----
----
----
----
----
----
----
----
----
----
----
----
----
----
----
----
----
----
----
----
----
----
----
----
----
----
----
----
----
----
----
----
----
----
----
----
----
----
----
----
----
----
----
----
----
----
----
----
----
----
----
----
----
----
----
----
----
----
----
----
----
----
----
23277
----
----
----
23571
----
----
----
----
----
----
----
----
----
----
----
----
----
----
----
----
----
----
----
----
----
----
----
----
----
----
----
----
----
----
----
----
----
----
11229
15157
4396
19499
4666
4956
4549
4550
4525
22002
4984
4633
12440
4671
5298
5943
4979
5002
5120
5013
6100
13233
5175
5130
22462
5136
5160
5166
5169
13838
5339
6848
5403
2287
6095
11265
5552
19181
5659
5654
5656
5718
12354
5776
5780
5781
5783
4853
5884
5885
5887
5896
5897
6182
5942
6054
6925
15224
28300
27573
8838
6239
6242
6244
6246
6247
21868
2590
6332
12471
17186
23366
6435
8405
8401
9631
18245
15477
15254
5584
14364
15374
5009
10291
16548
14454
24302
10493
27502
22196
6878
6999
7002
7003
7009
6994
7055
7071
7100
12416
12419
12421
7193
7253
7255
7259
19300
24786
13260
17660
7370
7375
7381
27868
14587
7545
7547
7548
16615
13677
14238
11450
7660
11495
11498
13034
12558
10762
28534
8806
19159
8037
5040
27407
8056
9128
9129
9131
9132
9135
9140
9141
9426
8226
8130
8132
8134
8136
8138
8139
8198
8199
8202
1445
8204
8214
8561
8256
12707
8832
14821
21190
12935
9762
21916
8716
10200
8538
8906
8908
5737
954
8530
12302
12305
12307
12308
23173
8657
8658
8659
8660
8662
8664
8666
9439
11520
11525
11534
9200
27655
8774
17571
6353
8893
8894
8896
9540
8901
8881
8890
9094
9099
9087
25812
25758
20876
11931
9545
9344
9346
24477
5657
9496
6427
11265
9581
15240
10324
1304
9757
9911
9915
9916
9922
10006
10024
10025
10026
9989
14854
11343
17961
18835
14803
10122
1054
8478
10445
28224
10058
11343
8485
10797
12390
6104
9170
10558
10566
10567
10569
4581
13222
20697
13227
10675
10712
11226
12548
12551
10909
10925
11027
8055
10996
11107
19086
18555
11177
11041
11249
11312
11668
11878
17007
11481
15051
28184
23222
27581
11586
11599
11651
11656
11825
11839
11842
11740
23974
6849
25726
25570
23671
13407
13581
20655
14213
14366
12109
12181
12190
12193
12197
9887
12166
21209
1101
26943
18956
22509
12499
15319
12488
24123
12453
15171
18779
1822
18772
13874
24830
13982
21158
21213
20343
19240
12801
12824
12547
3431
12904
21978
13008
24174
7087
27867
23717
13192
14071
21779
13284
13285
18263
13324
13328
13331
13333
13336
22511
26448
15117
13432
14500
13482
28456
27747
18916
21805
17870
13718
13719
24863
15037
13766
13837
13860
13967
18663
18956
14749
14753
3468
13999
27531
14121
14048
16850
21649
27317
16674
757
27028
14228
14229
15860
24230
17859
19691
14300
5214
15702
27875
14216
24511
22372
18623
14461
14462
14463
23472
14466
25333
21226
726
9681
15979
15980
17426
10185
16327
17282
19019
13774
15106
15112
15115
13161
1264
15837
12566
15186
15191
15193
15194
15195
15197
15198
15176
8558
15255
15256
15369
19798
15424
15440
15441
15444
15399
14189
22453
15537
15624
25200
20303
18080
18081
18082
15813
15822
15829
15830
24477
15841
15884
15918
15934
2996
7242
16125
16128
16191
13865
14132
12284
16488
16312
16314
16318
16319
16702
26675
7204
25147
19820
14087
14821
20775
3234
16601
16603
7750
16687
17215
17216
17217
16651
16654
16791
16748
16752
17315
16800
18696
26808
16864
17179
17024
1848
16948
28119
20597
21466
17255
27577
17292
17294
17299
17301
17319
17357
28066
19554
25130
23497
2059
3308
25943
28316
26648
22422
17770
17772
17773
17775
17777
17824
17879
27264
17902
17911
17900
3379
21773
18252
18053
26035
26043
25250
4240
15771
2011
21023
28121
25171
18155
18194
310
21855
21856
21857
21858
18291
23972
26795
18362
18455
18446
18472
18475
3428
18493
28407
18934
17085
18833
18834
18866
14234
18655
19027
19029
27588
27597
19293
19343
27912
2404
19870
20546
23503
23533
19801
19802
20562
19535
1873
19591
19632
29055
20226
20227
1617
19897
20235
25963
25431
20026
20029
20032
20040
20125
3746
19591
2852
20067
20159
20160
20162
28606
12864
18725
20366
21859
21295
24176
27713
18136
20787
26764
27023
14679
23106
18984
20734
14053
17213
24708
16817
20847
20828
26706
21628
25565
20971
21048
21049
21027
21171
18877
21184
21068
21241
25025
21590
21593
27493
21696
23601
23602
23598
21782
1035
21851
24058
21927
1887
446
23782
22242
22245
22246
22195
22238
22227
22479
22482
22486
25831
22331
23763
22257
22984
22809
23554
26135
22841
22922
22769
22946
22933
22801
22993
22741
1293
3994
23239
22935
22914
10532
22907
22462
22946
22620
22644
1715
19988
16807
23151
23115
1827
23185
23190
6663
24637
23327
23322
20070
26166
28654
28719
16675
14392
23810
16513
23959
23960
23962
10723
21381
24033
24011
28116
21068
24062
24064
318
24082
24245
24194
24189
17884
12135
24250
24300
24466
24485
28497
24574
24687
24702
4039
24788
4368
24875
24881
24916
20493
25647
13952
25129
25793
25158
25144
25244
25247
25249
3920
26152
23980
25328
25382
25383
25385
25386
850
27788
25618
25636
25745
25761
25783
21774
244
15176
23513
25719
2465
28372
25982
25985
26081
26069
21262
26227
26158
22137
23475
26303
26318
26357
26359
26372
26373
26443
26495
11280
26979
26621
26622
26626
26636
26844
26845
26846
26848
26828
27094
17109
18645
25355
23980
20380
27062
18555
7956
7376
27192
27193
27851
27491
25883
27454
23692
16030
25317
27613
26236
27704
27695
25258
14506
27822
27823
27852
14242
25078
4143
28024
28010
25055
7609
28071
28081
18507
28159
28233
28235
9831
28333
28352
28356
28336
28337
28341
28343
28382
28484
28491
28501
28506
24939
28532
28529
28579
28711
12666
28773
28775
28824
28817
28819
4359
28827
3940
28851
28852
28866
15294
28923
28925
4012
29101
29027
12442
29114
29116
29117
----
----
----
----
----
----
----
----
----
----
----
----
----
----
----
----
----
----
----
----
----
----
----
----
----
----
----
----
----
----
----
----
----
----
----
----
----
----
----
----
----
----
----
----
----
----
----
----
----
----
----
----
----
----
----
----
----
----
----
----
----
----
----
----
----
----
----
----
----
----
----
----
----
----
----
----
----
----
----
----
----
----
----
----
----
----
----
----
----
----
----
----
----
----
----
----
----
----
----
----
----
----
----
----
----
----
----
----
----
----
----
----
----
----
----
----
----
----
----
----
----
----
----
----
----
----
----
----
----
----
----
----
----
----
----
----
----
----
----
----
----
----
----
----
----
----
----
----
----
----
----
----
----
----
----
----
----
----
----
----
----
----
----
----
----
----
----
----
----
----
----
----
----
----
----
----
----
----
----
----
----
----
----
----
----
----
----
----
----
----
----
----
----
----
----
----
----
----
----
----
----
----
----
----
----
----
----
----
----
----
----
----
----
----
----
----
----
----
----
----
----
----
----
----
----
----
----
----
----
----
----
----
----
----
----
----
----
----
----
----
----
----
----
----
----
----
----
----
----
----
----
----
----
----
----
----
----
----
----
----
----
----
----
----
----
----
----
----
----
----
----
----
----
----
----
----
----
----
----
----
----
----
----
----
----
----
----
----
----
----
----
----
----
----
----
----
----
----
----
----
----
----
----
----
----
----
----
----
----
----
----
----
----
----
----
----
----
----
----
----
----
----
----
----
----
----
----
----
----
----
----
----
----
----
----
----
----
----
----
----
----
----
----
----
----
----
----
----
----
----
----
----
----
----
----
----
----
----
----
----
----
----
----
----
----
----
----
----
----
----
----
----
----
----
----
----
----
----
----
----
----
----
----
----
----
----
----
----
----
----
----
----
----
----
----
----
----
----
----
----
----
----
----
----
----
----
----
----
----
----
----
----
----
----
----
----
----
----
----
----
----
----
----
----
----
----
----
----
----
----
----
----
----
----
----
----
----
----
----
----
----
----
----
----
----
----
----
----
----
----
----
----
----
----
----
----
----
----
----
----
----
----
----
----
----
----
----
----
----
----
----
----
----
----
----
----
----
----
----
----
----
----
----
----
----
----
----
----
----
----
----
----
----
----
----
----
----
----
----
----
----
----
----
----
----
----
----
----
----
----
----
----
----
----
----
----
----
----
----
----
----
----
----
----
----
----
----
----
----
----
----
----
----
----
----
----
----
----
----
----
----
----
----
----
----
----
----
