28052
36780
18113
33368
1336
6145
35841
24004
26657
699
2032
28360
3047
34115
8278
24611
27124
26371
935
22777
36150
37620
22322
32390
37040
14537
26770
29768
20113
6763
33611
31130
30330
22926
34727
24734
25489
31975
12404
7256
27608
35911
15555
33780
8096
2021
33032
10142
36395
36197
36911
14329
36379
15670
37592
36888
17645
37448
30719
31447
24992
36158
23129
15590
17807
21256
6983
1493
22382
32653
11608
11560
22288
6456
8636
11968
36639
18014
34730
28700
4631
33646
36267
16695
34347
36439
25504
1874
37064
18795
36531
4072
30202
18855
28951
19189
37540
10148
17796
37614
27969
6857
18693
20275
13181
5602
15683
17262
8375
31249
31422
28711
37563
35106
4985
34905
1636
4172
3687
23850
36653
23163
11553
291
2240
36404
27806
11352
28147
10845
22662
19840
10062
28340
17967
30837
36041
36149
23599
34606
23896
10132
33937
4105
31965
10805
24103
34413
9119
13265
26412
23318
5037
31151
4024
11677
33884
20424
12846
29517
26850
6866
10661
18888
25436
36982
21473
30424
35249
36329
3352
19212
26760
37323
24139
31508
7767
23154
20025
31936
34836
13998
17792
27481
30724
36406
28541
34319
34754
7081
16943
2680
6778
25328
35386
14519
35439
6177
18119
32154
37615
11685
23857
6847
24567
31539
12062
18199
34985
37078
6774
18919
25475
11114
29335
34704
10367
17808
23705
35806
36122
36346
1766
9619
15421
32182
35603
3685
13575
14234
19250
23128
23752
25928
30742
32009
1469
4680
7072
18297
22966
2748
27594
36130
36557
16961
23159
32746
37591
5016
8718
9168
19362
27931
31667
8732
9284
13900
24712
33058
34000
1746
6705
10949
19216
19679
33468
36370
37069
350
6971
7980
28338
29340
31305
36345
37031
1932
13872
24617
919
2753
3922
10854
11985
22658
3929
7156
10961
13695
19663
23300
26973
12363
17587
23343
36112
31032
31631
32145
36967
9727
15665
15817
16654
17520
27771
36371
37008
37156
7274
14004
16367
18107
33653
35766
35926
36137
37256
4391
5689
9262
11847
22945
23157
25664
33421
1241
16370
25951
26379
27423
27749
30605
30693
31175
31686
32606
1541
8998
9037
16012
17551
21182
22534
30186
36201
6676
7604
8627
16704
29446
30092
34969
1319
5670
7147
13323
13600
14614
27528
28883
37676
1219
1582
4755
7123
9263
13252
17539
17606
26150
6205
7141
7506
7921
8059
8288
10127
12409
14205
14269
14581
18683
20041
20071
20141
25833
26682
32964
33947
36174
1057
4927
6189
6837
10374
12274
18856
18921
19328
19722
23646
23667
31771
32750
36363
1188
5705
6549
6765
13336
13347
16196
17055
19219
21546
22100
22900
22988
27972
30138
30364
34232
34956
35904
36357
36419
37091
2605
4619
6413
8104
8137
9392
9502
10799
14813
16036
18502
19650
22955
27782
32970
33981
34773
36831
37046
5511
6238
7093
7919
7956
8081
10880
12033
15795
18103
19684
21636
22940
23028
28214
32401
33833
33924
34706
34841
35758
36013
36499
2353
2597
3081
3208
3258
5951
6306
7017
7162
8370
8467
9055
14188
14548
14628
14807
17182
17578
18808
22848
22868
23953
24094
24632
24709
26677
27227
28130
30155
30212
30703
31369
31503
34742
35441
35866
35882
36034
36356
36358
37011
37084
37387
3931
5202
6800
7483
7987
8455
8716
11243
14215
14960
15344
15971
17219
17435
17461
18646
18885
19198
19430
21624
21626
22864
22932
23162
24605
26622
26635
27208
29921
29992
31202
31918
33311
34329
34705
34771
34843
34901
36427
36913
37073
37294
945
2175
3114
4617
5315
6052
6163
7090
7485
8139
8715
8845
9372
13993
14801
15121
16032
16043
17693
18331
18388
18589
19121
19649
21195
21588
22324
22915
22924
24130
24237
24569
25362
25467
26676
26881
28747
29348
29828
30027
31521
31804
33925
34033
35332
35502
36254
36556
36998
37396
37432
1222
2586
3260
3294
4528
5956
6198
6773
6797
6799
6819
6962
7080
7317
7601
7960
8348
8999
9225
11311
12518
14198
14440
14536
15115
15742
17205
18041
18263
22105
22323
22833
22938
23110
23156
26090
26875
27768
28370
29094
29464
29883
30081
30923
31441
31769
31799
31983
32197
32285
32325
33005
34570
34590
34714
34747
34768
34769
34948
35816
35966
35990
36094
36334
37005
37087
37146
37288
37338
1326
2557
2638
2690
2758
3132
3136
4951
5295
