1
31144
35577
41673
25561
39947
27686
13136
45549
30920
44154
46136
38756
44839
39786
43702
30231
23521
46157
30269
16511
46210
45603
7094
3796
41127
4745
40468
39569
34739
5543
44313
25653
11909
41497
3193
26680
13074
1500
1439
8215
27290
28899
11819
23037
32833
11
45375
45213
18291
38825
4142
12143
8171
21052
43980
43097
43361
585
19008
29931
46182
14814
5971
18709
34626
45534
45827
46084
25863
3981
2931
22578
16258
27148
38423
9464
45434
46226
2190
27456
27332
45573
45400
11832
28621
31031
39625
45174
19821
22398
38688
33711
43758
44636
40245
3921
37389
14203
18751
38806
21042
1661
6497
25292
21278
31202
8880
19126
4520
19868
13917
37363
45602
46219
30855
37881
19989
33821
3726
30413
43355
3854
28784
32315
44985
7951
42689
3285
44516
3805
5421
13859
32690
19918
9142
13678
41
14170
12616
14998
22834
34022
45840
46057
3447
30152
32007
2964
17685
13724
23855
45968
42986
27280
28450
30602
3642
12909
7774
18847
40248
44025
5128
14547
4246
10745
19063
10943
33782
9049
37120
43295
44289
4655
13835
16998
41152
21657
27754
4866
35824
27435
2662
1010
20103
41932
499
22048
17885
39390
45508
2979
37508
41778
11542
30008
22109
26712
1991
11243
14199
21046
44000
10990
29363
863
14104
21643
32674
44729
45328
40401
46054
2220
6270
7131
1535
24165
45689
4118
36328
8330
14306
19164
3112
6927
26888
30263
38403
39164
22505
37189
8156
16881
20850
20911
29965
35647
3085
8140
14087
14939
19718
15743
38347
21782
28819
19947
21319
45652
16995
18750
31660
2416
7302
16004
46081
3423
5002
7428
40417
42514
1769
13897
39
13076
33446
75
7476
11058
30481
32855
12337
19313
17567
43896
10847
22548
44620
3737
6681
12832
21134
22476
42787
14411
14930
29643
1796
3654
15142
17338
27450
32227
46218
5536
14383
20884
30115
42773
39755
40368
13080
22224
22486
26547
33402
44065
44186
25252
31218
6808
12862
20436
47
20112
26289
33040
23625
29423
22441
23626
37854
3164
6839
8539
23960
16863
11699
12028
40623
45068
45281
45289
45319
13753
25706
1856
2850
13692
21512
38037
38823
40470
42729
14759
25020
34553
37048
5344
11719
15325
19875
35415
38190
38824
12043
38097
43374
15939
16523
31197
40691
40767
14755
24743
27883
31606
3746
9893
16462
19070
27168
31186
32475
32572
1391
2308
6203
12964
15921
24445
31182
33151
44899
46092
148
11380
23785
26717
32452
38419
5110
19141
19747
33127
35523
45255
12257
14112
20095
22101
23342
27516
34441
3402
7271
21436
22188
23219
28392
28514
29289
494
7242
20054
25398
29905
33113
38334
40202
8095
13052
14091
14307
23814
32251
33393
33496
5450
12076
17339
18589
27364
31386
32244
32807
33182
36637
11444
20223
20246
23870
28080
30939
44275
45989
1626
7139
29562
36673
44643
142
11515
12368
20412
28150
28287
32124
32841
40389
42993
44382
917
6831
8219
19429
28976
46105
8214
13847
19439
26555
31968
33960
12644
12959
15109
20845
25941
33924
38767
3242
12053
12488
15189
21453
22488
32337
38341
41177
43266
1265
2055
5717
6193
8865
11478
22485
24741
36157
2907
5321
6461
27631
27779
33045
34708
40458
2667
12793
14821
20385
22119
24402
30296
31947
33679
34085
39731
1746
2442
11600
13722
16799
17028
20145
23428
29372
30273
37702
38249
42454
245
930
1652
3260
6698
8650
9312
17654
19190
21634
23056
24083
25972
34861
36450
36559
38272
1104
1486
1759
2215
10598
11007
16690
17272
17469
17754
25140
25156
26251
28296
33913
42808
1731
2747
5695
11614
15671
19224
25171
27557
27693
30733
34007
42339
46152
6434
15175
20961
23659
24068
27020
30763
41771
45310
5871
6634
14903
16294
18503
23415
33792
35343
37019
38760
40009
41116
43450
2940
8766
10864
12860
22748
24237
29933
32185
33544
34113
36572
36741
41476
41787
45409
1609
3434
3929
7257
7963
13609
18181
21826
32138
35283
35860
38615
38739
44163
3941
10605
13514
13905
14090
15062
16424
17311
19806
26353
30101
38365
492
981
3495
7529
9749
10767
11392
13223
17289
22552
23217
24397
24808
27130
27993
31695
34630
40278
41672
3453
4996
8256
9281
11506
14800
20746
22006
22960
23001
27911
32688
36240
43438
278
2854
3327
4647
6238
7390
10221
12175
16376
16453
16707
19942
20446
20971
30421
30771
33307
34772
37049
38331
38595
41191
1381
12099
17041
17225
20593
20745
20763
20910
22475
23307
25620
28312
29076
31234
33293
44999
832
996
1297
1459
1712
2329
2560
3303
6990
6996
12291
15076
16887
17072
19079
20286
24443
25445
26106
26305
27091
30866
31471
32379
35194
42320
43301
1838
4645
7095
7619
8237
13495
16310
18222
20834
21637
21653
22780
26947
28291
29805
31398
32569
35875
37023
38678
39412
41613
46231
1950
5248
6242
6656
9550
11280
13827
13856
14012
17113
19803
20671
23047
23102
23797
26306
27571
28034
28260
29241
29471
32469
33639
33907
34792
42442
43268
1037
3969
4120
5440
5904
11755
13337
13349
14502
15398
18240
18884
20945
20989
22904
24567
26028
26357
27366
27510
28675
28732
30796
32612
34940
35808
39987
40251
42023
42424
43800
2631
4105
7089
11576
12007
14711
15269
21348
22067
27084
31139
31215
33805
33934
34187
37109
38852
39934
43159
43833
428
1595
5385
6260
7354
8626
10436
11228
12136
12829
13996
16287
17378
22081
22815
24218
25518
25613
26022
26666
27044
28989
29366
31097
32157
32909
33194
34543
34877
35048
35150
37753
42045
3140
3997
6534
7991
10043
10486
11377
14000
14019
15086
15686
16614
16866
17211
22187
22195
23829
25297
26605
32952
34915
41091
41522
42663
43065
43785
45399
45934
46252
678
2291
2378
2494
2657
5290
6907
7026
7057
7277
8149
8384
9842
12523
14021
14661
14780
17064
18734
19826
19905
20314
20519
21037
22189
23697
25126
25606
25826
27666
27800
28996
32669
33849
34173
34645
36529
36539
37102
38027
40531
42344
45083
45537
177
1113
1408
1845
3391
6514
8037
9938
10649
10657
10972
14028
14194
16538
17570
18174
18962
19038
23184
24050
24331
24483
25510
25820
28921
30166
31323
34090
36709
37640
39767
40290
40510
41705
43479
43559
44309
44522
44764
566
2058
2217
3494
7668
7681
8690
9079
9698
10119
10912
11121
11203
12079
12227
12562
13036
13575
14386
15482
16709
16879
19758
20085
22930
23637
24612
25201
27552
28460
28475
30599
31890
32000
32915
34612
35541
36246
36927
37258
38212
38266
39954
40013
41166
41402
42752
45708
46095
830
1613
3038
5221
5257
7435
7615
8803
8967
9416
10350
10814
12037
12198
12563
13178
13236
14537
14667
15382
17321
17578
17872
19497
20156
20525
21565
22252
23176
23615
24819
24987
26337
26463
27511
27626
27733
30702
32432
34096
36100
38699
41467
42757
45671
309
727
811
2652
2912
3602
5171
5638
6487
6505
6629
7110
7359
10777
10967
11972
12773
13582
15990
16854
17615
18322
19253
19283
19785
20400
20485
20972
21040
21358
21590
22386
24250
24401
24550
25939
27075
27879
28575
28981
31091
31341
33471
34764
34800
35113
35264
35993
39095
39369
41175
41526
1492
2552
3421
4718
4831
5032
5632
6328
6458
7295
8839
10395
11513
11897
12005
12092
13993
14005
14397
15022
15690
16035
17692
17973
18296
18323
18335
19907
20125
20958
21178
21954
22038
22143
22520
22619
22708
22993
23221
23519
24528
24862
25407
25793
26146
26157
26601
27730
28662
29269
29498
29686
30497
32368
32461
32686
32903
34137
34402
34459
36225
36877
37949
38158
38389
38896
39690
40496
40601
40845
40906
40963
42530
43021
43795
44354
44937
45191
1203
1386
1456
1817
2469
3094
3389
3440
3455
4110
4201
4331
5411
7352
7473
7800
8113
8278
10078
10551
11488
11902
12234
13845
13938
14452
14544
15452
15497
15607
16187
17325
17857
19937
20082
20207
21026
22459
22935
23595
23827
24879
25915
26737
26810
26998
27514
27539
28578
28664
29593
29743
29934
30279
30289
31764
32179
32519
32695
32935
33115
33707
34147
35147
35518
35752
35779
35799
36510
36609
36621
37290
37499
37991
40447
40454
41882
42654
42768
42806
44825
45764
46169
46251
432
1579
2114
2630
2708
4085
5452
6288
6906
7036
7259
7260
7562
7928
9101
9729
9862
10083
11038
11382
11530
11608
12245
12514
15139
16191
16375
17080
17213
17487
18557
19103
19275
19828
20651
20876
21520
21737
21831
23610
24189
24488
25043
25426
25667
26258
27066
27592
29219
29274
29319
29504
29515
30685
31897
32398
33199
34101
34268
34418
34476
35026
35474
35642
36093
36488
36564
37523
37581
37714
38204
38456
39026
40892
41849
42133
42348
43005
43113
44188
44224
44640
45480
1489
5058
5172
5228
6708
6798
6826
6924
7292
7496
7622
7852
8204
8242
8516
8662
8823
9345
9456
9558
10132
10394
10686
12144
12172
12745
13123
13915
13929
14272
14794
15616
16829
17990
18000
19650
20320
20395
22416
22833
23279
24367
24441
24526
24587
24644
25273
25625
25677
25846
25881
27558
28187
28703
29154
29320
29574
29705
29816
30743
30851
32230
32502
32629
33149
34618
34701
35231
35368
35646
35715
35773
35907
36739
37681
38275
38292
38373
39401
39773
40303
41808
42231
44453
44459
44841
45285
45444
45779
347
719
886
1034
2586
2655
2771
2920
2927
3014
3794
4675
5873
5874
7170
7255
7784
8115
8518
9009
9588
10479
11116
11118
11507
12169
12240
12482
12569
12844
13426
13528
15263
15362
15834
15835
15938
15991
16875
16907
17784
17985
18470
18865
19093
19576
20545
20846
21534
21577
21725
22843
24056
24217
24333
24917
25609
25656
26704
27598
27918
27943
28644
30390
31015
31042
31448
33949
34039
34178
34181
34793
34892
35250
35878
36317
38273
38590
38979
39580
39848
40689
41137
41348
41765
42306
42613
42668
43242
43967
44722
45900
1482
1768
1782
3105
3284
3572
3597
4668
4687
5919
6061
6128
6358
6373
6992
7001
7083
7353
7372
7548
8447
8590
9838
10022
10123
10513
10557
11064
11155
11184
11401
12154
12420
12450
12481
13050
13401
14025
14072
14311
14695
14790
15797
16498
16544
16666
16828
16867
17534
17591
18067
18153
18714
18742
19353
19527
19744
19745
19750
19822
19954
20981
21120
21240
21395
21871
22148
22162
22761
23306
23665
23786
24013
24175
24309
24672
24895
25428
25644
25779
26092
26334
26730
26938
27396
27414
28534
29428
29566
29909
29940
30609
31374
32441
32584
32790
32978
33086
34037
34365
34722
35268
35697
36454
36476
37181
37369
37908
38379
38780
38956
39618
40223
40824
41025
41031
42086
42608
42622
42915
44509
45085
45161
45224
46128
46151
514
711
1496
2314
2411
2821
2831
2911
2963
3483
4253
4485
4577
4712
5259
5328
5339
5623
5737
5946
6245
6485
6592
6596
6732
6791
6932
7775
7830
8137
8154
8292
8563
9113
9863
9882
10075
10792
10897
11177
11281
11563
11633
11636
11836
12114
12253
12419
12478
12533
12727
12922
13012
13417
13457
13741
13766
15055
15610
15620
15715
16469
16712
16912
16963
16976
16990
17147
17482
17738
17970
18355
19710
19773
19929
20072
20430
20496
21288
21346
21699
21730
21943
22364
22404
22567
23035
23051
23227
23723
24377
24378
24422
24613
24746
25211
25353
25400
25665
25925
26296
26599
26664
26753
26984
27651
27790
27808
27825
27971
28028
28041
28097
28561
28937
29255
29483
29525
30144
30325
30414
30503
30686
30695
30713
31035
31361
31481
31828
32094
32312
32509
32646
32760
32951
33332
33461
33696
33958
35066
35137
35139
35486
35535
35753
36125
37300
37805
37868
38223
38566
39261
39486
39513
40275
40557
41320
42316
43408
43532
43847
44776
44851
45031
45233
45316
45799
45922
195
1281
2357
2651
2738
2796
2913
3027
3125
3174
3354
4336
4412
4489
4696
4911
5678
6148
6266
6417
6612
6725
6928
7000
7004
7168
7183
7536
7677
7732
7778
7789
8203
8298
8312
8592
8658
8678
8863
9058
9201
9251
9278
9357
9359
9393
9524
9616
10092
10135
10333
10438
11039
11103
11587
11781
11820
12281
12443
12451
12849
13129
13277
13344
13545
13673
13712
13982
14385
14519
14844
15113
15219
15467
15669
15924
16494
16610
17157
17274
17672
17943
18021
18278
18280
18455
19046
19095
19108
19235
19423
19615
19655
19715
19776
19976
20404
20449
20472
20559
20767
20863
21345
21411
21614
21816
21866
22227
22334
22464
22932
23091
23166
23302
23353
23363
23470
23480
23562
23726
23823
23910
23932
24026
24064
24373
25022
25394
25455
26113
26301
26607
26616
26627
26768
26799
26811
27034
27694
27704
27928
28375
28583
28751
28935
29592
29916
30003
30061
30616
30989
31757
31839
32289
32363
32372
32631
32710
32859
32940
33171
33193
33388
33615
33883
33932
33961
34135
34197
34401
34623
34788
35420
35759
35966
36153
36187
36345
36535
36659
37529
37755
37972
38376
38451
39029
39346
39498
39613
39794
40042
40269
40527
40714
40976
41359
41600
41670
41761
42272
43309
44393
44747
44824
45051
45295
45300
45389
45390
45877
45957
46127
135
947
1006
1332
1334
1378
1393
1461
1580
2404
2517
2917
3020
3034
3159
3220
3282
3448
3646
3679
3950
4029
4356
4450
4710
4760
4848
5094
5134
5689
5832
5910
6060
6110
6158
6187
6319
6340
6374
6402
6728
6782
6997
7020
7141
7143
7249
7320
7367
7401
7664
7734
8064
8207
8308
8348
8534
8754
8877
9051
9171
9272
9665
9826
10779
11019
11047
11096
11190
11297
11533
11657
11670
11772
11841
12023
12094
12314
12391
12428
12535
12902
13030
13383
13526
13555
13583
13680
13694
13783
13932
14107
14274
14329
14462
14798
14923
15209
15640
15765
16204
16338
16558
16604
16675
16719
16731
16815
16964
17001
17138
17210
17214
17946
18049
18090
18150
18655
18710
18773
19117
19137
19218
19221
19413
19485
20176
20235
20533
20604
20993
21261
21302
21400
21401
21454
21559
21575
22074
22091
22133
22138
22169
22370
22617
22655
22894
22962
23025
23027
23249
23269
23455
23930
24078
24347
24430
24557
24732
24803
24976
25186
25216
25762
25788
25831
25856
26224
26348
26378
26414
26540
26632
26652
27036
27136
27394
27566
27661
27749
28158
28539
28720
28888
29007
29358
29419
29467
29524
29546
29561
29587
29647
29715
29866
29907
29910
30103
30203
30282
30546
30730
30831
31495
31838
32339
32451
32652
32886
32986
33161
33450
33658
33725
33900
33927
34049
34328
34608
35321
35392
35885
35927
36197
36219
36354
36443
36681
36746
36771
37278
37497
37543
37573
37619
37720
37813
37814
37842
38151
38370
38409
38517
38798
38811
38858
38943
39441
39553
39668
39681
39743
39761
39819
40187
40538
40821
40841
40966
41275
41568
41582
41682
41769
41938
42343
42458
42616
42634
42856
43055
43076
44069
44101
44777
44847
44921
45367
45739
45744
46221
715
762
921
1036
1296
1346
1659
1747
1809
2294
2446
2459
2495
2505
2553
2576
2611
2628
2701
2842
2983
3021
3218
3222
3255
3256
3281
3384
3460
3593
3786
3816
3848
3999
4033
4538
4607
4610
4654
4732
4772
4898
4909
5382
5494
5495
5721
6037
6127
6179
6219
6261
6265
6278
6321
6538
6646
6696
6746
7085
7127
7188
7250
7472
7637
7656
7684
7783
7818
7968
8005
8023
8044
8218
8240
8245
8248
8340
8481
8502
8506
8554
8616
8627
8636
8639
8655
8698
8746
8805
8822
9007
9024
9250
9277
9285
9340
9507
9528
9733
9861
10085
10095
10103
10173
10306
10334
10621
10630
10652
10758
10851
11027
11140
11286
11390
11490
11705
11747
11828
11878
12130
12376
12407
12589
12642
12726
12815
12846
13346
13410
13549
13844
13909
14004
14098
14416
14459
14737
14830
14879
15222
15233
15257
15305
15340
15347
15776
16181
16199
16227
16429
16450
16455
16668
16788
16956
17152
17558
17711
17716
17853
18159
18177
18217
18259
18452
18599
18637
18684
18836
18843
18931
19071
19105
19109
19112
19193
19272
19285
19409
19432
19441
19709
19769
19783
19987
20052
20089
20226
20232
20478
20579
20585
20707
20709
20743
20940
20956
20965
20998
21137
21440
21553
21563
21568
21670
21685
21700
21723
21768
21814
21900
22223
22260
22427
22469
22516
22719
22801
22844
22860
22878
22949
23083
23087
23163
23290
23320
23322
23365
23372
23431
23462
23478
23705
23741
24069
24072
24074
24271
24381
24399
24536
24575
24686
24980
25013
25244
25360
25413
25414
25468
25664
25735
25814
25875
25930
26000
26054
26095
26201
26415
26458
26512
26608
26611
26621
26742
26785
27073
27088
27353
27407
27411
27486
27616
27623
27655
27810
27832
27951
28091
28096
28126
28281
28292
28313
28570
28642
28653
28727
29057
29139
29254
29512
29656
29825
29875
29952
29967
29996
29999
30174
30298
30303
30432
30517
30554
30607
30862
30911
30951
30972
31080
31111
31460
31478
31594
31807
31884
31973
31978
32008
32172
32183
32549
32597
32622
32740
32755
32832
32873
32938
32983
33062
33110
33169
33271
33286
33574
33597
33690
33755
33848
33911
33988
34092
34105
34140
34151
34322
34412
34595
34602
34603
34640
34777
34886
35053
35136
35213
35552
35616
35625
35788
35882
36043
36312
36333
36339
36449
36552
36824
36840
36922
36961
37064
37206
37562
37574
37578
37655
37847
37901
37943
38064
38195
38228
38238
38285
38364
38421
38472
38491
38497
38628
38689
38713
38723
38724
39524
39548
40133
40516
40552
40562
40622
40697
40773
40778
40800
40809
40958
41488
41490
41492
41602
41645
41815
42094
42494
42563
42797
42886
43018
43043
43050
43091
43178
43202
43344
43536
43556
43639
43672
43904
44040
44377
44501
44552
44562
44730
44860
44873
45401
45541
45560
45625
45638
45886
45915
45961
45986
46059
46067
46076
46170
46184
46198
227
228
234
896
987
1026
1273
1418
1427
1428
1494
1497
1640
1663
1692
1739
1806
2090
2206
2356
2458
2639
2740
2924
3025
3076
3121
3231
3287
3358
3383
3404
3435
3442
3444
3452
3454
3458
3496
3592
3706
3871
3910
3934
4116
4152
4205
4235
4263
4308
4329
4359
4370
4442
4456
4457
4515
4517
4543
4688
4731
4752
4901
4951
4977
5010
5201
5225
5272
5471
5633
5859
5860
5924
6116
6130
6132
6155
6167
6175
6177
6185
6205
6229
6264
6281
6338
6378
6431
6479
6483
6500
6507
6543
6780
6841
6938
7075
7101
7102
7161
7179
7289
7396
7400
7493
7521
7531
7545
7550
7632
7634
7646
7733
7743
7916
8000
8057
8094
8127
8183
8187
8220
8263
8288
8402
8403
8405
8424
8448
8458
8462
8468
8485
8493
8494
8535
8625
8630
8634
8638
8651
8666
8685
8686
8706
8709
8710
8713
8743
8767
8777
8789
8792
8810
8934
8992
9011
9025
9072
9092
9118
9197
9226
9227
9319
9335
9337
9394
9442
9460
9711
9726
9812
9963
10019
10071
10087
10125
10143
10355
10398
10422
10514
10516
10517
10518
10569
10593
10653
10669
10724
10731
10773
10798
10986
11018
11092
11169
11180
11192
11284
11306
11371
11433
11496
11526
11537
11637
11672
11744
11825
11826
11860
11920
11926
11981
11997
12003
12004
12034
12219
12319
12387
12446
12476
12572
12574
12643
12672
12676
12693
12751
12826
12920
13003
13125
13172
13194
13411
13432
13458
13480
13685
13728
13765
13796
13821
13824
13854
13937
14009
14080
14082
14084
14089
14092
14117
14142
14178
14205
14219
14282
14325
14465
14578
14669
14836
14978
15018
15020
15058
15216
15623
15760
15799
15870
15879
15896
15934
15949
15986
16097
16171
16176
16198
16418
16454
16588
16595
16600
16607
16620
16644
16647
16661
16671
16720
16723
16759
16843
17049
17074
17086
17212
17287
17520
17739
17770
17878
17881
17903
17945
18013
18058
18124
18152
18175
18317
18363
18375
18489
18535
18603
18657
18739
18785
18817
18947
19078
19086
19186
19418
19422
19495
19499
19501
19563
19692
19742
19778
19865
20068
20075
20213
20216
20363
20371
20435
20442
20480
20611
20697
20877
20933
20964
20987
21053
21069
21192
21204
21311
21349
21428
21605
21606
21608
21828
21889
22018
22057
22058
22153
22282
22328
22389
22420
22422
22426
22429
22465
22509
22539
22564
22676
22695
22747
22832
22964
23261
23292
23359
23396
23485
23517
23524
23773
23778
23795
23796
23921
23931
23962
24021
24037
24136
24142
24153
24177
24193
24266
24363
24453
24749
24828
24847
24883
24959
24973
25138
25175
25209
25220
25274
25295
25309
25329
25330
25351
25356
25396
25453
25460
25485
25565
25617
25723
25754
25756
25864
26048
26188
26226
26347
26355
26402
26422
26450
26467
26524
26766
26774
26775
26824
26941
26948
26950
26994
27192
27390
27402
27472
27488
27535
27656
27672
27690
28020
28108
28253
28294
28360
28363
28421
28458
28469
28651
28785
28875
28889
28907
28908
28910
28911
28912
29163
29258
29261
29294
29356
29451
29482
29559
29606
29691
29831
29878
29914
29992
30189
30234
30305
30416
30441
30529
30558
30562
30566
30842
30859
30877
30894
31032
31070
31103
31155
31288
31358
31364
31470
31477
31502
31515
31582
31599
31640
31641
31770
31775
31787
31811
31822
31934
32056
32116
32121
32229
32262
32304
32417
32478
32480
32556
32561
32657
32829
32875
32920
32942
32946
33034
33155
33157
33358
33420
33515
33525
33593
33610
33648
33657
33699
33736
33783
33841
33853
33875
33991
33992
34016
34028
34038
34142
34186
34222
34236
34330
34332
34346
34414
34604
34629
34659
34683
34698
34717
34718
34797
34817
34818
34819
34838
34845
34846
34891
34932
34952
34956
34974
35009
35012
35061
35091
35160
35176
35219
35261
35309
35334
35553
35632
35656
35747
35764
35833
35851
35857
35863
35912
35925
35957
36004
36198
36295
36325
36571
36596
36647
36754
36841
36917
36918
37054
37344
37429
37431
37439
37500
37501
37606
37663
37709
37835
37876
37899
38026
38124
38229
38250
38362
38551
38627
38629
38647
38665
38763
38925
39209
39272
39305
39344
39371
39547
39620
39635
39830
39847
39849
39943
39963
40003
40008
40023
40065
40097
40224
40295
40339
40403
40476
40721
40763
40786
40814
40856
40924
40965
41006
41069
41071
41169
41193
41303
41438
41439
41443
41557
41580
41615
41684
41720
41798
42068
42131
42311
42537
42615
42662
42672
42833
42850
42883
42943
42951
43011
43068
43188
43269
43447
43473
43474
43475
43490
43554
43581
43582
43593
43682
43790
43794
43796
43829
43939
44042
44173
44329
44397
44405
44417
44441
44580
44592
44745
44782
44954
45007
45043
45349
45443
45527
45554
45563
45579
45604
45612
45621
45646
45711
45737
45763
45884
46106
46110
46193
215
220
300
677
993
997
1085
1135
1137
1138
1207
1239
1274
1298
1329
1352
1360
1367
1474
1503
1735
1852
1857
1861
1862
1867
1919
1960
1996
2120
2141
2145
2172
2263
2290
2299
2312
2327
2334
2353
2368
2380
2438
2498
2572
2648
2665
2729
2759
2785
2801
2896
2902
2908
2959
2988
3047
3048
3049
3077
3088
3100
3109
3139
3156
3190
3261
3361
3408
3415
3437
3451
3456
3474
3652
3675
3682
3684
3713
3817
3881
4000
4031
4112
4189
4209
4210
4211
4230
4238
4243
4256
4260
4309
4321
4326
4335
4337
4358
4378
4399
4438
4470
4488
4490
4505
4509
4532
4546
4592
4614
4620
4691
4692
4698
4734
4739
4762
4797
4813
4819
4820
4821
4914
4923
4935
4952
4953
4954
4955
4957
4958
4959
5003
5011
5016
5046
5049
5056
5122
5138
5252
5285
5287
5319
5320
5405
5673
5757
5781
5791
5802
5814
5932
5940
5944
5965
5990
5991
5993
6004
6045
6049
6096
6120
6156
6170
6214
6222
6246
6310
6329
6337
6356
6422
6446
6453
6454
6482
6489
6544
6557
6563
6564
6591
6626
6680
6717
6781
6787
6789
6796
6804
6806
6822
6840
6842
6859
6940
7031
7082
7124
7125
7142
7165
7166
7187
7189
7194
7248
7263
7282
7297
7346
7398
7408
7409
7420
7467
7487
7488
7491
7524
7526
7540
7565
7575
7591
7745
7813
7814
7819
7840
7841
7842
7843
7847
7890
7891
7947
7954
7955
8004
8020
8021
8075
8097
8125
8144
8173
8179
8194
8223
8318
8324
8333
8346
8357
8359
8385
8397
8410
8420
8445
8446
8526
8544
8612
8631
8649
8672
8680
8688
8689
8703
8711
8712
8726
8738
8739
8749
8764
8769
8801
8831
8833
8840
8842
8852
8878
8891
8941
8960
8982
9031
9038
9053
9081
9082
9088
9103
9111
9131
9135
9139
9179
9214
9237
9344
9412
9515
9517
9530
9626
9671
9705
9718
9720
9752
9756
9760
9761
9780
9820
9821
9830
9920
9922
9952
9953
9954
9984
9986
10005
10024
10053
10239
10269
10278
10311
10340
10347
10364
10390
10439
10469
10504
10578
10654
10671
10672
10725
10726
10765
10783
10794
10797
10813
10844
10861
10867
10922
10953
10992
11022
11045
11054
11076
11086
11215
11239
11307
11339
11398
11419
11435
11442
11508
11566
11622
11644
11649
11650
11722
11874
11918
11945
11960
12012
12017
12019
12024
12031
12045
12073
12108
12152
12157
12160
12171
12213
12232
12271
12342
12352
12363
12497
12500
12548
12561
12666
12668
12684
12687
12735
12739
12743
12776
12789
12792
12796
12804
12806
12845
12901
12905
12938
12983
12987
12989
13025
13101
13130
13176
13187
13191
13193
13280
13281
13282
13388
13421
13444
13483
13531
13714
13716
13806
13815
13829
13831
13838
13857
13867
13880
13881
13922
13949
13958
13963
13965
13967
13979
13998
14042
14055
14067
14068
14069
14070
14074
14093
14154
14238
14328
14380
14399
14404
14435
14509
14530
14579
14589
14590
14592
14593
14594
14616
14626
14690
14693
14731
14778
14782
14783
14785
14786
14787
14792
14797
14801
14809
15034
15052
15108
15126
15130
15134
15145
15166
15177
15191
15197
15217
15242
15249
15321
15596
15615
15703
15752
15807
15930
15931
15940
15962
15972
16072
16157
16185
16261
16285
16328
16359
16460
16477
16549
16592
16598
16601
16606
16612
16697
16714
16725
16750
16754
16785
16818
16847
16865
16868
16959
17141
17162
17164
17183
17204
17255
17295
17296
17309
17316
17332
17336
17370
17396
17471
17478
17561
17575
17576
17588
17628
17638
17657
17687
17697
17700
17779
17791
17797
17838
17911
17967
17968
17976
17987
17993
18014
18064
18066
18083
18084
18157
18172
18182
18218
18233
18235
18239
18262
18263
18294
18327
18405
18432
18436
18453
18480
18492
18525
18611
18621
18679
18688
18695
18717
18764
18804
18813
18815
18818
18979
18980
19023
19069
19087
19119
19165
19202
19231
19233
19254
19290
19317
19386
19394
19395
19411
19428
19431
19446
19454
19493
19494
19514
19635
19659
19678
19688
19726
19772
19777
19787
19799
19801
19814
19874
20024
20042
20101
20122
20150
20179
20180
20181
20209
20239
20284
20288
20296
20310
20311
20332
20335
20382
20455
20456
20460
20483
20536
20539
20548
20565
20571
20577
20583
20620
20634
20795
20796
20824
20841
20848
20885
20886
20904
20957
20984
21034
21048
21058
21059
21111
21114
21158
21170
21180
21195
21219
21229
21272
21347
21417
21449
21472
21483
21524
21576
21607
21615
21671
21677
21697
21698
21716
21718
21719
21743
21758
21759
21837
21840
21849
21870
21913
21937
21939
21946
21951
21981
21986
22000
22032
22078
22093
22130
22192
22194
22222
22233
22236
22237
22320
22406
22408
22425
22456
22471
22487
22529
22530
22535
22638
22648
22662
22673
22741
22829
22836
22842
22855
22871
22902
22921
23015
23119
23138
23157
23206
23210
23251
23262
23280
23299
23326
23334
23346
23361
23373
23411
23488
23497
23500
23501
23502
23511
23512
23548
23601
23734
23736
23771
23772
23781
23782
23783
23784
23788
23852
23874
23875
23936
23969
23975
24100
24132
24167
24194
24199
24205
24208
24249
24252
24256
24259
24263
24273
24274
24275
24316
24361
24362
24366
24380
24460
24513
24572
24582
24677
24678
24679
24687
24700
24764
24810
24900
24902
24904
24913
24994
25014
25023
25027
25167
25194
25210
25215
25225
25242
25271
25272
25294
25310
25328
25341
25361
25364
25367
25397
25497
25522
25567
25588
25602
25652
25696
25708
25717
25725
25729
25732
25743
25751
25758
25765
25790
25830
25873
25926
26019
26080
26081
26082
26083
26094
26118
26129
26143
26145
26166
26174
26181
26183
26213
26217
26233
26292
26295
26308
26320
26354
26356
26363
26370
26371
26375
26381
26419
26620
26678
26683
26692
26761
26763
26769
26771
26866
26942
26946
26951
27042
27089
27181
27188
27209
27245
27277
27292
27442
27465
27473
27477
27480
27481
27482
27483
27490
27536
27568
27633
27724
27725
27735
27737
27739
27875
27929
27936
28073
28084
28102
28104
28105
28114
28122
28180
28203
28225
28231
28283
28320
28393
28466
28494
28509
28550
28619
28658
28661
28668
28678
28724
28725
28726
28728
28730
28747
28748
28837
28905
28924
28947
29036
29056
29062
29094
29105
29175
29187
29207
29208
29216
29264
29266
29285
29286
29309
29382
29415
29440
29447
29466
29526
29543
29590
29661
29663
29693
29729
29797
29818
29819
29820
29890
30041
30095
30100
30113
30117
30127
30135
30180
30185
30193
30221
30241
30277
30278
30400
30404
30408
30418
30424
30504
30514
30522
30524
30553
30570
30635
30652
30696
30700
30701
30725
30735
30758
30794
30976
30978
31131
31134
31156
31223
31243
31329
31360
31362
31363
31367
31442
31485
31497
31554
31555
31588
31590
31634
31664
31737
31772
31804
31841
31880
31889
31901
31917
31939
31954
31972
31997
32024
32054
32057
32135
32268
32270
32278
32320
32353
32407
32418
32420
32446
32488
32495
32538
32558
32562
32563
32567
32579
32580
32618
32642
32666
32671
32689
32702
32751
32754
32787
32897
32906
32937
32956
32994
33010
33039
33081
33103
33140
33191
33267
33281
33289
33412
33480
33488
33500
33526
33532
33606
33607
33644
33655
33675
33695
33748
33772
33816
33918
33957
33987
33989
34018
34102
34206
34218
34243
34245
34273
34276
34327
34333
34344
34393
34406
34415
34484
34515
34545
34622
34632
34657
34712
34714
34721
34751
34782
34787
34820
34825
34842
34843
34849
34913
34914
34934
34941
34945
35033
35037
35056
35067
35080
35209
35251
35259
35304
35307
35324
35353
35416
35436
35440
35589
35590
35604
35633
35739
35742
35795
35926
35946
36053
36080
36099
36150
36170
36224
36330
36363
36407
36507
36520
36524
36584
36631
36648
36661
36663
36671
36766
36816
36878
36898
36902
36903
36913
36930
36934
36959
36979
36985
36993
36995
36998
37003
37068
37094
37101
37128
37141
37164
37208
37222
37232
37279
37296
37298
37327
37387
37414
37418
37440
37472
37475
37607
37642
37688
37803
37807
37816
37818
37821
37822
37828
37829
37857
37861
37877
37903
37946
37959
37994
38017
38044
38120
38121
38148
38153
38242
38360
38392
38400
38443
38458
38459
38519
38543
38564
38632
38637
38705
38712
38714
38718
38722
38757
38758
38783
38817
38818
38904
38924
38959
39060
39090
39091
39098
39127
39134
39145
39149
39166
39168
39196
39236
39239
39322
39355
39385
39428
39444
39445
39452
39489
39491
39527
39595
39606
39607
39619
39633
39634
39716
39727
39763
39781
39782
39797
39801
39807
39818
39822
39842
39862
39870
39871
39877
39878
39879
39884
39940
39953
39975
40018
40036
40115
40142
40217
40274
40280
40292
40302
40379
40461
40466
40472
40523
40536
40545
40631
40747
40755
40766
40782
40881
41064
41082
41083
41145
41174
41179
41217
41223
41241
41323
41327
41366
41375
41452
41550
41558
41564
41660
41714
41732
41743
41754
41760
41816
41831
41865
41908
41910
41935
41945
41994
41997
42003
42017
42018
42024
42026
42125
42142
42169
42174
42177
42196
42213
42284
42296
42312
42323
42358
42359
42495
42610
42636
42638
42642
42658
42660
42720
42721
42722
42772
42781
42805
42826
42852
42860
42862
42944
42950
42963
43007
43045
43147
43166
43171
43172
43183
43204
43213
43232
43234
43235
43250
43251
43277
43281
43283
43285
43292
43313
43379
43382
43386
43391
43403
43425
43492
43501
43506
43543
43573
43600
43632
43642
43711
43744
43750
43797
43877
43879
43913
43927
43947
43948
43953
43970
43985
44135
44157
44162
44193
44208
44245
44263
44281
44305
44308
44315
44324
44389
44396
44407
44409
44421
44424
44431
44440
44463
44538
44548
44549
44550
44569
44572
44575
44578
44579
44582
44583
44584
44585
44586
44589
44617
44655
44658
44734
44754
44758
44793
44812
44859
44874
44975
45056
45077
45137
45215
45279
45343
45351
45392
45394
45413
45451
45477
45555
45613
45629
45651
45658
45686
45706
45835
45836
45879
45880
45891
45896
45935
45937
45942
45960
45963
46030
46036
46037
46040
46065
46078
46103
46113
46197
46241
235
589
591
706
770
812
813
814
866
990
991
998
1000
1035
1084
1102
1209
1354
1373
1644
1662
1696
1706
1721
1725
1729
1734
1763
1795
1797
1800
1824
1825
1855
1864
1866
1869
1872
1874
1949
1959
1961
1962
1963
1965
1967
1979
1981
1986
2001
2123
2124
2156
2197
2198
2200
2205
2208
2212
2223
2225
2227
2228
2229
2261
2262
2264
2284
2286
2316
2323
2324
2330
2333
2339
2355
2365
2367
2390
2391
2396
2398
2401
2409
2410
2412
2417
2418
2433
2434
2436
2497
2569
2622
2659
2664
2694
2751
2752
2753
2770
2772
2777
2786
2788
2844
2866
2890
2910
2915
2941
2943
2944
2945
2946
2961
2965
2967
2994
2995
3007
3008
3012
3028
3089
3102
3195
3196
3203
3248
3249
3251
3252
3253
3254
3273
3277
3286
3291
3342
3396
3398
3400
3407
3427
3429
3430
3436
3464
3571
3603
3605
3606
3623
3665
3666
3683
3686
3720
3725
3728
3736
3753
3760
3764
3765
3773
3779
3793
3797
3804
3807
3821
3860
3882
3892
3895
3917
3927
3944
3994
3998
4025
4032
4035
4036
4037
4038
4040
4042
4055
4064
4070
4098
4113
4114
4115
4153
4156
4181
4186
4187
4197
4206
4244
4257
4258
4275
4297
4299
4300
4301
4302
4303
4306
4311
4313
4317
4318
4319
4320
4322
4323
4324
4325
4328
4330
4333
4338
4340
4341
4342
4343
4344
4347
4350
4352
4354
4355
4362
4363
4365
4366
4367
4373
4377
4379
4380
4381
4383
4384
4387
4389
4391
4401
4439
4452
4453
4454
4455
4459
4460
4461
4462
4476
4477
4478
4479
4481
4492
4507
4511
4513
4514
4516
4530
4531
4534
4535
4537
4544
4552
4553
4554
4558
4563
4570
4571
4576
4595
4656
4665
4719
4733
4735
4765
4793
4802
4808
4809
4811
4812
4814
4822
4827
4833
4834
4835
4838
4847
4852
4853
4854
4881
4903
4907
4910
4916
4921
4925
4972
4983
4990
5009
5024
5030
5033
5035
5036
5041
5044
5045
5054
5073
5075
5076
5111
5131
5140
5185
5187
5210
5234
5240
5260
5261
5264
5265
5270
5271
5273
5286
5298
5302
5303
5367
5369
5376
5378
5379
5380
5381
5387
5399
5400
5403
5430
5670
5671
5674
5692
5697
5783
5798
5799
5815
5847
5872
5875
5876
5896
5900
5909
5920
5927
5933
5941
5943
5988
5989
5994
5995
6003
6013
6014
6047
6051
6063
6064
6065
6066
6071
6074
6076
6084
6089
6092
6095
6101
6106
6112
6113
6114
6115
6121
6122
6129
6133
6144
6157
6160
6166
6171
6172
6178
6180
6182
6292
6294
6297
6298
6299
6302
6303
6304
6305
6313
6314
6316
6335
6343
6355
6386
6389
6391
6392
6410
6412
6420
6439
6444
6470
6494
6498
6508
6516
6517
6518
6520
6529
6541
6542
6548
6549
6551
6555
6558
6565
6566
6569
6570
6577
6589
6590
6604
6621
6622
6623
6624
6627
6635
6636
6639
6703
6731
6744
6755
6766
6797
6800
6801
6803
6807
6811
6812
6817
6818
6821
6830
6834
6862
6887
6921
6922
6923
6926
6951
6952
6962
6963
6965
6968
6982
7012
7015
7038
7052
7062
7063
7064
7067
7068
7069
7070
7072
7087
7099
7103
7122
7145
7146
7148
7150
7151
7160
7200
7201
7202
7205
7206
7228
7237
7240
7265
7274
7275
7317
7345
7348
7355
7407
7410
7415
7468
7489
7498
7505
7507
7512
7528
7535
7537
7538
7539
7547
7552
7566
7581
7583
7599
7610
7612
7616
7617
7639
7642
7647
7661
7667
7669
7683
7694
7711
7715
7736
7737
7738
7797
7821
7827
7844
7872
7873
7876
7877
7879
7894
7895
7898
7900
7912
7931
7933
7934
7938
7961
7962
7983
7984
7989
8033
8036
8066
8068
8070
8071
8072
8073
8079
8085
8087
8088
8102
8104
8105
8109
8110
8116
8119
8122
8126
8141
8142
8161
8164
8165
8166
8167
8172
8174
8175
8178
8180
8206
8211
8222
8239
8243
8246
8250
8252
8253
8264
8270
8279
8285
8299
8300
8306
8309
8314
8317
8319
8320
8326
8338
8339
8358
8360
8363
8365
8374
8379
8380
8381
8382
8383
8392
8406
8442
8455
8456
8461
8472
8496
8508
8510
8511
8512
8513
8514
8515
8520
8543
8546
8550
8551
8557
8576
8577
8578
8579
8580
8584
8585
8586
8589
8594
8596
8598
8621
8640
8659
8663
8671
8687
8699
8705
8715
8717
8720
8721
8722
8723
8724
8727
8728
8729
8732
8735
8736
8737
8775
8776
8780
8782
8784
8796
8811
8812
8813
8816
8826
8843
8849
8850
8853
8855
8856
