10735
28904
26036
21627
17966
5303
19574
31456
32770
8490
13821
18178
24026
35262
3808
18832
----
18638
----
20168
14321
32201
16017
2286
1666
3011
16445
17491
24036
639
18710
35333
30539
7982
35178
24919
10843
14876
33363
7418
14528
15081
23660
26456
10867
32561
28837
27996
32118
5797
13898
27843
13850
17262
30850
19199
16344
28563
25829
32186
821
----
35564
31409
27083
4381
31900
20530
9617
30461
1348
10868
10716
34045
28345
262
20040
17728
12646
3932
21847
31339
29260
8914
9706
31505
27990
----
13694
28869
12424
9920
23778
21476
891
17728
36491
16987
34432
2319
4968
30590
16072
30251
18837
21796
----
12418
21284
21749
4246
11266
----
28826
25066
18301
----
32646
8471
32008
24297
29203
24384
30814
4670
35533
36289
17615
9638
10276
17073
36448
21670
14580
29908
3120
19383
7479
13878
30998
36361
28000
----
31120
----
4018
16715
16163
28889
26192
11708
18246
23270
159
34775
14649
32214
23613
15071
26995
20156
25880
12459
21649
18053
796
9065
5889
19066
30870
11773
18249
29082
31888
18767
6441
30952
25474
270
----
----
2188
36124
3546
11264
25854
6169
26892
9470
17969
27519
27057
25211
1531
24732
13723
10693
1959
14837
27005
21575
17351
18530
33309
9862
28067
11463
8183
30951
21826
31141
30708
19786
24209
11586
13778
10398
16764
24402
12987
3281
11962
87
10306
6984
30065
14859
19184
32897
----
8594
7172
19245
29205
6638
17032
3210
16381
14491
----
17044
29110
1587
----
----
18408
6792
6635
7382
27767
10691
3910
10382
24700
16925
----
32807
----
1355
10223
----
23583
13822
17804
----
----
2358
8003
----
21056
22000
25943
24923
25382
22494
1667
33447
15033
5442
4390
31879
11495
20808
28818
178
20292
20436
22721
6663
23578
30412
31377
8220
10357
26930
24466
33512
18871
1157
31641
12667
23074
24805
10910
5231
34815
28932
1509
35030
15506
17863
34475
5749
32218
30872
28806
24854
33707
13729
23251
29293
30266
22443
23252
4214
13871
26842
30279
29223
1510
291
----
32002
14549
18148
17221
20343
5600
30183
7001
26159
12991
20366
30165
28851
34438
----
5897
13870
13034
17347
30188
30619
32158
17052
----
----
12405
33720
33391
10207
4530
30486
29297
----
7302
23417
9569
----
12300
12064
13012
36450
30786
24521
4356
18414
26381
32819
1081
18101
15422
939
27009
----
----
6559
6674
5510
33786
14921
34786
26899
28659
6877
5371
4744
21274
28018
29176
19077
31804
34464
----
25029
18744
24489
25813
----
5007
10975
13745
26936
8021
1772
35251
15761
----
----
6048
25455
17197
30796
15068
17296
5991
5913
10295
13780
17769
21899
3495
12661
24060
12621
2865
15103
15490
----
26902
8927
23032
33315
6863
35647
28897
28026
5678
21780
7534
9331
23023
22511
35816
----
----
35073
1776
431
19949
25326
26963
16784
20849
21742
30640
24812
36579
29328
4554
----
----
18977
30298
23948
4236
22598
23269
33070
29261
31297
----
----
----
----
----
8114
26541
886
506
20610
36014
19797
24855
14112
30873
30794
----
----
32431
17993
23367
7832
7662
9399
25734
7957
----
----
----
29306
13778
20409
36484
34191
3873
----
----
----
----
----
----
----
5604
14965
12772
14442
15212
27006
16729
2403
31086
31394
27263
9421
31798
30214
15179
8493
24005
5783
32372
24437
28403
21306
28446
28417
31561
2565
----
----
----
----
34560
16068
21374
29634
31704
20300
24935
29333
2603
27051
----
----
----
----
----
----
----
26850
7133
23975
26658
31566
22787
21617
21687
34973
31455
1341
34545
35532
33391
----
----
6386
33843
14749
29834
28842
32777
2516
16446
22138
23059
18505
22782
33597
27203
2957
36021
----
----
----
----
----
----
7057
36466
9735
10155
11902
14559
15412
35421
1027
20707
22679
1194
36455
20553
20560
20616
22216
8022
27694
24069
25495
28394
23488
28899
32472
----
----
----
----
----
----
6911
11805
29467
12999
14269
13123
12970
5351
16067
21525
5602
15804
20159
20303
22127
24559
13228
1700
20284
30809
23296
24781
32514
10626
4745
34452
32154
31826
1570
----
----
----
----
----
----
----
----
282
12011
10278
26193
34005
11536
11956
12661
12320
24833
12256
14697
21952
19863
32767
29297
28987
4575
30934
26931
29317
29312
30548
30775
19855
34149
34557
31803
35254
35820
----
----
----
----
----
----
----
----
----
----
----
----
----
27572
34427
15091
35620
7862
9139
9158
6523
12091
10852
11508
19588
11570
13103
15224
15216
31536
26586
20705
29887
31222
23963
24567
3736
23023
23552
34036
29890
27160
13895
28920
35668
30657
6752
8317
23412
36036
----
----
----
----
----
----
----
----
----
----
----
----
----
----
----
----
----
----
33062
7211
7620
8886
7856
24646
9985
4852
9169
15668
15666
12100
13830
14864
15389
15539
32779
24155
35796
16454
20285
22155
14838
14863
22168
31132
2445
26679
26849
27035
5602
29936
15547
31016
35674
32513
2573
27005
34827
35335
26626
----
----
----
----
----
----
----
----
----
----
----
----
----
----
----
----
----
21214
6522
6666
7037
8513
9141
24429
12129
13162
1783
25004
3227
3148
13824
27922
14485
14386
15504
24559
33569
20348
17841
26904
32087
6752
22020
12491
5116
32580
23407
1567
21573
22020
4286
22126
23286
23563
29848
27919
25902
5202
12685
12618
29861
34153
28727
29938
17701
2142
35497
35258
31468
33857
36497
35800
35980
31633
----
----
----
----
----
----
----
----
----
----
----
----
----
----
16307
30172
15225
7275
6667
1768
16332
1018
7220
14938
6989
8491
8561
9765
9061
3077
9779
10367
18269
10200
10686
25363
11923
11891
12434
12997
2476
18140
14182
14484
16002
20117
23381
17991
32086
21962
24679
17228
19798
20173
20959
28311
1772
21618
22369
22588
23406
27930
26965
30933
29633
21717
26908
26898
34377
10319
35915
29084
28675
29241
30659
4937
32115
31521
32747
24791
29789
35144
36541
36542
19863
945
26627
9595
----
----
----
----
----
----
----
----
----
----
----
----
----
----
----
----
----
9991
----
----
----
----
----
----
----
----
----
----
----
----
17786
1599
6632
6689
6908
6909
6929
6935
6939
27965
3123
7208
18606
2396
24804
26443
8139
12701
15916
10575
10685
10914
13066
28955
1601
6622
5930
18497
16026
15991
25540
16862
16863
16892
10068
35594
16702
35267
3873
29635
9850
35680
6450
19788
25969
20323
22785
21114
21118
21119
21227
21540
24159
22390
17093
31273
9779
17371
24498
30700
24767
24769
24771
1331
25944
27924
4445
8011
28737
29300
24471
33513
30240
30519
30659
31028
31029
3822
32103
32110
8196
20608
29090
32072
35537
32822
32901
13891
23447
33086
29836
33610
19612
27316
33309
34183
34184
34185
17469
31811
9807
35971
35976
35977
35979
36244
----
----
----
----
----
----
----
----
----
----
----
----
----
----
----
----
----
----
----
----
----
----
15801
7217
----
7384
7385
----
----
----
----
----
----
----
----
----
----
----
----
----
----
----
----
----
----
----
----
----
----
----
----
----
----
----
----
----
----
----
----
----
----
----
----
----
----
19592
12530
28480
5769
6593
29570
8156
6765
7047
2885
14942
7316
7314
35073
18453
7888
7885
7820
9205
9206
9207
10235
25024
8414
8415
8416
8482
8483
8463
8461
5985
18685
9134
9152
9125
9127
17878
17879
9454
9455
9456
10178
19014
19015
19016
8818
14069
33325
6055
10820
10916
10846
12919
22843
12375
28564
12463
12645
13354
13355
18191
5782
12986
12992
24091
13829
23946
18680
14662
12953
11561
34879
27458
9685
15147
15536
16033
24805
15757
26587
11417
20047
18000
31387
16798
16935
3536
26151
8957
5569
17993
21158
27223
15917
15918
18605
18582
29833
18412
7746
19148
26306
19787
25912
32068
32069
32070
28753
24802
20574
20692
20693
20694
31349
20984
34170
22389
22591
31906
22772
2869
23205
23206
23337
23415
23628
35578
7439
24576
34729
34738
24861
24862
24907
24929
36573
26058
26059
26060
26064
15392
29126
34632
25877
25939
28222
26360
26901
12750
17733
29979
28372
35646
30093
29370
28883
29275
5523
26219
18682
30361
17820
34815
30576
30666
30667
30680
2142
33179
33180
33495
31402
32116
4598
31817
31818
19932
33481
33509
32656
33008
33009
32961
32962
33188
33189
33190
33245
33246
33247
33248
33233
33222
33256
33257
33324
33632
33844
33989
24383
34116
34236
34701
34882
34883
34884
34956
18498
35315
35313
35435
35446
35453
4764
17741
35970
35954
31593
30191
35625
----
----
----
----
----
----
----
----
----
----
----
----
----
----
----
----
----
----
----
----
----
----
----
----
----
----
----
----
----
----
----
----
----
----
----
----
----
----
----
----
----
----
----
----
----
----
----
----
----
----
----
----
----
----
----
----
----
----
----
----
----
----
----
----
----
----
----
----
----
----
----
----
----
----
----
----
----
----
----
----
----
----
----
----
----
----
----
----
----
----
----
----
----
----
----
----
----
----
----
----
----
----
----
----
----
----
----
----
----
----
----
----
----
----
----
----
----
----
----
----
----
----
----
----
----
----
----
36033
36087
8991
5807
5808
14018
5910
5911
5872
5943
1179
27903
2751
35086
15635
6886
6887
6888
17662
3227
6498
6639
6558
6577
24985
6624
6625
6626
6631
22419
19247
7307
30283
22268
18684
8691
13101
7406
7407
7543
20804
13220
9183
5918
29321
15231
8119
8120
32398
36065
17889
10625
20136
8996
13071
29224
14764
9008
9062
9153
9159
9160
9114
9092
9174
26936
9705
9794
17549
17060
17062
17063
24759
10303
10578
10579
21960
11751
11752
23739
10680
10681
10684
10710
10711
10712
12086
10830
10832
10833
10804
12818
11527
11528
11530
11534
11535
11540
13837
11819
12050
24981
24938
12411
26158
12374
18004
12600
12601
12602
12812
12769
13502
26481
24092
1461
8461
14111
20264
13825
13831
13832
13833
13834
13835
19556
32180
17211
17215
17216
24804
24805
14350
14382
14383
14384
14411
21823
14637
18469
27459
27460
27461
23734
3515
15296
15298
16224
15337
16001
19154
18503
15754
35110
20945
26588
26644
18436
15976
15977
19747
19748
19743
21028
18316
17222
17223
16721
16722
16723
16892
16921
27242
26566
26153
25914
18670
29582
31770
19377
26547
18197
17967
17972
17973
17974
17975
18181
29094
21160
21169
21170
32812
18458
18459
18460
18464
18515
18513
20612
18604
18606
18608
1331
18780
18830
18831
18836
18945
23528
32066
9576
29845
3113
29847
19530
19531
19532
19557
19558
19559
19609
19610
19611
19624
19626
26305
19793
19794
19795
19796
19804
23650
23651
29506
29507
12418
20084
20085
22766
20200
20201
20202
20287
32886
20317
20546
24853
33528
20987
20997
36058
23697
34973
23734
29353
26420
14334
6200
7275
31129
26931
31388
22367
22108
22112
22113
22009
22389
22157
22163
32603
136
4697
13892
36392
17783
26328
23449
23450
8371
23414
2088
8589
23792
23793
25423
23970
23971
24598
24499
29699
25113
24061
24062
24063
24433
30646
30647
30648
26457
24952
24954
25041
25042
25496
25497
25498
25499
25500
25501
25502
25503
25504
25505
25506
25507
25508
25509
25510
32256
33595
25778
25779
25948
25949
25952
25954
26148
26149
26150
22422
36633
31602
27229
27230
27231
27234
27235
27237
27238
27239
12513
30820
26498
26499
28464
31755
26934
26937
26938
26939
35469
30453
27007
2403
27007
3495
30099
21292
30167
27827
28371
17783
33754
33822
28559
28432
29155
34604
28773
31920
28919
1677
29639
22270
30097
33044
33045
33046
33047
33056
33061
32291
29941
29942
33389
36065
36146
30198
23131
30234
30238
30425
30426
30427
30261
30551
30552
30553
30577
30578
30668
30701
29324
30986
34947
31030
9197
30134
32105
10151
31603
22875
32700
32701
32582
19619
32989
32969
12151
7106
33268
33269
33270
33271
33323
33326
33331
33451
33593
33594
33604
33624
33871
33818
33395
34082
34086
34114
34109
34116
34117
34136
34137
34167
34862
26591
36318
34392
18523
12829
34614
34702
34757
34758
27228
35144
34971
34977
35250
26973
35361
35626
35627
35441
35546
35615
35654
35655
35612
14175
35795
35934
35859
36256
36410
36411
36441
36442
36446
----
----
----
----
----
----
----
----
----
----
----
----
----
----
----
----
----
----
----
----
----
----
----
----
----
----
----
----
----
----
----
----
----
----
----
----
----
----
----
----
----
----
----
----
----
----
----
----
----
----
----
----
----
----
----
----
----
----
----
----
----
----
----
----
----
----
----
----
----
----
----
----
----
----
----
----
----
----
----
----
----
----
----
----
----
----
----
----
----
----
----
----
----
----
----
----
----
----
----
----
----
----
----
----
----
----
----
----
----
----
----
----
----
----
----
----
----
----
----
----
----
----
----
----
----
----
----
----
----
----
----
----
----
----
----
----
----
----
----
----
----
----
----
----
----
----
----
----
----
----
----
----
----
----
----
----
----
----
----
----
----
----
----
----
----
----
----
----
----
----
----
----
----
----
----
----
----
----
----
----
----
----
----
----
----
----
----
----
----
----
----
----
----
----
----
----
----
----
----
----
----
----
----
----
----
----
----
----
----
----
----
----
----
----
----
----
----
----
----
----
----
----
----
----
----
