7712
42822
44999
44006
38907
44253
16900
31624
34883
13545
35417
21457
19852
16642
42558
44921
14202
41761
45828
32946
19271
36999
10068
45940
37578
18680
28052
9152
24075
46095
3195
36656
23324
30781
16751
45299
46247
13881
30436
20865
12603
32312
27417
8622
37880
16157
24810
31812
35711
45701
11142
37469
36662
30418
32829
20206
22885
37568
20803
25702
1872
44853
36256
34974
12295
38181
14154
46060
45912
1541
41518
40187
30838
41925
16269
25017
33138
28
39347
30954
40807
44500
26895
18130
12257
39710
32474
42353
40483
33511
44652
33897
5210
14131
39473
22040
7101
18857
10533
19825
44797
14748
21374
15928
40127
11514
45360
25010
44243
25267
9922
45288
25968
41135
32308
34918
19523
27474
17487
21685
7373
39839
5979
14392
45777
43073
29338
21178
28358
10777
9746
38228
15058
45620
8794
45727
20760
16929
8966
16999
12989
45412
6444
45874
21627
44292
44455
4881
45798
13428
43413
14739
37572
44437
23846
27184
7547
33118
43913
43723
45056
39102
17500
14621
38383
44943
8579
23831
7398
13818
28066
29698
30106
40962
13187
24222
44189
44602
45555
7346
18158
44580
4322
39325
45707
107
44400
40476
45436
7683
15034
33706
37715
28286
12626
38714
40273
45576
30850
45146
11217
37351
3124
4297
41213
41352
3228
23008
45224
45835
10702
18510
45881
7187
44840
4128
4378
17968
22439
46151
10271
32247
14401
21036
41893
16380
23511
30868
3720
37999
40221
18199
45183
8500
46138
6167
17464
26313
6145
12310
25258
40211
43842
21229
31058
23427
27976
38237
9480
21991
27582
24844
30208
31826
8174
24036
44616
9828
25756
29116
31318
13333
16207
24071
31088
727
11329
16490
18085
30683
11741
21396
32359
32837
33528
19452
26366
31155
31415
7634
18772
24157
28061
36766
41003
46240
12230
35065
42436
43862
2458
10797
24967
32975
201
18381
24256
26692
33940
45815
9611
12775
13296
15807
42443
27682
36719
8612
9057
22871
28892
36748
12209
21080
9129
18586
20729
23450
36696
39058
43358
5815
18936
31750
23972
28134
41338
4797
15804
30860
32418
7015
14709
20285
37377
37904
44555
3667
18569
32749
40992
16003
32603
37688
41070
3354
12691
21889
25121
36937
39899
42347
42487
16446
18914
34138
42451
45062
5399
8360
9816
25913
27560
28366
33049
39913
44967
4856
5604
7733
10671
22274
35270
42656
45348
12168
15678
24972
25960
34776
42568
5875
9723
15145
26732
32045
37530
44922
7295
13965
15695
26214
28908
29732
31161
33009
34457
42464
1806
11965
12303
19555
19605
22637
35792
36903
3990
6170
9808
14013
35251
37427
40227
41615
44284
527
11617
13795
18270
24678
25374
25732
30678
43793
10028
13781
24998
29304
33321
39921
7004
9263
16089
18585
21327
22002
23684
33378
40122
40282
11800
12296
24986
27488
33936
38418
42612
43522
44941
8175
10153
12881
21798
24785
6092
11664
13839
13925
16247
26587
29734
39061
39108
42154
8310
8828
10141
25402
26317
32473
33519
41125
1000
6102
6671
7622
9174
9277
9740
10024
11978
16756
25729
28482
29438
32876
33098
33554
37998
40129
41345
44349
6781
7372
8811
10136
21556
22196
22494
25995
33614
38102
40786
41770
43464
6812
9848
12213
22297
22694
24952
35571
36588
38044
38338
39039
44082
1447
2192
2226
7664
10424
10852
11321
16681
18880
20195
22616
29367
33105
33381
33598
35055
36038
37008
44605
45129
4719
6014
9426
9884
15986
17024
24491
27109
27763
33873
34879
36916
37192
40309
41713
45157
46042
8075
9422
11383
11947
14308
15222
18066
18330
24866
30128
32275
37586
38773
39149
41202
42152
43701
43887
10416
14085
17328
17622
19292
19736
22493
25927
30172
30472
32354
33032
35427
36834
39975
40656
42261
44420
6590
7012
10215
13201
19030
24138
25439
29904
35211
39227
39750
41233
44567
45942
46049
9940
10017
10456
15219
17888
18219
20149
24052
24913
26256
26906
30940
30949
34836
34845
34965
37937
44262
44912
45186
896
4187
6215
7200
7646
9424
9827
10986
11388
11877
12785
12952
12999
15406
15821
17474
19218
20977
22122
23419
25360
26081
26421
28325
29084
29722
31014
34808
35438
35879
36963
39787
40464
42860
44137
44202
45142
4922
6071
7819
7838
8167
9844
10539
11035
12653
12980
14395
15597
16029
18494
18881
19579
19797
21866
22718
23447
30066
32196
37193
37384
39242
39808
40052
40862
41846
44180
45198
45897
1418
4350
8722
8955
9340
9447
9658
12759
13190
15516
15677
18995
22770
23061
24182
24790
24812
30014
31305
31922
32352
32447
34214
35894
36422
36477
37857
38085
39205
41248
42465
44062
1797
3027
3361
7201
8379
8576
8927
9123
9146
12629
12984
16600
16606
18671
18675
18677
18993
21609
22227
23312
24826
25154
26082
26173
26412
26754
28399
29421
29590
29807
30585
31362
32314
33820
35056
36974
38503
39458
43968
2390
2765
2945
4530
6787
6791
7024
8087
8166
8324
8349
9268
11368
11826
12913
13940
14884
17876
18744
19206
20713
25202
26788
27466
29733
30840
33912
34242
34687
34710
35142
35197
35449
35703
36710
36912
39125
40058
40466
42510
43305
43354
43780
44080
44800
45250
45976
1824
2286
6796
7275
7711
8280
8850
9090
10422
10462
11404
13670
15827
16595
17327
18078
18299
18317
18620
19508
19793
19957
22528
23186
25638
26596
27470
28869
29405
29642
29790
32662
33154
35027
36736
36865
38108
40418
40745
41076
41596
43952
45246
5369
5379
8244
8397
8546
9451
9510
10279
11891
11903
12112
12683
12818
15108
15305
18431
19195
20408
20996
21286
23673
23992
24744
25545
26811
30509
32594
33401
33517
33588
33680
33826
34718
37437
38033
38136
40616
40797
42557
43957
44066
44285
44614
2037
2988
3712
3765
3804
4501
6133
6548
6563
7590
8306
10189
10204
10214
10856
12633
13287
14035
15515
16120
19043
19088
19115
19134
21535
22231
23639
24273
24398
28758
29104
29286
29359
29779
29966
30828
31233
31936
33369
34385
36049
36728
36980
37680
37911
38191
39530
39582
40402
41043
42407
42429
42503
42709
43333
43509
45002
46154
1137
2312
3592
4245
5045
5900
6482
6626
7505
8250
8634
10251
10322
12408
12443
13389
13942
14381
14686
15340
15517
18157
18258
19707
20459
20980
21977
22158
22163
22472
22607
22646
22852
23841
24716
26044
28055
28829
28875
29152
30249
31272
31478
31755
31859
33228
34262
35122
35399
35418
36052
37279
37450
38360
38425
38458
39059
39697
40157
40171
42556
43056
43797
43963
44141
45390
2398
2694
2944
3927
4031
4181
4340
4366
6177
6439
6569
10086
10306
10785
11861
13408
17669
18257
18318
18800
19386
21158
21858
23502
24856
24902
27078
27310
27335
27537
27778
28317
28619
28911
29434
29679
30821
30876
31530
32416
33168
33994
36809
39053
39073
39444
39517
39668
40856
41608
42615
43314
44296
44666
44770
1825
2212
3725
4384
5674
7512
7639
8501
9516
9932
10463
10559
10580
10694
10922
10962
11611
12290
12495
13385
13896
14638
15842
17792
18120
18771
19183
21754
22312
22798
23224
24209
24608
24739
24740
25203
25370
25417
26302
26380
26683
27320
27380
28008
28015
28586
28904
29138
29671
31408
31466
31904
32484
33291
33367
33637
33686
34766
34851
35037
35243
35590
35768
36394
36480
36492
37088
37118
37298
37349
37828
38624
39342
39702
39745
40025
40370
40881
41387
42715
43447
43951
44197
44222
44583
44713
45206
2090
2156
2200
3682
3779
4036
4442
4595
4903
5036
6065
6106
7304
7510
8281
8493
8577
8680
8686
8814
8947
9044
9230
10246
10283
10684
11150
11474
11639
11645
11669
12286
13161
14069
14691
15221
16357
16831
17302
18064
18613
19062
19779
19902
19996
20191
20537
21329
21420
21459
21658
22058
22088
22292
22313
22566
23080
24184
24277
25016
25318
26517
27246
27724
28748
28859
29150
29742
30236
30514
30614
31187
31889
32965
33645
34967
35060
35333
36151
36590
36799
37380
37811
38521
38559
38706
38777
39158
39383
39467
39524
39783
40762
40766
40935
41179
41308
41576
42513
42749
42814
43160
43617
43722
43819
44704
1138
1393
1862
2622
2664
2967
3089
3797
4000
4333
4592
4692
4732
5005
5009
5035
5054
6841
8004
8164
8728
8767
9045
9080
9171
9177
9235
9262
9311
9431
9624
9748
9794
9954
10180
10223
11036
11651
11799
11858
11986
12008
12188
12376
12595
12606
13176
13191
13196
13427
14177
15658
16000
16016
16611
16671
17304
17320
17331
18014
18284
18289
18376
18604
18805
19182
19230
19268
19428
20136
20466
20575
20712
21222
21267
21999
22230
22460
22740
22848
22982
23000
23062
23233
23282
23380
23448
23469
23488
24357
24383
24754
24872
25811
26164
26980
27103
27409
27795
28007
28099
28228
28608
28612
28815
28912
29298
29749
29773
30397
30956
31589
32057
32149
32304
32701
33084
33125
33290
33333
33449
33719
34052
34082
34219
34257
34652
34728
34912
34983
35319
36471
36503
36699
36796
37299
37797
38420
38426
38448
38459
38775
38837
39056
39087
39117
39208
39241
39311
39597
39655
39837
40047
40154
40332
40379
40695
41637
41737
42319
42748
42816
42826
44290
44550
44629
44642
44710
44835
44879
45110
45435
45517
45731
228
234
1725
1979
1996
2172
2649
3436
3686
3910
4037
4055
4244
4313
4607
4953
4958
5234
5260
5319
5671
5723
6063
6166
6214
6520
6889
7189
7954
8455
8510
8666
8853
8907
9000
9036
9189
9232
9266
9414
9535
9548
9696
9742
9870
9987
10087
10154
10208
10209
10845
10982
11416
11489
11991
12799
12833
13172
13850
13980
14001
14122
15218
15666
15872
16100
16132
16222
16391
16729
17020
17293
17336
17393
17501
18145
18611
18823
18996
19450
19544
20501
20653
20658
20718
20761
20947
21035
21127
21406
22262
22682
22712
22743
22811
23276
23601
24030
24198
24210
24252
24677
25588
26336
26367
26765
27052
27215
27325
27405
27478
28045
28165
28597
28613
28685
28917
28997
29066
29078
29082
29186
29493
29838
29921
30386
30479
30801
30899
30993
31943
32123
32566
32628
32741
32996
33284
33454
33537
34175
34377
34699
34785
34813
34866
34987
35176
35200
35524
35766
35822
35961
36501
37003
38127
38227
38647
39067
39332
39384
39509
39671
39917
40048
40059
40140
40261
40634
40773
41033
41880
42041
42068
42327
42332
42690
43186
43379
43383
43443
43678
43948
44028
44160
44591
44603
44898
44902
44970
45061
45657
45718
677
770
1354
1795
1959
1961
3007
3286
4032
4301
4323
4354
4453
4460
4470
4511
4552
4793
4821
4883
4957
5932
6186
6222
6294
6356
6391
6549
7122
7467
7581
7612
7844
8079
8126
8211
8494
8511
8594
8789
8911
8936
8980
9052
9154
9172
9619
9621
9797
10015
10052
10093
10237
10256
10372
10459
10517
10654
10725
10772
10862
11126
11384
11458
11520
11886
11895
12730
13002
13025
13169
13193
13413
13786
13800
14022
14059
14080
14089
14190
14590
14779
15037
15242
15510
15644
15825
15829
15886
16042
16058
16068
16442
16481
17150
17547
17548
17714
18032
18511
18523
18603
18763
18818
19120
19184
19220
19316
19499
19751
19990
20035
20279
20307
20587
20622
20939
21750
22072
22305
22480
22599
22991
23341
23346
23832
23854
23915
23936
23962
23969
24023
24262
24328
24519
24841
24903
25035
25263
25434
25621
25832
25959
26014
26015
26307
26370
26651
26762
26863
26944
27344
27891
28114
28125
28447
28501
28843
29050
29102
29135
29216
29380
29450
29740
29845
29982
30164
30278
30330
30426
30433
30799
30950
31370
31450
31454
31593
32012
32056
32088
32112
32175
32658
32782
33353
33432
33551
33586
33654
33684
33704
34253
34466
34496
34542
34547
34737
34746
34816
34820
34832
35019
35344
35432
35527
35528
35567
35589
35617
36491
36639
36889
36892
36910
36944
37229
37285
37406
37414
37635
38132
38202
38695
38764
38792
38838
39126
39147
39385
39428
39431
39656
39988
40169
40481
40754
40760
41071
41931
41943
42016
42095
42342
42586
42591
42610
42807
43211
43281
43322
43719
43811
43872
44044
44195
44306
44428
44515
44569
44876
44893
45196
45349
45487
45511
45556
45666
45880
46036
813
1962
2001
2123
2145
2261
2316
2412
2890
3012
3139
3273
3821
3998
4230
4257
4260
4319
4325
4344
4362
4454
4476
4505
4509
4554
4811
4910
5261
5270
5387
5781
5814
5920
6157
6171
6305
6343
6622
6627
6755
6807
7064
7124
7146
7148
7345
7535
7599
7647
7669
7715
7738
7841
7872
7895
7898
7983
8097
8122
8339
8359
8382
8383
8586
8735
8739
8812
8921
9063
9085
9098
9126
9145
9269
9320
9526
9687
9745
9756
9776
10037
10067
10197
10206
10210
10249
10260
10286
10352
10356
10373
10547
10554
10555
10658
10698
10705
10781
10794
10795
10855
11372
11394
11435
11470
11735
11774
11783
11894
11939
11971
12118
12153
12222
12228
12288
12313
12328
12422
12456
12584
12619
12632
12674
12797
12808
12827
12892
12938
13000
13173
13280
13303
13865
13870
13967
13977
14023
14047
14070
14449
14699
14778
14786
14792
14915
14919
14929
15050
15120
15127
15135
15197
15249
15275
15313
15314
15320
15378
15786
15789
15984
15997
16088
16134
16163
16168
16246
16601
16848
16903
16908
16993
17171
17394
17883
18402
18491
18683
18690
18814
18815
18959
19061
19155
19156
19244
19247
19327
19410
19457
19899
20182
20495
20586
20681
20970
20985
21002
21003
21268
21273
21282
21529
21572
21755
21761
21997
22001
22073
22087
22256
22296
22302
22378
22410
22527
22545
22730
22739
22742
22812
22995
22996
23337
23452
23495
23546
23602
23634
23638
23675
23703
23777
23779
24081
24312
24335
24505
24676
24679
24703
24887
25205
25262
25363
25562
25645
25679
25768
25898
26318
26465
26760
26761
26777
26859
26926
27121
27214
27219
27226
27342
27477
27497
27536
28043
28048
28059
28139
28237
28244
28379
28512
28636
28724
28725
28726
28754
28813
28932
28962
29013
29063
29145
29147
29207
29402
29465
29466
29486
29495
29505
29544
29569
29585
29598
29664
29817
29819
29820
29925
30067
30204
30219
30321
30959
31317
31346
31434
31602
31653
32004
32287
32362
32602
32632
32733
32750
32768
33064
33096
33109
33259
33323
33327
33373
33483
33558
33583
33607
33688
33808
33825
33835
33851
33918
34057
34152
34342
34535
34557
34563
34657
34658
34676
34721
34814
34927
35117
35305
35346
35412
35468
35490
35529
35551
35557
35597
35694
35738
35746
35772
35880
35906
36170
36292
36389
36404
36405
36463
36600
36726
36891
37098
37101
37194
37297
37356
37623
37810
37942
38087
38138
38168
38313
38506
38844
38864
38885
38913
39036
39081
39239
39424
39429
39445
39452
39489
39611
39633
39683
39701
39757
39846
39892
40078
40266
40321
40523
40690
40838
40883
41063
41064
41133
41168
41287
41322
41360
41569
41736
41801
41883
42017
42157
42212
42325
42326
42359
42506
42512
42546
42832
43046
43194
43251
43465
43481
43668
43674
43680
43775
44032
44046
44077
44208
44303
44312
44316
44362
44548
44705
44894
44952
45118
45160
45188
45277
45280
45317
45411
45415
45530
45624
45664
45668
45820
706
812
1035
1763
1864
1965
2197
2228
2229
2262
2391
2417
2436
2777
2910
2941
2943
2965
3252
3342
3753
4040
4186
4258
4302
4320
4355
4367
4389
4401
4439
4461
4478
4537
4563
4576
4733
4735
4812
4835
4916
5033
5041
5240
5265
5302
5303
5798
5872
5994
5995
6047
6064
6066
6297
6302
6529
6589
6621
6951
6952
6968
7063
7067
7069
7070
7103
7537
7538
7797
7827
7894
7961
7984
8036
8070
8072
8085
8104
8109
8172
8253
8381
8392
8406
8520
8580
8843
8856
