----
8236
32798
20943
27455
25646
14827
20102
35291
32996
5277
17711
5016
28586
1304
----
13643
31905
5696
2583
30519
20161
38513
20284
----
34613
18321
4923
21409
25615
36761
20903
1784
16784
----
32621
38150
13696
37775
13137
23002
29965
2120
26843
18734
11786
34050
29119
19975
25341
6806
17049
33726
----
904
37000
21585
38419
32814
6656
35889
34254
28153
11512
37240
33447
31131
28963
23013
34150
27772
34361
38064
31618
20165
38146
35154
7917
35283
33724
26603
31406
----
11978
26338
37730
11517
17608
13762
18992
9579
31404
21255
30868
13475
12398
15607
----
26775
33131
10260
25659
30191
27249
36135
32062
38259
27374
14009
17000
28596
23111
----
----
11500
6859
33007
32644
32505
37661
31462
26354
----
28582
6844
----
30263
5827
35012
16075
15597
36275
26829
31826
11824
----
----
94
----
17061
12338
22823
36449
25380
----
36577
33286
9041
30143
14077
20931
27094
32058
4097
35501
7668
32775
31339
11872
704
33376
----
----
14599
----
7502
15003
36602
510
15873
27576
30942
6261
26824
26332
34603
----
8022
20302
8102
29210
28847
----
35336
30649
31126
7491
32161
6882
14674
----
16122
29400
3099
----
7816
29949
18377
33677
9490
17468
28261
----
27531
33232
23971
18240
6911
10777
16834
32311
28773
18637
38124
30533
----
----
22988
10603
----
6943
34479
20902
12249
----
----
32220
8246
37020
----
748
23188
28817
36214
29812
27267
25783
8592
7329
5484
37569
2788
23944
16423
30305
31490
23462
9393
19825
10734
19038
----
6307
4449
18381
14251
----
3153
17258
32181
24076
34137
27866
18636
7388
36545
----
27010
32233
5520
17682
14225
14332
26621
17604
35604
30744
----
37170
37551
----
----
----
16418
38225
15856
22660
----
33962
18041
----
----
----
----
----
2651
9141
27456
18162
15770
33933
----
----
----
----
----
14294
14434
24121
16610
17663
29558
4200
----
11232
19983
36202
24259
18740
17560
36927
24128
37032
32753
37582
20010
----
----
28614
29916
20706
20713
6743
27000
23341
33592
----
----
35452
2262
14901
23789
12353
36261
36669
23586
26622
29489
2771
----
----
----
501
8617
32198
25073
33966
17711
----
----
----
30570
11342
3668
25900
8148
14387
8003
33677
9281
38665
21876
----
25739
9211
23459
37630
15856
14219
16061
23688
27383
23833
32958
30891
33689
36856
----
----
28263
----
6988
33601
30688
29396
1917
31396
38038
12666
19732
25829
36686
36796
37890
24168
----
----
----
----
----
6308
2200
24168
21921
21918
27910
23697
33289
37001
1917
18608
34735
28832
36206
36273
5443
11696
37769
----
----
----
----
----
14538
9151
25378
11322
1318
14440
30895
9621
20706
29153
23324
2956
4953
29328
32939
36100
36551
37664
17335
37001
37951
----
----
----
----
----
----
----
----
----
6352
14826
7486
9139
6264
6245
37586
6873
20559
28290
24289
23299
31032
5291
13405
24882
28777
9618
29052
28316
8120
30583
371
13722
35039
5433
36207
36709
37748
29937
38030
----
----
----
----
----
----
----
----
----
6245
6984
15809
31141
16365
11536
29757
3195
17301
24807
15837
8465
36946
17545
16651
32175
21706
19736
23694
2635
31554
6468
31143
29393
26670
28411
8994
6459
34047
33928
3009
8025
37950
11417
35072
35428
35480
35565
35610
36210
2262
21941
35422
16102
3191
37743
37723
37729
27094
23638
38103
38089
----
----
----
----
----
----
----
----
23207
6930
34657
6831
18882
27026
36692
9365
15768
33897
23195
35386
11415
2587
13067
37604
16438
8258
19063
11225
37008
11341
16130
26628
37410
14563
18838
31211
8197
17370
21775
18389
19368
19523
22985
32940
17597
25829
27547
7877
5045
13901
7238
17564
32701
33552
25694
34811
15040
35326
37916
37698
37722
37726
37731
37734
11426
37084
36806
37922
38665
----
----
----
----
----
----
----
----
