26028
34501
15720
22159
2151
19915
----
6886
14604
7848
42408
31044
14983
19433
21968
23393
10245
37293
28947
35410
8022
42293
39979
41863
14492
36972
21334
16810
40943
39816
3207
28086
27877
40014
20490
29219
15849
12236
20270
29132
36363
33144
3282
31216
33515
29131
7948
12307
35877
37385
26688
29901
9305
32847
21411
----
22880
36248
22428
33074
39179
7970
38089
29388
16507
24115
8394
32528
20795
12317
6429
32463
40819
17118
11292
30742
22474
16605
42311
28595
16434
41562
32576
39431
998
2304
18156
11273
----
16744
23057
13980
12544
42719
41356
17520
41474
