5329
18236
36914
35795
42667
38702
24790
21011
2866
----
37440
32628
44601
----
23741
29063
34950
4378
39096
8736
43604
20072
43301
29040
14238
27494
33546
34614
22311
14495
43950
10206
15145
14164
11090
25411
44168
7840
10966
44866
----
4529
39576
----
35097
23276
15599
42334
18800
37139
9291
18011
27791
2145
45493
13836
27174
10761
40836
39201
38132
28690
18313
4478
23675
27068
3398
28088
21003
33664
----
----
4110
40047
44162
25207
44894
7738
18120
11435
4470
35011
8072
10794
44979
----
44878
14190
24703
35557
15260
