13351
31107
17
29905
10058
19034
22336
17284
27088
----
----
23638
21418
9548
6114
25321
262
28854
21480
3126
21699
28076
8237
9347
29805
17495
7258
21267
16861
----
29925
25364
12294
31037
23263
26741
----
28339
----
13707
5560
19097
13244
6190
12322
20657
3833
26876
10670
19416
12351
16774
13129
13777
20165
----
12492
12394
28865
29947
26568
28729
21393
----
12626
13865
17446
22527
----
17236
----
22715
23584
19478
21639
----
2914
17486
4754
11313
9431
4473
19249
17235
30651
----
13488
8589
924
2700
26340
9166
----
4984
23971
2059
29231
29489
13692
----
1067
18205
13
24944
12812
16869
1548
4498
4403
----
16098
----
11007
26730
15408
27943
9607
9988
----
6292
30905
6670
----
7365
22605
23174
28767
8011
15460
15946
947
23647
29841
8343
9201
8190
30056
19006
10597
8754
10995
6953
26017
5457
10889
27943
29034
----
7609
26301
8591
4430
12539
3797
15210
22083
20513
4731
9150
11866
6023
6619
5115
24434
9499
30702
18067
31077
2139
30287
----
----
6998
17468
4887
16555
31035
22902
29971
3095
4353
2815
21094
17515
25280
19929
28359
1746
9807
29044
10141
26922
7680
30706
15331
----
19885
10350
14126
----
4112
4350
18335
17188
7405
5503
23026
12304
----
18927
6795
9147
9656
4558
----
10169
21723
27806
4637
12694
14306
23606
18699
29975
3616
9050
16365
16849
7325
25897
----
18134
22569
4897
24911
24212
22641
17828
----
7528
9164
22276
14009
10240
27849
13728
5521
8871
1077
12127
10040
13643
----
19178
13667
28908
29856
5289
15973
26808
21118
12126
27772
26292
----
----
2707
15498
28966
16812
13367
28286
10402
11145
24709
7529
----
7500
1483
4509
30040
----
----
16285
10876
13366
----
29903
15577
2025
24663
----
----
3245
24502
----
31154
10262
16564
17948
9660
----
24684
18120
----
----
----
17757
3946
28301
5790
9361
22323
21330
----
20157
9293
15563
14701
22616
10975
27479
13663
28698
10966
12299
17895
22720
----
----
----
16263
21650
15615
19166
20219
7872
2667
7396
19180
27808
----
----
----
----
6141
2273
4333
2935
13827
15568
6497
4113
22128
14809
----
----
8758
24763
1739
3737
24932
----
----
179
15367
29877
----
27781
4625
9153
29485
23269
25076
29903
28643
26215
----
----
2688
11490
3832
25945
20691
22126
16432
30556
6531
30917
25656
909
----
14339
7509
3938
16696
29008
20396
22962
25127
2419
----
28216
17927
28330
17805
23956
29471
----
----
8217
2790
5151
11397
12338
4694
3779
26981
21691
22875
15989
5252
24376
----
----
----
----
7114
8809
10946
6396
18815
21792
1955
12960
28269
----
----
5405
10571
6588
6641
28292
9490
11504
13617
24316
14818
21750
16712
19029
26014
30285
24687
2586
25395
21186
27803
1724
5403
3202
30052
9376
4548
15326
12655
13026
14379
3353
23599
17325
16420
17929
19957
22652
16220
28792
19986
----
----
----
8287
9613
10979
11017
18236
10036
26904
4890
13950
7948
----
5369
12246
15862
11923
10607
11496
28088
2932
20582
21552
13308
27846
28268
29067
----
----
----
----
----
----
----
9403
7526
3229
4567
9054
28515
13664
14153
16248
17299
3879
20068
25219
26730
26757
28858
30106
27656
----
----
----
----
----
----
----
----
2612
27856
30894
17208
29061
14330
13565
18054
14754
16606
17037
26359
18280
28349
2035
22411
26440
30494
4788
26506
26990
18985
27059
30479
19263
30773
----
----
----
----
----
----
25926
5809
7482
27193
9603
10016
19311
26668
10307
15574
15722
28332
17255
17313
17933
466
16479
19931
21152
21592
21361
30745
16632
24982
14718
30579
15031
23585
----
----
----
5239
5353
8231
6627
6767
6327
8193
6299
25722
3757
10349
19975
26072
21991
16898
15552
16275
27530
20589
17839
18018
16230
19060
19275
7012
19519
28971
25594
18382
20898
22339
27956
15237
23947
24309
24443
24520
25419
29279
29284
----
----
----
----
----
----
----
----
----
----
----
----
----
----
----
----
----
----
----
----
----
5372
5968
19074
11526
6188
7604
7531
10642
9152
22440
13369
11598
27446
3340
24723
24833
23509
15197
12872
12649
21296
14354
17991
19970
18100
28953
13855
23653
23054
20826
23186
21952
27997
20931
26375
26421
26484
20864
----
----
----
----
----
----
1354
----
----
----
----
----
----
----
----
----
----
----
30213
8240
26452
2621
6734
6879
6614
6340
20278
4321
9055
26215
9478
10423
10408
11339
17186
13633
10420
27510
14001
4319
14486
14842
31291
22622
16609
25366
22597
26393
9405
18562
20939
21463
28553
23089
24162
25426
26639
26665
2071
26336
26764
29496
23568
14877
24447
5263
28622
28855
2152
30343
30644
17924
30814
23096
13447
----
----
----
----
----
----
----
----
----
----
----
----
----
5337
30486
4032
6586
6622
29005
30924
13642
7152
12328
10644
22957
12172
19860
11250
11232
11406
11704
8500
22200
12545
3417
8888
15681
19413
8579
3934
16701
16562
16575
17534
13184
20711
14543
17277
4901
20235
22153
13892
11580
17554
18960
21647
22438
22471
22587
22811
22803
22961
11663
26294
23798
24515
26846
27220
8888
25389
27974
26114
29995
26437
26709
26595
27780
30664
28653
28168
16217
27419
9204
30304
20964
27194
8035
30803
19328
----
----
----
----
----
----
----
----
----
----
----
----
----
----
----
8152
----
----
----
----
----
----
----
----
----
11525
5339
5754
5988
5318
6534
6540
22918
7633
7635
6833
7552
8032
11626
8080
8385
8731
8193
8977
9518
8125
18435
10348
10342
10943
11405
6556
11950
12153
28577
17457
14943
15647
24353
14976
13575
20460
6940
14131
14224
22299
26472
14970
22282
3838
19508
21121
13122
13104
20111
17304
28207
17535
15491
18153
18497
30478
8523
14948
16310
27425
20085
14834
22167
21292
21256
21292
30036
21412
19831
21632
15142
24150
19927
22279
22495
22778
22807
22808
22935
23097
23639
23640
14841
23551
23644
23722
11491
24375
29826
24753
25056
25146
25140
25216
9510
25425
30732
21149
2400
2599
26671
26426
30004
29734
26868
24153
27845
21382
28016
28623
28468
14877
28938
29206
14947
30105
29716
30455
29555
30823
31040
31193
31212
----
----
----
----
----
----
----
----
----
----
----
----
----
----
----
----
----
----
----
----
----
----
----
----
----
----
5965
----
----
----
----
----
----
----
----
----
----
----
----
----
----
----
----
----
----
25227
----
----
----
----
----
----
----
----
----
----
----
24784
5179
5256
22151
22292
15933
4751
7758
20830
6818
7632
7079
7147
7130
6659
1621
7782
7922
8001
8269
8265
14349
14350
13422
8732
8737
12389
12390
9200
28370
12015
10341
10343
19879
11166
27010
10762
11394
11409
13195
11592
18713
11736
3835
11827
11863
7404
12305
15412
14223
19418
1626
12728
13631
30993
13278
16429
21502
14625
14626
13720
16737
7948
10366
15206
15268
15293
21547
28536
15788
21390
16282
11280
16391
27210
16605
17775
16841
28555
17007
22204
15494
17459
30314
13714
14791
19811
25580
18397
19335
26271
18852
19162
28343
10760
20063
5928
22149
20692
20928
20945
20978
21027
21028
3974
21365
21381
21378
2230
2213
29475
2067
22355
22515
22653
8042
22889
22925
23129
22963
17794
27273
26504
3728
17472
7306
29703
24375
24472
29692
27591
25054
25155
20812
25455
25676
31250
26564
26664
27114
27253
28834
4828
17362
27653
18771
27844
28638
20064
28484
4894
28562
28362
29087
29160
29180
29561
30457
29946
4987
30865
30886
----
----
----
----
----
----
----
----
----
----
----
----
----
----
----
----
----
----
----
----
----
----
----
----
----
----
----
----
----
----
----
----
----
----
----
----
----
----
----
----
----
----
----
----
----
----
----
----
----
----
----
----
----
----
----
----
----
----
----
----
----
----
----
----
----
----
----
----
----
----
----
----
----
----
----
----
----
----
----
14933
5193
27392
5246
24335
2912
27931
6283
5796
5800
5738
5766
5677
5816
6017
25546
6079
1889
1822
22866
6181
3465
7595
6300
6295
14056
6350
8529
29292
29692
6374
30372
6834
3554
7075
22266
8919
8920
15241
4999
13232
4590
7625
7449
7606
30376
13637
25587
12471
7772
7780
29632
13138
28004
8148
17387
29670
28239
8527
9343
9354
9609
8675
8728
8642
27533
9163
9167
9170
9177
9584
9585
9586
30382
25763
18368
9953
10400
11173
11175
11171
13106
12465
19699
11304
23038
3100
19684
11737
12422
30876
12007
11909
19686
14015
19415
12287
14194
14935
14938
23887
12780
12969
13163
14253
14251
14252
14270
12323
23463
14338
13527
14767
13846
13697
13699
13702
13664
14356
15902
15903
15921
26220
24912
14085
4635
12633
18745
23609
19703
19704
21879
29358
14762
14833
29353
14984
14985
15043
19851
3095
15196
15202
15207
15213
15171
9204
12616
17873
26579
15642
15672
15783
15784
15803
18647
15932
15942
16187
20352
28753
16545
16550
16665
16799
13073
11856
29700
19553
17197
17302
17304
22599
24283
30882
21966
17491
20585
17572
17580
17587
30845
17714
17715
18054
18057
18058
18059
17801
18047
18035
17939
25578
18264
18403
29538
23696
18651
28187
28188
19247
5605
19138
19167
19168
19176
19177
25520
25530
19296
29488
20176
20177
20178
24375
21616
31269
20158
12781
25347
19931
19959
10548
20128
26235
19612
20318
30667
25230
5241
3489
20687
16713
22693
29239
28105
28106
21042
19033
21668
21533
21683
26790
21399
21513
12190
24789
24354
24362
8057
23794
23171
24937
4077
18049
7597
27533
22319
22589
21616
22858
22889
22881
23282
28577
23100
23115
24498
23327
23440
5098
23459
23460
23461
23550
23665
29318
23736
30967
24129
10546
24271
24378
29118
28676
24474
26935
24523
24648
24744
24751
11950
11387
25164
25165
25157
25154
25766
25797
25267
21030
25376
25377
25407
17859
25462
25726
1810
25592
25692
30715
26010
25911
30043
25994
26092
26129
23134
26244
5886
26414
26347
26475
26557
26558
26560
26565
26572
29739
26878
26910
27003
27000
27158
3931
27348
27349
27355
4403
21876
27513
27685
27651
27566
27726
22448
27822
4771
18701
28304
28449
28466
28456
28458
18049
28368
1111
30742
16913
28665
28742
28925
27967
29077
29083
29085
29156
29171
19757
29199
29831
29376
20111
29450
29535
29536
29533
30302
30358
30362
30366
30368
30340
29719
30495
30496
30499
30414
30518
30520
30521
30523
30525
30526
30480
30547
30548
30549
30553
30536
30537
30463
30464
30465
30454
30432
19825
30470
30474
30505
30506
30507
30508
30437
30438
22875
29993
29997
30048
30049
30067
30270
30290
2282
21832
29830
29789
9033
30774
12207
30875
31143
30841
----
----
----
----
----
----
----
----
----
----
----
----
----
----
----
----
----
----
----
----
----
----
----
----
----
----
----
----
----
----
----
----
----
----
----
----
----
----
----
----
----
----
----
----
----
----
----
----
----
----
----
----
----
----
----
----
----
----
----
----
----
----
----
----
----
----
----
----
----
----
----
----
----
----
----
----
----
----
----
----
----
----
----
----
----
----
----
----
----
----
----
----
----
----
----
----
----
----
----
----
----
----
----
----
----
----
----
----
----
----
----
----
----
----
----
----
----
----
----
----
----
----
----
----
----
----
----
----
----
----
----
----
----
----
----
----
----
----
----
----
----
----
----
----
----
----
----
----
----
----
----
----
----
----
----
----
----
----
----
----
----
