4411
126
30663
15172
29004
26171
21255
16956
23260
6767
30876
16574
15174
22132
19154
18974
21012
19997
30446
22624
20300
----
9342
6906
25491
30715
13269
13855
12389
17302
6332
22720
8872
13008
7576
----
----
23055
4818
6721
7267
13358
23798
28055
29856
19945
13279
30376
28304
16483
30003
----
12486
18688
6062
29658
28483
17362
15592
27513
13630
28908
----
23327
19235
12605
30343
----
11106
6053
30697
9427
22043
21643
17371
----
12363
29316
28792
1714
3160
30049
25729
10408
27640
7896
29499
5752
23736
22021
12675
17781
3480
4149
9302
----
----
6819
19655
7103
9433
----
----
5702
29779
----
12172
10400
4729
30842
28645
25828
5026
14976
25217
12305
11810
30465
8564
12008
6609
16471
3931
23666
19415
5933
22844
5224
29183
984
10012
18697
11733
19007
29340
----
30244
22580
15540
11588
20489
9343
17788
4292
23170
18701
29811
9167
9586
13635
29771
----
17454
30814
----
9711
29672
4078
29150
14937
23696
23094
25157
24184
29898
5658
10385
31288
28634
26093
4981
8235
29661
----
8239
17802
----
24156
28303
----
----
5995
25377
----
9409
2060
2117
----
----
12780
23970
14714
13405
7902
25951
30087
----
30629
22269
----
----
3269
29520
29623
----
3094
14833
229
15062
16249
5220
6056
29875
----
----
5686
8071
21525
21836
----
----
18263
6090
29611
24065
29358
15777
21657
30549
14252
7453
----
----
----
----
15175
18265
2271
22846
29946
7703
30004
25639
10642
20886
10173
13630
12248
26573
5256
14355
6702
14330
30398
29660
----
20849
3417
13163
2811
3340
18539
10010
28327
24810
22956
----
6534
8590
11240
14311
1503
24162
15259
25267
----
----
----
----
----
----
5650
1122
3127
11642
7758
5275
6299
7754
6129
23611
22275
9315
26721
10301
27133
----
----
19465
4963
4729
30433
12616
29796
30464
----
----
----
----
18397
18698
23457
18728
28622
29406
16662
26308
5181
30875
22951
29200
26804
23016
11995
15241
30458
31139
29474
19142
25530
23093
26347
25337
26896
9475
----
----
----
5967
2721
29183
29204
17755
25520
13136
24559
20978
23016
26671
14265
30537
23739
15979
29870
30452
----
----
5970
----
----
5988
6282
6651
14349
13841
25565
3945
19880
1376
22589
23106
19184
19380
2472
28633
25651
4312
25636
----
----
6166
5831
2709
2864
29670
26039
21842
13673
17715
13566
7790
15668
23129
23131
23904
26558
30850
2471
22759
30454
17006
4899
----
----
11525
11827
29842
6132
18872
2711
19851
28525
19307
10164
29652
30635
19295
15283
15788
16851
17197
19902
20574
19690
25461
28834
30496
30548
29995
25227
----
5339
1120
5675
5676
6703
30381
15181
14935
12909
14985
26169
23742
25026
5990
29848
19107
19165
27333
14812
7658
3127
11827
23639
29768
24271
24753
25412
25414
11161
26244
30413
906
30005
30474
11507
27114
19380
14698
2352
4763
28456
14149
29196
24509
30368
13699
3114
25928
16992
----
----
----
----
20225
5762
17584
6835
23591
8033
8265
19176
28105
18355
14324
26045
11737
1148
16737
15902
17709
15803
13921
15935
23300
19007
17801
18403
29529
23033
25953
23360
13509
19959
14948
29361
1469
6811
21028
30370
30415
22858
30868
28674
24648
24741
24517
25692
9934
29155
29146
13320
30356
24273
29768
1952
----
----
----
----
----
----
----
----
----
----
14331
9675
19978
16178
7140
11826
22531
9506
6339
3440
13009
9585
9825
28322
26852
6002
31187
14251
14085
29804
18883
23301
27067
18401
18406
23200
29607
2378
18996
18251
16938
19138
19295
19272
20178
28325
30928
7079
22846
13907
13832
27907
15213
27234
29676
12358
24750
2352
2302
27905
25844
25845
25964
26044
18789
27986
26081
26417
17573
27000
29641
3749
28502
28583
2257
30124
19502
29218
13186
6866
29645
17586
30970
30499
28580
30523
30441
30536
30506
30292
13465
29649
23611
11826
16462
----
----
----
----
----
