6
30681
31741
32170
28535
32254
31321
28968
31642
21740
12312
28562
23240
15362
29750
30517
31337
26143
31978
5444
11538
31917
5
23822
31921
32352
17102
776
21513
19553
23834
18826
25031
7324
22459
32143
19853
6944
17398
31612
12341
9895
30805
32211
29438
32252
31387
2200
8642
8258
14446
19396
16738
31987
20233
6099
15183
24293
9
29662
11351
13663
2735
19796
10820
6663
20997
23465
3080
10104
31798
9539
7215
30793
10799
17051
28346
7983
22591
32399
21424
19627
31896
14633
12434
7882
15925
16327
29089
26078
26711
21732
20819
14879
22338
31543
31993
17488
25783
9966
12763
26576
2454
4919
12138
31516
14586
30857
25201
1037
2086
6645
7906
15690
11671
15434
25498
1417
5503
2576
23229
3203
8404
24832
15539
2526
21284
30981
32386
8107
9987
11656
26525
16068
8268
29654
12588
14
3467
2944
1043
9535
6148
15153
23292
30448
15922
30073
32396
13810
31523
279
19446
2851
22821
797
5059
26567
31680
25974
31534
31831
18
23
2150
9091
11739
30191
936
8347
14388
28258
28703
23261
11984
15037
26814
26750
4781
17857
15203
22383
27408
31650
9817
13407
17595
31548
3685
7716
4709
18631
21025
4600
6100
20004
32025
21377
26074
11921
23481
25336
31061
16390
16983
18936
23339
24704
31136
21384
24272
29897
30680
29154
12889
19319
507
6547
7103
12497
16855
15123
4793
7101
8128
9673
16350
17403
27351
2263
14297
19211
5433
6929
30825
15365
16820
25051
31744
1806
31133
16578
21240
22137
7526
13508
16489
16632
26762
7523
7836
8789
10843
30586
30656
9883
11802
15172
22192
29592
32073
6450
17850
25403
27049
4081
15873
18644
1728
13723
20002
58
14584
16057
8447
4999
9565
9690
19183
23182
9388
10130
11440
12811
14583
17912
21465
29373
2538
4352
12538
25290
2815
2941
15743
20060
2617
9534
11316
2927
3057
5261
8468
13956
14880
9918
10030
14767
9057
14288
14646
9307
21989
31402
10417
11695
12517
14806
15364
16917
20259
22544
611
2772
4207
18802
23610
7897
8614
13735
5316
11541
17520
22367
31258
755
1335
1937
7024
7534
5126
20327
22517
28574
29218
8032
9915
13926
14659
21884
26619
31482
2677
12043
16158
16310
587
3780
4751
6250
12852
21558
24048
5799
6083
7048
14017
15366
17541
17623
24512
2033
4559
4918
5318
13453
14441
19848
23671
25166
26754
217
3679
6014
7769
9111
14854
16755
17712
18989
12621
15126
17935
4515
5246
25259
29142
8522
10704
10805
12792
14095
16129
16499
23152
2313
3669
4026
4110
18064
18327
20852
22008
22250
22781
23763
25691
4060
6504
8472
19407
22999
24040
24948
30052
2592
3322
3659
4837
6167
7265
9856
15486
15999
20854
25854
29298
6125
7547
10227
12926
20018
22353
23802
31621
1524
3979
4861
6047
7918
7975
11596
14507
15556
15774
16153
22611
26453
30675
4432
6092
8710
9371
14398
21126
27824
28979
29074
30969
32389
2473
3703
9612
17095
24148
25230
25446
26649
28995
1134
2170
3930
4401
7280
9203
10458
12096
12101
15276
16119
20656
21086
21461
22547
24358
24542
27182
27438
28738
141
329
1406
3681
5610
7934
11579
12148
12750
12881
17282
17546
21748
22497
23025
24204
24397
31057
3675
4014
8221
9696
12051
12708
12732
13797
18401
20984
21934
27591
28120
2775
3321
4630
7632
9004
11595
13445
13500
13540
14324
14647
16170
17522
21462
25288
28872
29982
30211
30532
1738
6591
6943
9107
10856
13822
17230
21082
22125
22873
23421
24208
861
3708
11403
18934
19606
24147
25141
25356
26342
29979
2044
3147
3652
7367
7465
7507
7609
8606
10086
10160
11104
12368
16126
19916
21451
22996
30880
1996
3192
4368
5124
8237
9910
14596
17630
22018
7040
7310
7620
7651
10169
13022
13862
17521
25325
27059
27359
27531
312
1205
1478
2703
3690
4036
4329
7097
9415
9964
14282
15241
16381
18006
20491
20573
21156
22317
22331
23224
26338
27316
27866
28298
51
69
1276
2162
3029
5400
5708
7086
7333
8462
11405
14600
15978
16108
18903
21716
21852
21860
22694
25217
26615
28791
32197
551
774
2109
2987
3196
5484
6755
6960
7964
9100
10705
12092
12370
12784
15322
15553
16458
21728
21924
22428
23719
24169
28239
28714
29852
30671
223
778
1184
2020
3510
4623
5087
6984
9002
9482
9726
10064
11504
13051
13097
13486
15640
16113
16563
17074
19454
19712
19980
20011
20227
20559
21243
22464
23337
25060
26289
26644
29439
222
796
908
1703
3505
4436
5592
6367
7253
9064
9083
10276
10529
10889
11533
11557
12346
13057
13609
14011
14778
14783
15411
15789
19317
20404
20738
21044
22798
25393
26723
405
1421
3921
4983
6515
6656
7012
7786
9607
9870
10857
11531
14005
14188
14941
15585
16183
16417
16854
19165
19582
20254
22728
24436
25058
25868
28362
30650
31308
372
1158
1584
1797
2908
3692
4533
6035
6052
7120
7256
8255
8926
9731
9812
10088
12068
13268
13652
16589
17042
17073
19154
19331
21182
21483
22153
22792
23518
23592
24532
24571
24681
25681
26763
26909
28144
29253
29534
29629
30225
31669
2441
2624
2778
3205
3594
4724
4799
5487
6684
6764
7349
7865
9154
9157
9238
9741
10637
11580
11791
12485
12586
13041
13061
15763
16745
18119
19388
20612
23643
24728
24791
25487
25938
25997
26647
28567
29602
30779
508
1092
3005
3611
3827
4589
5846
5935
7483
8385
8584
9962
10094
10378
11726
13543
14348
14907
15688
18265
18587
23081
23532
25582
26960
27898
757
1366
1840
2817
3054
3673
5795
5858
5917
6667
8029
9319
9533
9555
9567
10125
10215
10447
10962
11068
11204
12541
12958
13459
14305
14317
15257
15665
15689
16750
18116
18544
20405
21056
22039
22714
23115
23314
23316
23330
23699
25757
26902
29069
29208
31888
32059
220
698
2405
2688
3044
4123
4164
4257
4509
4530
5999
6394
6947
7368
8011
8065
9338
9385
11030
11343
11911
11946
14394
14462
14661
15923
16166
16963
17432
18678
20552
20845
22729
22731
22969
23371
23616
24635
24968
25727
26488
27982
28013
28633
29440
29842
29859
30683
32044
547
900
1795
4107
4277
4988
5097
7676
7777
7790
7853
8630
9633
12335
12689
14627
16226
16277
16291
17500
18591
19184
19568
20582
20638
20779
21035
21375
21457
21917
21952
24790
24971
24992
25181
25695
29087
30638
30942
31942
1126
1655
1944
2113
2784
3033
3350
3446
3531
3940
4259
4737
5476
5706
6116
6199
6769
7251
7869
7967
8145
8484
8585
8800
9684
9903
10003
10510
11919
12806
13469
14415
14643
15097
15265
15289
15933
16141
16521
17402
18147
18296
18309
18895
18974
19462
19643
20540
21842
23805
24497
24892
25585
26039
26539
27999
28145
29076
30147
30167
30758
31026
31731
32283
32367
32458
657
860
889
942
1065
1544
1792
1970
2695
3876
4122
4306
4516
4521
6514
6616
8619
9666
11042
11185
11722
12034
12399
12744
13178
13275
13664
13932
14232
14616
14721
15507
16020
16161
16862
17037
17106
17442
17852
18203
18280
18366
18526
19215
19600
19924
20533
20831
20874
20989
21193
21863
21904
22135
22309
22361
22602
22709
23991
24004
24128
24288
25211
25603
26407
27001
27854
28860
29263
29483
30124
30144
30276
30600
30990
31108
31279
31474
606
660
843
1209
1509
1560
1609
1615
2472
2549
2601
2717
3161
3857
4169
4278
4593
4745
5696
5822
6718
7357
7546
7749
7980
8167
8521
8861
9162
9202
9330
9345
9356
9410
9472
9522
10684
10980
11667
11927
12061
12537
13006
13058
13167
13331
13734
14001
14145
14213
14598
16128
16658
17056
17098
17160
17257
17562
19947
20693
20886
20904
20954
21098
21309
21328
22294
22588
23453
23542
23641
23701
23739
24009
24065
25292
25373
25445
25699
26275
27002
27384
27934
28516
29073
29572
29876
29939
30944
40
154
406
794
1064
1068
1505
1582
1971
2011
2161
2179
2329
2373
2382
2557
2686
2743
3155
3184
3338
3475
3833
4226
4421
4428
4681
4802
4833
5052
5401
5429
5577
5636
5949
6055
6349
6356
6758
6849
7350
7369
7666
7684
8172
8612
8631
9171
9243
9403
9804
10246
10308
10597
10753
10922
11380
11391
11920
12040
12055
12114
12277
12622
13036
13202
13371
13503
13620
13957
13975
14230
15118
15525
15706
15884
16018
16320
16321
16729
17101
17228
17361
18345
18561
18773
18919
19132
19626
19879
20014
20123
21076
21455
21568
22085
22409
22604
22737
23287
23972
24840
25076
25089
25937
26127
26469
27068
27476
27669
27798
28078
29139
29588
30149
30411
30440
30479
30862
30962
31147
126
228
504
514
694
811
994
1577
1918
2347
2634
2707
2979
3052
3710
3713
3733
4028
4121
4217
4291
4292
4425
4738
4767
5044
5295
5571
5925
6244
6563
6875
6903
7403
7464
7622
7743
7950
7989
8134
8154
8556
8565
8699
9229
9333
9849
9977
10250
10274
10937
11281
11301
11473
11526
11733
11738
11740
11749
11941
12098
12099
12257
12464
12483
12652
12745
12777
13322
13376
13557
13658
13695
13877
14242
14438
14470
14474
14606
14613
14781
15006
15145
15329
15336
15854
16372
16378
16437
16629
16690
16812
17179
17741
18055
18059
18373
18480
18781
18840
19403
19533
19601
19760
19766
20036
20218
20464
20644
21847
22040
22272
22295
22463
22661
23146
23309
23677
24008
24413
24453
24595
24722
24875
24902
25081
25087
25204
25528
25813
26231
26502
26923
26950
27779
28500
28558
28586
28680
28771
28814
28889
28910
29048
29222
29915
30003
30110
30127
30189
30332
30375
30520
30712
30827
31103
31135
31247
31483
31490
31502
31613
32106
32118
32152
32158
32407
575
756
813
822
892
927
970
978
1008
1302
1313
1470
1619
1746
2064
2273
2294
2315
2389
2493
2517
2518
2744
2913
2953
3204
3206
3289
3738
3885
4052
4349
4514
4522
4586
4847
5545
5558
5609
5713
5770
5842
6153
6248
6490
6756
6907
7269
7345
7386
7548
7604
7683
7689
8171
8275
8458
8509
8560
8589
8592
8657
8899
8961
9144
9264
9420
9504
9791
9843
10066
10154
10247
10259
10281
10347
10352
10493
10671
10789
10871
10982
11028
11078
11133
11303
11505
11510
11515
11835
11837
11914
11935
12105
12160
12403
12408
12675
12747
12909
13184
13325
13409
13416
13547
13705
13706
13807
13927
14268
14921
14930
15468
16055
16196
16219
16494
16666
16923
17039
17094
17259
17659
17747
17764
17985
18211
18475
18527
18807
19023
19274
19320
19777
19821
19826
20042
20398
20900
21005
21078
21194
21299
21464
21468
21484
21837
22029
22141
22370
22579
22702
22816
22898
23094
23246
23459
23469
23531
23606
24541
24668
24780
24857
24950
25178
25307
25477
25506
25638
25708
26109
26425
26428
26559
26820
26889
26979
27024
27080
27199
27264
27370
27402
27472
27482
27945
27954
28110
28187
28370
28439
28524
28975
29023
30251
30419
30498
30634
30668
30674
30706
30721
30886
30911
31043
31199
31278
31293
31480
31521
31894
31995
32140
32314
116
285
416
574
761
1022
1032
1133
1330
1357
1360
1429
1462
1514
1516
1576
1607
1608
1696
1815
1832
1977
2058
2059
2404
2589
2627
2654
2751
2788
2813
3183
3550
3578
3585
3618
3788
3893
3914
4117
4239
4245
4356
4376
4492
4499
4517
4639
4839
4855
4898
4914
4984
5088
5314
5333
5351
5493
5634
5700
5787
5867
6156
6492
6821
6940
6963
6966
7166
7180
7225
7241
7421
7462
7472
7481
7626
7680
7819
7883
7988
8166
8168
8310
8392
8570
8591
8594
8812
8868
8898
8916
8928
9343
9418
9552
9556
9625
9752
9840
9878
9905
10727
10808
10831
10886
10941
11006
11226
11310
11463
11578
11600
11795
11901
11924
11931
11944
11954
12179
12324
12330
12419
12509
12591
12605
12630
12643
12651
12757
12885
12989
13009
13387
13718
13769
13834
13973
13986
14019
14189
14254
14274
14276
14410
14561
14933
14962
15008
15074
15186
15412
15495
15724
15926
15962
16147
16259
16335
16554
16600
16607
16628
16858
16984
16987
16988
17061
17115
17162
17322
17420
17660
17823
18046
18112
18334
18371
18419
18689
18754
18794
18801
18914
19022
19105
19135
19137
19160
19168
19217
19293
19303
19697
19708
19746
19781
19844
19899
20134
20216
20311
20326
20345
20501
20537
20551
20655
20711
20940
20999
21223
21246
21279
21287
21292
21436
21485
21776
21780
21829
21853
21946
22170
22315
22461
22504
22542
22550
22744
22883
22936
22955
23031
23040
23048
23116
23273
23353
23795
24320
24517
24942
25138
25210
25431
25447
25459
25502
25523
25559
25562
25646
25934
25958
26008
26399
26612
26613
26614
26629
26718
26731
27016
27029
27263
27268
27299
27356
27360
27362
27364
27367
27512
27731
27742
27851
27858
27992
28029
28081
28197
28441
28447
28587
28662
28772
28783
28838
28936
28988
29024
29091
29126
29188
29211
29300
29495
29959
30002
30101
30192
30318
30368
30449
30461
30536
30842
30985
31013
31088
31100
31102
31588
31835
31836
31941
32014
32100
32134
32253
32437
32462
376
431
458
594
596
764
804
862
882
945
985
1030
1228
1391
1424
1453
1473
1498
1538
1543
1579
1595
1628
1647
1680
1682
1694
1695
1888
1966
1985
1992
2076
2148
2214
2267
2334
2437
2450
2459
2484
2486
2524
2560
2594
2603
2691
2722
2759
2785
2828
2950
3103
3186
3193
3372
3378
3395
3572
3580
3592
3607
3619
3699
3700
3878
3908
3971
4127
4178
4330
4354
4363
4388
4487
4488
4502
4505
4527
4566
4579
4624
4649
4688
4690
4722
4723
4769
4794
4812
4848
4850
4869
4897
4987
4993
5009
5011
5015
5025
5117
5127
5151
5219
5388
5407
5661
5692
5820
5827
5847
5883
5933
5944
5966
5980
5993
6246
6261
6416
6417
6418
6419
6420
6440
6441
6463
6529
6657
6709
6806
6836
6902
6927
6959
6975
7004
7074
7174
7261
7418
7498
7510
7527
7531
7533
7539
7540
7635
7650
7670
7698
7827
7894
7982
8067
8136
8279
8403
8432
8479
8534
8558
8562
8587
8645
8683
8755
8850
8907
8909
8945
9054
9055
9071
9084
9104
9112
9183
9314
9324
9334
9335
9336
9340
9344
9364
9441
9447
9448
9496
9512
9523
9548
9608
9615
9703
9717
9757
9863
9865
9961
9991
10001
10187
10242
10265
10401
10481
10620
10643
10762
10770
10955
10960
10972
11044
11148
11156
11208
11236
11284
11286
11287
11293
11295
11296
11309
11336
11501
11525
11532
11588
11589
11655
11697
11907
12064
12102
12132
12269
12417
12525
12566
12610
12638
12713
12819
12853
12959
13021
13075
13324
13408
13462
13492
13542
13626
13698
13780
13814
13931
13969
14020
14052
14079
14084
14180
14209
14246
14275
14328
14354
14402
14406
14555
14681
14742
14913
15004
15062
15137
15199
15235
15326
15334
15360
15384
15436
15566
15576
15608
15609
15616
15639
15747
15788
15791
15832
15835
15868
15954
16076
16086
16099
16181
16209
16448
16456
16496
16530
16532
16550
16774
16798
16829
16949
17058
17099
17140
17220
17250
17251
17339
17528
17604
17702
17705
17740
17794
17795
17966
17967
18033
18094
18096
18145
18166
18179
18330
18339
18387
18407
18453
18486
18502
18560
18562
18563
18574
18766
18768
18772
18791
18811
18866
18880
18924
18979
18982
18998
19026
19031
19176
19203
19261
19263
19266
19318
19374
19453
19573
19706
19778
19857
20088
20139
20176
20262
20303
20312
20316
20342
20822
20826
20872
20883
21132
21245
21268
21274
21275
21286
21301
21447
21581
21613
21634
21682
21836
21854
21982
21983
21985
22074
22080
22090
22116
22235
22262
22298
22316
22319
22320
22323
22339
22426
22496
22534
22555
22672
22797
22804
22882
22919
22931
23120
23130
23216
23297
23404
23431
23572
23615
23634
23660
23670
23710
23776
23836
23876
24163
24233
24378
24385
24417
24470
24570
24685
24778
24782
24792
25020
25045
25173
25176
25191
25261
25275
25347
25392
25397
25408
25458
25542
25602
25634
25687
25696
25819
25848
25906
25946
26585
26588
26673
26676
26680
26722
26787
26810
26948
26958
26968
26997
27004
27023
27065
27079
27108
27113
27151
27212
27214
27230
27385
27411
27570
27789
27896
27926
27971
28025
28041
28068
28069
28083
28117
28182
28353
28384
28398
28517
28608
28616
28707
28777
28781
28867
28981
29036
29071
29101
29143
29371
29395
29471
29472
29486
29489
29600
29642
29709
29713
29759
29802
29848
29938
30015
30017
30296
30301
30327
30342
30444
30557
30575
30580
30605
30628
30659
30732
30785
30828
30947
30973
31040
31044
31118
31226
31245
31429
31439
31441
31620
31723
31724
31946
31971
32008
32009
32117
32181
32337
32384
112
113
117
251
437
452
492
576
592
600
632
633
638
653
706
729
731
739
771
808
812
875
887
922
938
1041
1059
1066
1080
1094
1227
1236
1243
1244
1249
1250
1254
1286
1305
1374
1387
1463
1465
1497
1499
1501
1522
1549
1550
1551
1555
1566
1568
1573
1591
1596
1612
1650
1652
1654
1666
1669
1671
1674
1678
1683
1687
1688
1690
1697
1698
1710
1711
1772
1773
1833
1844
1872
1874
1900
1933
1981
2052
2053
2114
2130
2235
2253
2280
2283
2287
2338
2345
2381
2435
2440
2465
2488
2490
2497
2512
2523
2543
2555
2587
2590
2591
2593
2640
2643
2660
2663
2708
2711
2712
2715
2748
2805
2881
2920
2961
2981
3131
3146
3165
3170
3212
3218
3266
3273
3281
3283
3295
3303
3310
3335
3355
3357
3396
3417
3427
3461
3466
3483
3484
3487
3491
3540
3579
3595
3598
3608
3610
3616
3622
3664
3674
3676
3686
3694
3834
3845
3855
3858
3865
3887
3888
3890
3892
3897
3910
3922
3942
3982
3987
4019
4045
4046
4075
4084
4091
4129
4131
4137
4139
4147
4148
4172
4183
4184
4185
4186
4187
4227
4229
4242
4247
4249
4305
4331
4333
4335
4337
4419
4431
4526
4528
4540
4542
4557
4632
4633
4645
4665
4680
4717
4749
4759
4797
4823
4859
4896
4901
4907
4979
5010
5058
5101
5102
5118
5140
5213
5214
5220
5232
5281
5298
5300
5403
5428
5525
5596
5631
5689
5725
5758
5785
5796
5803
5839
5843
5844
5862
5866
5887
5920
5947
5979
5981
5987
5994
6050
6131
6150
6205
6317
6387
6513
6527
6528
6530
6531
6548
6553
6586
6648
6654
6658
6659
6662
6664
6678
6683
6761
6771
6798
6802
6834
6837
6840
6851
6878
6970
6973
6974
6999
7042
7144
7161
7171
7173
7259
7272
7281
7288
7318
7347
7356
7362
7400
7412
7475
7502
7536
7538
7584
7629
7631
7685
7713
7728
7733
7782
7791
7799
7812
7966
7969
7984
8001
8025
8026
8051
8090
8169
8170
8242
8280
8341
8361
8381
8433
8435
8481
8551
8563
8566
8571
8644
8646
8659
8676
8717
8727
8777
8851
8914
8927
8930
9076
9114
9131
9155
9175
9181
9184
9218
9249
9250
9252
9260
9267
9273
9287
9290
9292
9297
9298
9303
9327
9328
9329
9331
9332
9341
9342
9369
9379
9501
9505
9536
9610
9611
9619
9649
9650
9718
9756
9758
9764
9787
9851
9881
9882
9920
9921
9922
9923
9924
9925
9927
9928
9929
9931
9933
9934
9976
10031
10033
10120
10129
10138
10140
10148
10184
10185
10188
10191
10195
10197
10201
10284
10328
10409
10547
10550
10560
10600
10662
10665
10681
10710
10743
10804
10822
10869
10902
11010
11023
11067
11077
11085
11121
11230
11243
11261
11288
11289
11305
11308
11331
11399
11400
11402
11412
11413
11433
11438
11446
11450
11539
11546
11594
11612
11643
11704
11706
11884
11906
11909
11945
12027
12086
12089
12090
12097
12100
12103
12104
12129
12237
12240
12325
12343
12421
12440
12441
12474
12480
12522
12523
12540
12607
12611
12628
12631
12633
12646
12647
12648
12649
12653
12666
12725
12752
12758
12780
12783
12822
12867
12872
12876
12905
12952
12968
13025
13072
13090
13144
13228
13281
13292
13342
13349
13383
13384
13405
13465
13501
13506
13575
13622
13707
13733
13744
13766
13771
13781
13786
13799
13800
13809
13856
13868
13914
13923
13930
13933
13936
13937
13967
13993
14013
14055
14089
14116
14129
14154
14216
14227
14231
14283
14302
14346
14355
14452
14455
14459
14461
14509
14592
14601
14608
14609
14626
14641
14654
14655
14656
14678
14693
14720
14723
14724
14726
14739
14763
14771
14777
14821
14887
14888
14934
14974
15039
15082
15131
15168
15169
15187
15233
15244
15461
15470
15496
15543
15638
15669
15712
15730
15731
15759
15851
15856
15880
15887
15961
15968
15973
16032
16039
16061
16118
16135
16174
16194
16223
16232
16233
16268
16298
16415
16451
16501
16531
16556
16587
16617
16659
16707
16715
16721
16725
16747
16754
16793
16866
16874
16947
17035
17036
17048
17091
17112
17132
17149
17223
17262
17337
17340
17342
17344
17345
17347
17350
17352
17415
17486
17550
17569
17574
17575
17580
17583
17605
17680
17684
17688
17699
17759
17792
17800
17908
17965
17970
17973
17974
18063
18070
18081
18095
18099
18109
18118
18124
18162
18192
18200
18225
18238
18249
18263
18264
18285
18342
18473
18507
18508
18509
18510
18512
18535
18564
18717
18740
18788
18804
18825
18828
18829
18830
18847
18858
18859
18860
18861
18862
18901
18929
18938
19028
19034
19128
19223
19227
19260
19262
19264
19268
19269
19270
19273
19275
19300
19404
19406
19418
19525
19531
19539
19562
19616
19617
19618
19619
19621
19622
19623
19747
19765
19775
19794
19817
19820
19824
19854
19855
19859
20029
20065
20067
20092
20136
20147
20148
20149
20150
20153
20186
20188
20295
20299
20304
20337
20384
20393
20429
20434
20438
20439
20445
20468
20469
20499
20505
20521
20542
20571
20578
20594
20686
20687
20688
20689
20695
20732
20744
20753
20791
20794
20860
20892
20916
20917
20964
21201
21215
21256
21257
21258
21264
21277
21291
21323
21392
21422
21430
21495
21547
21593
21631
21633
21635
21663
21665
21666
21671
21674
21676
21745
21752
21765
21772
21787
21872
21879
21892
21895
21912
21970
22056
22061
22071
22076
22094
22145
22146
22155
22161
22163
22165
22166
22183
22299
22358
22418
22435
22460
22485
22521
22526
22553
22559
22575
22577
22594
22663
22666
22667
22681
22689
22727
22767
22774
22813
22861
22890
22966
22977
22995
23041
23060
23165
23173
23196
23225
23238
23293
23294
23319
23332
23362
23452
23458
23477
23490
23548
23557
23637
23668
23740
23814
23927
23978
24018
24026
24081
24314
24370
24392
24425
24495
24538
24551
24560
24586
24599
24615
24707
24747
24752
24770
24775
24944
24993
25001
25091
25123
25177
25253
25299
25314
25341
25410
25415
25426
25475
25507
25556
25580
25592
25625
25628
25631
25642
25650
25654
25734
25795
25821
25875
25878
25883
25904
25949
25950
25953
25957
25962
26091
26308
26314
26360
26390
26405
26431
26474
26594
26597
26607
26622
26627
26628
26667
26675
26677
26681
26682
26690
26729
26743
26772
26819
26835
26852
26875
26890
26975
27027
27040
27044
27051
27088
27119
27146
27149
27150
27209
27318
27341
27435
27463
27468
27473
27545
27562
27565
27644
27683
27729
27776
27790
27800
27803
27820
27823
27895
27900
27907
27968
28007
28102
28105
28137
28160
28181
28185
28186
28215
28218
28232
28377
28383
28416
28455
28491
28511
28565
28588
28600
28610
28651
28653
28663
28672
28773
28792
28837
28863
28886
28998
29003
29027
29034
29040
29067
29094
29095
29144
29153
29163
29180
29182
29205
29309
29430
29460
29488
29498
29501
29512
29514
29541
29607
29624
29657
29718
29768
29792
29822
29904
29917
29918
29920
29922
30031
30076
30158
30194
30249
30289
30300
30392
30415
30426
30427
30525
30535
30544
30579
30589
30615
30622
30651
30693
30702
30723
30729
30736
30737
30738
30757
30773
30843
30864
30889
30960
30966
30983
31025
31031
31041
31042
31046
31049
31053
31054
31095
31112
31119
31157
31184
31218
31242
31248
31270
31271
31281
31341
31345
31393
31427
31440
31446
31454
31496
31498
31522
31545
31593
31599
31601
31614
31615
31616
31617
31622
31625
31627
31656
31664
31772
31774
31778
31781
31842
31852
31872
31908
31949
32050
32103
32105
32112
32187
32188
32196
32212
32225
32227
32229
32235
32319
32324
32366
32368
32427
32443
83
84
85
86
111
152
308
309
398
438
563
595
681
683
724
728
730
737
740
751
752
754
766
801
802
803
805
810
814
815
866
869
881
886
986
993
995
996
997
998
1000
1019
1021
1029
1033
1034
1035
1036
1038
1039
1042
1051
1052
1056
1057
1060
1061
1062
1070
1071
1072
1073
1077
1079
1084
1086
1087
1088
1128
1129
1151
1156
1246
1251
1308
1334
1336
1337
1440
1441
1450
1452
1454
1511
1528
1530
1531
1556
1557
1558
1559
1572
1574
1586
1594
1656
1658
1659
1663
1665
1668
1673
1676
1677
1681
1685
1686
1691
1693
1782
1784
1812
1824
1825
1843
1847
1848
1858
1862
1865
1868
1871
1873
1878
1880
1882
1883
1895
1901
1906
1907
1909
1921
1926
1927
1936
1979
2048
2066
2105
2106
2145
2146
2166
2178
2183
2189
2190
2206
2211
2212
2216
2223
2230
2231
2232
2233
2237
2238
2239
2240
2241
2244
2247
2248
2250
2252
2255
2259
2261
2262
2265
2266
2268
2270
2272
2275
2277
2278
2279
2281
2282
2288
2290
2291
2293
2295
2297
2299
2302
2303
2304
2306
2307
2308
2309
2311
2335
2346
2348
2349
2350
2351
2352
2353
2354
2355
2356
2363
2367
2368
2369
2380
2391
2393
2396
2398
2408
2417
2419
2453
2457
2471
2479
2480
2482
2487
2489
2502
2503
2504
2505
2520
2544
2545
2554
2556
2558
2559
2561
2562
2563
2564
2565
2567
2568
2609
2615
2616
2639
2647
2655
2656
2659
2662
2664
2667
2669
2671
2675
2678
2690
2769
2774
2777
2780
2781
2782
2786
2787
2791
2792
2794
2795
2827
2870
2876
2879
2880
2882
2884
2885
2886
2892
2893
2895
2912
2916
2917
2922
2946
3027
3045
3056
3058
3104
3124
3125
3127
3145
3162
3168
3169
3187
3214
3239
3259
3260
3261
3262
3265
3268
3272
3292
3293
3296
3312
3314
3315
3318
3324
3327
3328
3329
3330
3333
3334
3336
3351
3356
3364
3384
3386
3388
3390
3391
3392
3397
3415
3426
3447
3453
3455
3462
3464
3469
3470
3472
3476
3477
3482
3486
3489
3492
3502
3503
3507
3511
3530
3532
3533
3534
3535
3536
3537
3539
3541
3566
3576
3615
3628
3631
3637
3638
3640
3645
3646
3647
3648
3649
3654
3662
3663
3665
3666
3667
3668
3670
3671
3672
3677
3687
3688
3689
3697
3716
3721
3722
3723
3740
3745
3746
3812
3813
3814
3816
3826
3829
3848
3860
3861
3862
3863
3864
3866
3873
3874
3881
3903
3904
3931
3932
3966
3970
3988
3990
3991
3993
3995
3997
4001
4006
4007
4008
4012
4017
4018
4047
4083
4085
4086
4088
4092
4093
4094
4095
4104
4106
4115
4125
4130
4132
4133
4135
4136
4145
4154
4157
4165
4192
4193
4194
4195
4198
4199
4201
4223
4224
4238
4243
4246
4250
4253
4254
4256
4258
4273
4280
4281
4282
4302
4303
4307
4308
4310
4318
4319
4334
4336
4345
4371
4373
4377
4385
4395
4396
4397
4400
4407
4408
4411
4412
4413
4415
4416
4417
4424
4439
4448
4449
4450
4453
4455
4456
4457
4461
4463
4478
4479
4490
4506
4510
4511
4512
4536
4537
4556
4560
4576
4607
4608
4610
4616
4619
4620
4627
4631
4634
4644
4646
4650
4683
4684
4686
4687
4699
4703
4704
4706
4708
4730
4736
4742
4746
4747
4748
4758
4764
4770
4771
4773
4775
4776
4787
4791
4795
4807
4808
4810
4811
4813
4816
4817
4818
4819
4821
4826
4838
4841
4842
4843
4852
4854
4856
4868
4877
4879
4883
4884
4885
4887
4888
4889
4890
4893
4894
4895
4899
4900
4904
4905
4906
4917
4921
4922
4923
4925
4926
4927
4933
4936
4938
4939
4940
4944
4946
4953
4955
4956
4958
4961
4963
4965
4966
4967
4968
4971
4972
4973
4976
4978
4997
4998
5020
5022
5024
