18799
25487
30784
8244
25360
----
15340
32374
15452
27977
----
15861
18079
27731
20379
----
18618
25719
1465
9639
4685
31158
29084
16472
20446
29347
22843
8502
30450
----
1923
16474
22291
25330
18157
----
----
----
28641
24775
27001
5066
15364
23469
30371
21484
15961
12805
17587
24255
9512
25463
17789
17111
30447
26323
25201
----
21613
1918
25928
----
16496
25444
4440
19594
30044
24025
1405
19629
959
14588
----
3662
----
13159
----
18746
31618
855
808
30375
29672
9155
22144
26954
23160
28555
7310
26467
7262
31816
32181
10962
31932
22409
10800
27444
30633
2015
13749
21330
14186
4164
21369
14025
28746
26280
2881
22526
1434
----
----
29085
13836
19832
1744
31576
11946
31478
28999
30899
11711
30575
26767
19468
23848
19391
14406
29820
16745
12406
5556
17978
21117
19547
----
1577
6586
18367
----
----
2815
27111
19131
29670
14284
----
4551
19558
23225
9953
13205
----
17095
1318
----
16455
13228
12757
11286
31107
15334
23031
17893
18956
30554
10710
26981
32068
25706
12848
20308
32050
26774
1669
8029
14274
3691
26532
26523
23542
----
26771
26265
27092
28996
----
11154
1710
20248
----
10695
10691
2950
13416
----
4451
19432
----
----
10114
28321
13930
18150
25405
13717
19302
1313
12337
11643
2715
19712
26489
22478
8898
20188
----
----
23052
6933
21468
31040
26995
2028
----
----
22619
13541
30333
22665
25507
----
1568
10389
12084
31122
23534
----
9552
24953
22148
29382
32369
18238
10207
21183
6036
3171
13513
5872
2396
18975
14237
17258
9920
20527
7874
4203
11225
3620
19384
6833
13202
19147
28646
14508
3874
1406
18496
12181
28813
32007
16795
25423
11820
4825
----
6838
20178
4137
23523
30329
11521
10352
11831
24354
16198
29650
22564
23278
18916
15492
22191
27208
27411
4505
31319
7396
31835
----
8130
30879
13443
8965
11047
11149
31985
32246
21039
24782
8645
24248
9955
9890
16791
17261
19347
5068
26994
30667
----
3700
20442
18771
12731
28124
----
----
5739
10679
18470
28364
28598
----
----
13729
5924
14869
23200
----
14887
6577
15865
29737
----
----
1276
24753
12707
30744
28773
----
9730
10301
19142
2662
25647
----
----
----
16017
3922
25560
14801
18906
32081
28724
13226
10702
30047
19044
13160
18949
22568
----
----
----
5425
4614
9328
26240
13292
25897
15887
21245
22284
----
----
6055
5852
16911
11540
20833
3064
25079
5979
30527
1551
29236
30970
3751
20307
23631
----
----
12044
9880
9084
24537
6338
23321
17356
2273
21742
7272
28398
9718
44
25714
31940
10929
17844
21013
24785
28349
13982
21042
23296
27926
29091
30948
12989
13514
22793
19828
31386
31869
25865
27921
29501
32010
27304
----
----
----
17870
13418
16581
31787
25888
32298
2221
4354
----
16337
15816
24840
27770
11594
9554
10584
13409
10141
29048
19833
26827
24719
18955
23276
19814
25734
28232
28186
30747
32099
----
----
----
----
----
9635
12100
24839
5725
14408
19631
23668
26144
25511
26501
27027
1403
26530
31466
25279
----
----
----
----
----
----
----
13443
19151
1635
15652
20688
17915
28989
16051
18507
19149
25628
30546
8554
20181
9144
----
----
10175
16636
16974
6594
22741
5136
553
23640
20134
3813
22505
20224
23490
18723
30773
25462
----
----
----
----
----
----
----
----
5150
14159
2760
3607
16222
32382
1249
1226
7519
21000
18591
23522
1714
32467
27716
28772
31522
22735
27934
----
----
----
----
----
6508
27787
19544
16471
9957
12313
13449
14639
28897
17347
17586
18921
24679
4607
10558
22645
23776
29151
25052
25408
19297
3855
10719
1073
----
----
----
----
----
----
7627
20430
2813
5670
8909
13974
14614
7301
16223
27116
3610
20282
29872
30748
4127
28390
21906
17407
18752
5382
----
----
----
----
----
----
----
9395
21485
10700
11701
10056
12111
17651
27032
22583
31288
31814
30202
18801
32358
1833
21968
9537
14177
23149
16497
24338
12822
28145
19677
20537
27760
27732
17550
15302
431
29496
29069
30589
----
----
----
----
----
----
----
----
----
----
30423
5725
13199
9260
8589
25148
19955
11906
12568
14842
19147
21294
17624
5809
19030
4775
21682
15059
398
998
21985
17550
26629
27746
30318
30668
22818
31672
992
32174
----
----
----
----
----
----
----
----
----
6025
5961
4558
8019
3486
7364
11025
6584
4825
9686
14080
8497
9934
10422
24550
11334
11843
22876
21285
19975
12718
11310
12648
2502
30228
31686
25800
15198
10511
20808
11001
27593
19709
2049
31916
11841
24629
20129
25808
29317
12784
4455
30229
24268
5325
30659
17525
----
----
----
----
----
----
----
----
----
----
----
6261
25656
8154
3381
8860
9892
16016
11308
16523
11837
5941
17865
1227
18665
25289
16006
16193
4906
17794
18803
18838
23742
19019
22561
20097
24755
24378
25613
24921
28242
14452
30332
28384
32314
29273
26868
28890
25731
31552
29256
29264
30290
31819
16699
----
----
----
----
----
----
----
----
----
----
----
----
----
----
----
----
----
----
----
2524
12038
17031
6171
16157
6252
28338
18811
8247
3693
9242
11159
17335
10217
10249
10638
11348
21280
23938
12633
25750
27902
5323
31338
3613
12844
14784
16239
16335
27057
30514
18886
3799
19353
30487
3920
24515
22643
17426
24068
25929
20187
30189
12712
29197
12720
21913
26638
25124
13362
15046
31930
30296
30563
30670
6630
30970
32365
31043
299
----
----
----
----
----
----
----
----
----
----
----
----
----
----
----
----
----
----
----
----
----
9131
5351
5895
30435
7872
7969
26134
8313
7105
15719
7894
8916
8957
15571
8859
9813
24162
15734
10782
10835
10883
17620
11347
29649
19637
13884
7161
18602
12713
12722
24137
15678
27768
30707
15285
4961
16626
16600
15768
18861
16004
8561
7316
25750
26650
4227
25418
17699
19778
29741
19552
18889
19263
20943
19706
20319
29166
15939
21281
26464
22399
17351
23325
12629
30337
26931
5936
23730
4337
25564
25462
21970
26499
17860
31849
26863
26965
27401
27402
1656
28285
28290
5657
28722
31743
884
27858
18928
29513
30306
23424
24021
----
----
----
----
----
----
----
----
----
----
----
----
----
----
----
----
----
----
----
----
----
----
----
----
----
27419
----
----
----
----
----
----
----
5254
6319
2587
12894
6449
23213
6540
6635
29732
6781
6848
8084
7539
31502
6051
23067
14198
8650
10484
9398
9422
9400
9401
10320
10935
10934
10655
2750
3058
17721
13958
14442
14655
14576
10010
18858
26134
4966
27103
20792
22946
17354
22685
7812
4006
17603
7494
17688
21941
19765
18422
18464
18534
15133
19520
19573
19715
20260
20362
27811
23352
22752
20896
21395
21873
17731
29952
4165
23836
26436
22795
18143
1773
25281
21235
7064
4302
26974
27155
29729
24953
27410
27412
27498
27562
27800
28379
28383
26595
2408
20937
28400
20146
26339
28588
28328
29216
26318
29237
29804
4644
30700
30746
31326
31440
31974
32117
32135
----
----
----
----
----
----
----
----
----
----
----
6150
----
----
----
----
----
----
----
----
----
----
----
----
----
----
----
----
----
----
----
----
----
----
----
----
----
----
----
----
----
5537
5765
15193
22247
5193
6376
5286
5920
5240
6230
21526
8211
31427
6435
6421
6444
6617
7178
6840
8082
8083
8858
8854
21834
7594
24895
7186
3671
7496
7499
26622
7588
7560
7562
7564
17410
1514
17974
12343
8094
8249
8242
8431
8488
8805
16646
16657
15569
15425
25811
10846
9320
9408
9688
14072
14075
20670
19662
14273
6375
11335
11464
30247
12118
5042
12583
15194
12803
20439
12474
13285
6862
13546
26517
17854
26522
16508
16218
14141
15086
21575
11664
11734
20916
1838
32279
16273
1246
11603
9709
21474
23969
4281
29028
4187
17592
17644
17626
17715
17724
2881
30752
27460
20488
20489
13513
18028
18212
18510
19550
19064
3292
21756
19088
19346
19348
19448
13093
19705
28862
20195
32035
20452
21446
30820
30826
21683
21788
10611
3671
4130
22762
22763
22332
2053
7456
23062
6026
26339
8279
23557
26893
23682
26426
26443
24598
24603
23911
32366
23495
25021
25064
25540
25188
25925
22462
25281
25736
25357
19373
25496
27199
25387
20485
26702
23768
26785
27156
27163
27146
17908
27483
27571
26077
6231
27733
8755
28107
28990
20599
19807
8722
28513
19621
28697
29310
31705
28616
24137
10580
14416
30060
30038
4644
30141
30145
30061
30289
30637
30718
30645
30608
30992
31042
31035
31046
31433
28920
31653
31666
31689
31692
31295
31847
----
----
----
----
----
----
----
----
----
----
----
----
----
----
----
----
----
----
----
----
----
----
----
----
----
----
----
----
----
----
----
----
----
----
----
----
----
----
----
----
----
----
----
----
----
----
----
----
----
----
----
----
----
----
----
----
----
----
----
----
----
----
----
----
----
5253
30839
5233
22238
5897
24496
16730
7223
5780
5841
5939
5942
10470
5864
27141
10511
10870
12531
29935
31034
32379
6536
6644
6671
6674
22275
22232
10046
31113
10167
7188
20667
9471
17663
15491
24793
15045
12896
7994
8003
20993
8111
15715
8433
8808
16132
26602
8652
15395
28416
15443
19842
10170
9208
9237
10479
10480
16441
9316
9390
9326
9326
16973
13972
9947
9949
9950
9951
23943
12619
19949
10223
10210
10213
10441
10444
10445
10450
10453
10428
10779
19884
5197
10731
19532
10777
10912
17870
21868
22340
19487
22340
30105
10229
11158
10283
31272
12373
12118
12124
12125
15076
15081
15083
17772
15051
12496
12589
16385
10136
19448
13174
13168
13336
13539
13544
6228
17864
32382
29181
12849
16264
17866
9453
23207
23252
15622
13857
13910
11018
17323
26232
14612
28863
14832
22581
17853
18550
15190
16549
19365
31151
5817
16980
5214
16030
15797
15798
15799
25046
16014
24341
23507
31086
16240
23227
5185
16334
31428
13626
22196
22198
23280
28315
19177
17086
20530
17138
17210
17211
22957
17357
17358
17363
17422
20659
17608
17609
17610
17611
17631
17678
17688
17068
18036
18140
10391
18347
18481
18504
18529
9511
22335
19549
3813
23541
19256
19526
19451
31261
19292
19633
25935
29032
29201
23107
20177
4627
20309
20353
24448
20441
29164
1906
28123
20593
24519
24520
24522
20751
28063
13880
20893
18791
21382
26211
20955
9521
6356
21767
21794
25515
28461
2917
22101
32402
22753
22754
3712
22536
22556
22625
22630
22556
24057
22670
22674
22683
22783
25894
12757
23896
23897
23125
27685
29003
21041
26932
23754
23807
23778
4543
23839
25147
20101
28953
24087
5789
29346
24264
31753
5225
2565
24934
24935
28722
23016
24754
25094
25095
24965
10468
25852
25594
25595
25440
25785
30247
25891
24096
15312
21668
4890
2280
5136
29288
29296
29297
28581
26782
26920
27058
18930
27185
20780
19986
27449
28223
27475
27759
18874
27722
16581
22616
29484
29485
28707
20940
28158
26417
20489
28406
28422
12575
31575
8567
29019
20442
29351
2244
29517
29519
29521
29651
30109
29658
29799
29805
30054
30056
30058
30059
17158
30014
30317
30302
30309
31085
27647
30955
30581
30583
30584
30588
30616
30673
12462
31028
27478
6554
31229
31253
31289
31347
4256
21758
31659
31665
31690
31673
31677
31808
31820
15051
31901
31973
32131
32193
32200
32291
4885
32460
----
----
----
----
----
----
----
----
----
----
----
----
----
----
----
----
----
----
----
----
----
----
----
----
----
----
----
----
----
----
----
----
----
----
----
----
----
----
----
----
----
----
----
----
----
----
----
----
----
----
----
----
----
----
----
----
----
----
----
----
----
----
----
----
----
----
----
----
----
----
----
----
----
----
----
----
----
----
----
----
----
----
----
----
----
----
----
----
----
----
----
----
----
----
----
----
----
----
----
----
----
----
----
----
----
----
----
----
----
----
----
----
----
----
----
----
----
----
----
----
----
----
----
----
----
----
----
----
----
----
----
----
----
----
----
----
----
----
----
----
----
----
----
----
----
----
----
----
----
----
----
----
----
----
----
----
----
----
----
----
----
----
----
----
----
----
----
----
----
----
----
----
----
----
----
----
----
----
----
----
----
