24531
20715
32473
32546
26485
----
11762
32559
2248
18153
27519
12805
23362
7032
33284
26207
4733
32501
29180
21730
1275
8998
13091
18654
6177
32906
9846
28408
12163
24037
29075
7096
24119
8991
21420
7811
15357
20500
1510
24347
----
14514
31165
33511
1214
19278
32487
499
27484
1993
6670
20265
26630
17010
14214
18068
----
10624
380
11338
16506
22696
20719
10799
27181
16751
23839
3525
----
11802
33009
17751
19366
33719
19435
26802
8796
7060
24337
----
14393
30460
2482
32842
25949
21944
20181
27190
30982
27075
----
4886
15480
19052
23656
13582
8288
6037
29428
----
32516
25138
----
25183
----
734
----
3930
19662
7074
16237
32021
17379
4557
29102
28853
549
13867
32475
9481
5768
3782
29694
15231
28814
22625
23452
27790
33228
16605
----
21701
32677
18367
----
17822
13852
22270
33379
----
----
21901
30927
27485
24974
25866
6972
5464
28466
28516
25217
30838
21984
33086
5458
11833
30026
9853
31768
23088
32963
8205
8777
5485
28176
16962
32215
5599
25587
19671
30088
11610
13088
20569
15001
2335
25349
25062
22201
16928
25849
30926
5519
21655
32564
----
12537
22507
24437
23488
24383
26216
31122
15850
14723
21237
16330
23287
24561
8139
33624
----
20713
----
828
6272
21052
23167
17396
23834
29926
31812
7615
13130
7389
19322
16743
----
6669
4961
13738
30865
20737
10040
30229
27260
17373
5302
----
27255
29025
29150
8765
5087
26713
19618
19763
32488
19168
27683
24987
4822
29036
32286
25977
----
32482
23609
18724
32605
----
33041
32269
4579
32930
33052
----
15179
12343
31643
19647
21844
28551
26349
10129
10170
2164
33013
33371
----
23726
14354
6158
24876
3923
28612
33153
30887
14027
11821
20430
26279
15485
----
15166
9624
19047
24289
23204
33067
28141
3495
11394
16926
1026
2445
3359
----
14976
22225
----
----
----
6003
21044
14519
15631
22131
----
6378
10681
1154
7099
22112
16751
31007
7809
8806
9291
12677
17595
22267
24352
20278
17234
32225
27188
14241
28650
----
----
18450
23553
5673
17747
16588
16316
19096
27658
4804
15474
----
----
----
----
14282
8350
9545
18923
12645
14718
1276
27729
8779
23099
31866
4321
33558
14401
----
----
----
----
----
21786
8143
9191
11705
28472
14750
6832
32304
----
6503
7842
7665
8985
8723
10693
17409
15173
3652
18447
2053
22356
25737
8353
----
----
----
----
30495
33709
16904
15207
33308
13743
28831
19432
18835
30593
3226
22983
26312
11725
20149
20581
31794
----
----
----
----
----
12121
14241
9693
13782
26799
8954
18677
12618
19681
15298
19905
24125
4667
32982
32445
----
----
----
5374
33030
20400
24344
9856
6165
14595
3550
7846
12396
15972
28921
18523
16197
20639
28212
22744
24349
21868
28846
25807
30248
27258
4479
17382
33038
21725
----
----
----
2520
7985
13942
22923
11618
16306
24599
12691
13421
13708
30165
18664
18829
19632
20863
6619
21104
32796
19943
24440
32361
2626
32621
21188
33348
----
----
----
----
29412
2766
32176
20230
28888
7627
19852
27177
13453
26154
17789
6052
2626
21242
6495
31340
27245
30452
25581
24724
32019
28501
12929
32598
25643
32797
5455
33299
----
----
5118
1786
33017
10238
29645
11872
11349
20410
25356
13865
12111
14163
8278
15309
26566
19042
21703
7953
18837
6534
30839
27273
1458
26154
29009
28230
19976
28685
19557
33040
12397
32418
5809
----
----
----
----
----
----
10065
3765
32797
33023
26572
6376
6390
17168
14140
2606
30338
21158
32708
9919
12131
33356
27524
12289
20421
32476
13698
7635
15216
8703
16602
32024
22651
13772
32162
1997
23727
15417
23189
23193
24757
24899
25556
8484
3166
26992
16478
30254
14145
33691
29692
24763
32610
7367
----
----
----
----
----
5379
6484
6110
3230
23806
6597
11725
7055
6976
13123
22131
32848
21103
20293
11969
5565
17398
16147
32911
13972
20158
20292
16995
2053
12398
26883
19557
33030
31070
31076
22676
11853
32261
25262
18332
24107
24317
2543
18515
25007
26271
25335
15186
26054
26773
25193
33216
21044
32193
33299
12705
15382
6124
28343
24472
31044
19055
15270
30943
24317
12269
8495
32944
24748
33109
3369
16212
11046
32797
----
----
----
----
----
----
----
----
----
----
