31650
31719
32984
32541
26476
5105
11713
30283
24339
27597
27451
12784
22891
16145
33290
32224
21772
33018
29166
21219
14973
31933
9127
21078
6171
32310
9673
28292
16213
14213
29046
10250
23441
20218
19025
7810
33420
20487
30316
24355
5117
27029
23423
33559
10961
6071
33058
31663
9192
28353
10560
20240
29801
16862
5400
11815
1689
11814
25580
11400
23894
22720
20284
10774
27187
9609
20851
22319
4692
14247
7090
17399
21567
33758
19044
30025
8825
14831
24484
1705
16122
23548
7657
23192
24422
15403
23550
27184
19851
27045
2458
33372
20211
9908
23650
13592
32514
33050
11672
3426
32973
25124
3507
25176
5072
23601
5062
19980
27722
10106
23153
8884
31259
28137
29095
32336
30567
8445
8750
13189
32491
15981
29655
11265
28830
30506
20949
27800
9782
20904
2144
30482
32667
25195
2201
17814
18940
22282
33361
3570
4752
11558
30916
25964
26469
31622
32907
5463
28588
20209
32950
30817
5275
33081
9725
11893
29938
9688
32873
15380
32465
8204
19967
5923
6967
13751
17088
7820
33190
27730
30058
12622
16344
20527
30395
32358
25347
20145
28180
16910
26033
30746
5737
21660
32574
5186
12671
20556
24443
23502
24392
26166
33236
7008
14757
16824
20788
23053
30031
30493
33659
2269
20143
4713
5234
7954
21256
22957
31598
28350
30038
24818
11553
13127
19849
31226
32252
410
5788
7061
13761
16798
20746
22626
25224
27950
31254
5821
3574
5759
7217
29152
9337
15122
33862
11034
19808
8499
14240
20659
21238
28657
29017
31010
32265
1619
22761
23614
25377
32639
457
13970
15168
32278
32280
32481
4605
6132
12350
12872
19644
21851
28567
9727
10285
26020
30769
32417
33336
3523
5909
6145
6173
20438
23738
28675
28881
5391
8095
11881
26679
28427
28930
1410
7549
9635
10874
21515
22517
28318
30393
13220
15367
16908
20889
24566
25233
4803
14978
21348
1683
3201
4671
5981
12727
14503
15682
21060
3364
6373
10724
24908
25051
25536
28027
7201
7680
8839
11414
12610
17517
22279
24364
24609
24914
26259
27170
31063
32197
2237
5121
6486
7297
8454
10846
12160
12770
19091
27645
30462
31984
1364
1474
2167
4582
6041
10051
10370
11310
12502
14690
16444
19670
20547
23406
23892
25567
26796
32511
1563
3285
4176
4861
5181
5839
8137
9123
11754
12221
12589
30582
32878
1059
6192
6931
7677
8931
10232
10710
14509
15959
17806
18432
20584
25501
30347
32512
1131
4194
4664
5205
5926
7569
8360
9386
13358
13685
15297
15315
18830
20128
20258
23392
23819
29440
29627
30302
31789
810
2037
2137
2187
4618
5407
6968
7252
8370
8892
8921
11212
12515
13627
15316
23841
24122
26095
32471
32617
1870
3591
4669
5338
5418
6199
7814
9228
9749
9779
9997
10872
12393
14000
14274
14347
16181
20661
21204
22610
24357
24607
25227
25694
26875
27948
29184
31262
32427
32619
2209
2579
3355
7782
7997
9329
10883
11740
11869
12277
12687
13460
13679
15742
18646
18834
19597
20415
20736
21407
23561
23869
24434
28900
32164
32592
33031
33331
3383
3541
4607
5076
6184
6259
7360
7364
7838
10877
12609
13066
13493
13564
14817
14980
18522
21239
21375
23797
26536
27759
28171
28285
28435
28498
30455
32292
32353
32976
33248
33312
2609
3199
5656
6179
9480
10209
10340
10870
11287
11421
13129
13565
13838
15174
15284
15327
16597
19433
20919
23297
23712
23807
24946
27295
28296
28658
28764
29980
30247
30343
32349
32429
32879
33032
33315
1265
1434
3280
3556
4603
5110
5255
5569
5618
6147
6360
6366
6385
6473
7425
7687
8489
8944
9712
9780
10138
10347
11043
12284
12682
13359
13670
13753
14201
14296
16600
18568
19522
20375
20406
20471
21090
21387
22894
23347
23619
24872
25194
25625
26810
26860
27259
29383
29385
29500
29653
32283
32581
33339
2492
3881
4397
4600
4839
5343
5900
6107
6250
6497
6586
6726
7046
7568
8011
8019
9340
10871
10987
11952
12037
12251
13124
13836
15163
15386
16253
16373
17305
18001
18032
18974
19970
20401
20428
20441
22118
22295
22680
23716
24098
24311
24593
24596
25021
25163
25332
25645
26011
26772
26800
26903
27265
27291
27308
28036
28091
28310
28332
28351
28413
28880
30115
30961
31573
32022
32242
32251
32987
33113
33302
33461
33510
33844
302
424
932
1435
1466
2270
2491
2719
3158
4444
