19857
15604
21606
11701
12133
19896
18300
13445
21633
1156
4205
13569
16198
16813
21282
11064
20151
12742
16248
15260
3701
15641
1495
5957
22252
6539
13182
6645
22182
3638
10439
12135
2566
14891
21331
4210
3452
20862
1183
5557
16433
13864
11338
17920
14113
18454
14266
17594
21558
18248
22273
8616
15605
16434
8984
12222
6414
9699
5460
16465
15233
11072
19313
7563
17574
21272
16251
12998
17780
17644
6438
13202
21140
13097
9195
15479
16416
9860
9896
2928
1987
14345
7746
567
15050
10264
17739
20590
4326
21629
13695
21271
1123
6365
632
2078
14334
12
16185
1178
4184
6350
17032
76
18776
5464
6984
7408
22117
21248
4365
14896
7039
21698
6396
19482
6521
13553
11918
3360
19518
14269
13557
12738
16094
17544
19795
6373
10523
19001
5550
19711
9187
13192
12139
18489
22063
1147
3048
11171
15413
19053
1988
21008
22031
20106
13641
16390
3295
9031
18395
21018
6649
13999
20156
1541
10711
20036
16955
13634
19745
20296
21940
8498
20915
8273
6942
16555
4126
18560
18831
20573
578
21977
20058
5609
8370
17554
1434
22132
10861
2391
6386
7972
9940
12595
20922
7987
16186
21898
8044
12156
5314
4110
15271
12370
20659
8203
15493
21678
4216
22094
11300
19407
625
11078
14496
3752
17792
19783
10084
17722
3206
7500
21664
8333
9573
15560
18173
4489
5438
6726
20600
21911
11669
15035
22208
3599
7360
5233
6401
7351
7781
22064
2013
7584
8518
10957
17917
21855
392
650
5599
7903
3120
6593
12226
17911
21619
22204
22269
3954
5674
1050
1743
4897
10263
10760
10859
12031
19426
5696
17768
1796
4286
6496
8711
10018
10658
13935
19581
21583
21595
580
9365
10025
10299
17431
901
9924
10508
15658
15857
18097
18253
21052
1435
6642
12157
21286
1864
4118
10260
11665
12331
17646
19697
1846
2721
8478
9217
16051
16116
16224
17440
18020
21846
4106
5073
5470
8012
12474
12704
14739
15796
16046
318
1624
1635
1696
4745
6809
9520
11295
11369
12072
12518
13586
15241
15519
15726
16361
22126
266
729
2260
4782
8298
9326
10265
10998
15633
16443
16560
16773
20851
341
539
612
1290
1810
6306
9199
9431
10798
11686
12268
12679
13701
14326
15353
19589
19979
20301
20835
907
1116
3484
4491
4587
5204
6157
6847
9182
10027
10246
10289
11220
12413
15288
18140
19058
19116
20826
20935
649
2710
3509
3597
6602
6643
6694
8006
8945
10256
10520
10674
14067
17150
573
675
1789
2587
3076
3151
3400
4089
4100
4425
5218
6381
6953
7156
7908
8678
8737
9997
11030
11133
12733
14463
14555
15219
15400
16153
16596
20405
471
631
759
1033
1783
2258
2266
3016
3056
3458
3725
6062
6999
7034
7213
7330
7430
8715
9341
9675
10303
10514
11654
12189
12913
14382
14809
14894
15358
15675
15794
18518
20152
20942
728
749
972
1429
1578
2204
2259
2500
2760
3175
3624
3750
4141
4186
4419
4510
4776
6384
7303
8993
9202
9531
9905
10298
11230
11859
12289
13220
13465
13466
13585
14899
15543
15566
16374
16537
17494
19188
19421
20399
20903
40
253
1907
2164
2435
2482
2501
2938
3347
3349
3443
3622
3695
4012
4337
5271
5457
6351
6837
7258
8716
9201
10512
10608
12147
12299
12339
12716
13251
13638
13856
15175
15425
15733
15889
17682
17694
18037
18355
18581
18890
19075
19526
20372
20805
21163
21344
21732
21761
21781
22005
301
781
803
894
930
1106
1279
1675
2190
2331
2491
2549
2571
2821
2888
2985
3006
3149
3363
3390
3450
3627
4341
4411
5092
5990
6742
6962
6987
7047
7212
7239
7575
7635
7978
8199
8435
8649
8719
8874
8938
8992
9025
9096
9281
9285
9415
10251
10991
11054
11286
12046
12872
12933
12945
13107
13145
13167
14590
14876
15001
15648
15935
16218
16320
16440
17077
17414
17461
17754
17821
17928
18047
18720
19022
19140
19534
20270
20330
20657
20756
22264
730
993
1076
1239
1250
1592
2249
2394
2488
2492
2511
2744
3128
3156
3262
3278
3350
3413
3584
3702
3704
4145
4517
4689
4736
4741
4767
4824
4831
4974
5372
5437
5855
6665
6686
7343
7426
7473
7938
8202
8557
8666
8760
8821
8982
9247
9354
9591
9859
9918
9961
10241
10488
10573
10623
10659
10739
11117
11174
11556
11924
12050
12262
12717
12722
13109
13149
13185
13439
14535
15075
15597
15721
15856
15936
16182
16386
16509
16549
16819
17151
17750
17952
18088
18194
18308
18338
18833
18840
18844
19016
19141
19304
19641
20127
20184
20364
20478
20677
20962
21343
21901
22149
193
619
1174
1610
1739
1845
1966
2152
2300
2357
2467
2512
2530
2537
2768
2819
2820
3106
3246
3292
3519
3603
4159
4195
4218
4446
4455
4456
4457
4458
4509
4578
4584
4737
4917
4930
4979
4980
5112
5144
5254
5326
5510
5521
5670
5763
5778
5850
5891
5898
5991
6370
6501
6644
7004
7008
7063
7185
7641
7707
7843
8485
8664
8689
8862
9203
9221
9359
9368
9407
9835
9837
9850
10061
10516
10543
10563
10662
10667
11026
11132
11244
11346
11652
12076
12185
12223
12257
12263
12336
12548
12623
12628
12715
13197
13207
13594
13972
14313
14708
14787
14822
14930
14990
15144
15238
15242
15431
15450
15489
15520
15682
15782
15858
15987
16055
16203
16257
16272
16304
16455
16456
16679
16737
16876
17008
17122
17238
17239
17292
17348
17570
17729
17753
17816
18044
18527
18592
18623
18627
18648
18769
18832
18857
18888
18898
18921
18924
18983
19024
19076
19334
19591
19726
19905
20265
20705
20758
20838
20839
21196
21285
21400
21499
21622
21703
21777
21867
22030
331
542
621
751
770
1077
1079
1133
1281
1286
1341
1417
1485
1548
1567
1572
1574
1617
1651
1667
1669
1680
1705
1808
1818
1828
1830
1847
1929
1957
1978
2242
2245
2265
2325
2333
2459
2553
2562
2596
2685
2748
2876
2902
2903
2904
2983
2986
3021
3022
3023
3065
3098
3234
3235
3236
3271
3371
3454
3495
3524
3621
3653
3785
3886
3973
4003
4036
4038
4040
4086
4133
4143
4208
4502
4549
4550
4581
4626
4742
4785
4888
4957
4993
5010
5121
5745
5754
5796
5806
5834
5852
5858
5872
5896
5968
5974
6051
6053
6347
6406
6439
6442
6448
6827
6830
6831
6834
6835
6844
6897
6954
7007
7009
7011
7064
7065
7290
7381
7405
7451
7517
7974
7977
7995
8213
8215
8216
8428
8431
8589
8610
8648
8679
8790
8835
8937
9021
9077
9124
9135
9174
9256
9406
9426
9461
9491
9525
9530
9543
9566
9794
9795
9798
9851
9929
9944
10115
10141
10142
10162
10306
10437
10438
10440
10441
10603
10626
10710
10738
10740
10741
10742
10933
11013
11034
11041
11051
11052
11118
11173
11177
11261
11311
11317
11466
11644
11740
11778
11796
11802
11814
11862
11878
11975
11979
11980
11982
12044
12338
12385
12414
12419
12427
12538
12539
12544
12546
12688
12723
12906
12916
13225
13226
13268
13367
13614
13855
13877
13878
13882
13885
13889
14009
14022
14036
14038
14130
14150
14151
14207
14277
14278
14298
14308
14309
14315
14352
14571
14604
14605
14672
14682
14710
14788
14796
14834
14901
14942
15145
15193
15240
15441
15444
15549
15568
15579
15665
15671
15805
15806
15807
16085
16087
16119
16201
16209
16354
16480
16657
16670
16734
16768
16808
16845
16956
16986
17005
17088
17227
17251
17493
17515
17531
17560
17583
17637
17664
17793
17794
17811
18016
18094
18101
18163
18307
18340
18450
18502
18509
18712
18827
18830
18847
18901
18904
18981
18982
18997
19028
19033
19101
19135
19272
19379
19380
19396
19566
19579
19614
19635
19922
20016
20022
20039
20197
20266
20315
20319
20320
20324
20497
20523
20545
20624
20964
21162
21235
21281
21299
21353
21370
21418
21462
21465
21559
21560
21576
21582
21623
21630
21676
21710
21814
21822
22022
22029
22135
22303
107
499
532
698
699
740
769
774
775
780
933
1006
1007
1008
1019
1021
1026
1063
1132
1302
1438
1439
1543
1566
1569
1576
1579
1583
1586
1587
1588
1589
1591
1594
1595
1597
1598
1600
1605
1608
1611
1613
1615
1626
1642
1650
1655
1665
1666
1677
1679
1685
1690
1698
1748
1749
1826
1829
1882
1884
2014
2041
2045
2047
2050
2059
2153
2238
2293
2294
2318
2326
2327
2345
2347
2364
2390
2395
2396
2438
2441
2442
2443
2447
2472
2551
2595
2688
2691
2706
2766
2774
2831
2832
2834
2835
2857
3071
3273
3319
3330
3332
3338
3411
3415
3451
3483
3493
