1681
7803
16946
57272
----
48025
37183
5191
55535
53555
31499
28641
35176
13165
44281
----
49283
24492
13548
35840
56564
40727
10656
13666
57000
28553
48547
53614
19677
42566
----
12528
----
24933
12862
4855
36972
43442
----
29540
32769
10431
29694
24108
13134
49079
44455
13995
14134
27171
16346
31332
41126
33183
46077
49475
33488
15941
30085
----
----
44519
----
56831
----
----
35748
24399
55651
54932
24919
47622
33303
----
56964
56325
----
49251
4352
53245
38976
34274
49862
49738
49563
55809
42217
34132
33872
----
44329
32781
17050
49400
56546
12716
19786
57303
19678
54451
34774
55999
51073
----
55967
12609
52134
23564
56514
57358
54422
49738
27723
32421
10599
55737
----
19915
17399
40268
37259
23750
33882
