21484
10211
24116
----
21290
27792
19817
32632
779
33432
17632
7830
29846
24267
----
----
18929
23696
----
20586
----
11915
28436
33520
21038
22176
21092
11677
25890
25936
22763
26676
26448
16867
16744
22509
23272
----
17631
8220
7390
----
14254
4250
3421
19643
34604
15784
34620
25010
32100
395
6137
19187
12025
28188
28205
29464
33403
18069
13275
----
33566
2394
----
30803
15044
21549
14837
30246
3626
----
13652
12890
34703
23032
22439
----
34235
31723
18668
21794
17663
33389
31926
16254
----
2956
11003
4337
16348
13291
27301
13080
32925
5935
30653
12995
11885
807
28577
13117
33751
12041
27486
30459
11528
32710
----
30572
23472
21098
11443
1573
17236
17713
8056
12902
11482
1272
11331
19027
31615
73
11543
----
----
24791
28379
20708
31449
15667
1554
24506
10693
----
32260
22628
----
29949
32521
----
28508
34447
20237
13443
17674
13731
19614
9172
16279
2765
----
----
29443
27242
22315
30896
16745
24177
11212
21127
12493
33296
17368
31738
7524
10803
16810
2199
----
16465
5686
33993
11644
34018
21065
4693
7170
24920
5261
20267
29207
13821
8591
17284
19918
1444
----
9830
26760
17760
25017
----
5286
----
21097
2657
5577
19794
24311
8985
20034
27915
33466
15114
2717
18853
22818
29669
8937
705
----
32582
20125
16857
21827
12606
33122
27002
27276
27450
24756
28606
----
----
----
10700
31730
16090
31113
34500
6456
11585
31614
14116
18352
19462
17574
3902
24888
25979
31767
19448
33390
21067
11546
29981
24547
9566
4092
----
10824
18702
----
11095
18799
17226
----
10388
3273
4421
29636
24906
31670
7344
11795
27572
30506
25811
----
28955
23154
20008
17069
----
2999
12760
----
6793
33000
21141
10493
18365
----
19940
----
----
26777
25791
24911
16011
16591
31601
18362
10983
14849
15534
1106
32025
----
21062
----
2714
7267
26716
31229
----
----
32713
20605
17550
31817
15960
27399
13603
4938
22159
23876
31160
712
21311
15481
5548
31491
18249
27056
----
26291
6759
9153
31647
23283
24635
20561
4227
29734
19708
4157
4054
32196
24921
4719
----
----
17761
21851
----
----
----
13900
16377
29031
21623
1654
24437
25456
2510
16621
31293
11757
27829
2848
33828
18615
26250
----
12288
30594
15138
18830
19779
31569
34365
----
----
----
11725
11777
14891
3936
16105
26770
19252
22361
29950
34478
----
----
11374
19893
23725
25646
26466
27339
4641
----
----
2738
11704
11990
25274
5795
18670
3996
25698
15924
17173
16667
25382
9468
2899
15144
27121
18389
27670
12651
13616
24380
16349
4090
23527
15755
27710
5118
----
34604
12670
14194
24334
9210
31125
26913
28114
28234
31667
32861
----
18589
13459
9062
25924
15593
15039
31265
25603
10125
15994
----
7094
18707
11161
8653
18381
25448
23158
33192
30095
5214
32321
27098
34492
31695
----
----
----
29883
7395
28939
8100
16850
937
26218
10214
21177
23838
26882
28241
28638
----
----
----
----
30566
19393
26964
24805
25455
31181
5035
----
----
----
----
----
2741
18259
21128
15509
14715
23828
30890
20708
----
----
21526
12421
21258
26184
13740
28550
19544
21625
17580
24902
18720
19771
19738
27771
1790
34038
25533
25834
28232
4994
33449
9481
----
----
----
----
----
----
----
----
10691
7874
9463
870
34667
21894
14629
16390
18191
7396
2078
15715
4170
25272
25551
10348
4666
----
----
----
2641
29188
27899
16164
14586
9327
12471
27326
27326
11648
9737
12507
21564
4134
23443
26666
27484
32486
29951
15240
8569
----
----
----
11693
2723
10588
8016
8955
9952
10422
12752
19581
18673
2949
28537
28271
29493
34783
32119
5063
----
----
----
----
----
----
----
1140
4766
6567
2795
17671
426
9480
13034
22718
18425
18796
32760
13900
18257
3553
19156
4944
10460
17834
34333
30244
28899
26457
27100
27340
11612
27456
27943
32540
286
16384
27176
7445
32752
1902
----
----
----
----
14688
7898
9125
14676
10159
10701
12607
9425
20025
4042
15323
14853
14961
5769
21079
10891
16779
23946
17876
18916
34218
23454
18389
29055
10140
23758
33086
26809
30909
27455
30280
30241
4704
5104
33951
----
----
----
----
----
----
----
----
----
----
----
32608
32332
5847
20982
8706
14588
9494
8957
9582
33848
10329
34555
11235
20282
15482
23828
4892
26768
27465
19786
19331
17381
22537
24349
30786
22777
34348
4209
19565
26357
22596
6035
24651
4318
15943
25532
4450
27068
27468
27586
28536
28142
28181
29343
29326
2780
30940
30305
32682
7733
34664
----
----
----
----
----
----
----
----
6001
18349
6686
1758
9177
9332
17449
32420
34288
15475
18984
17599
17551
19498
20808
28850
21081
20270
11970
22282
22135
17491
16382
20990
2554
19873
15048
29640
29601
30548
2384
4596
32529
31734
34606
31149
32170
----
----
----
----
----
----
----
----
----
----
----
----
----
12705
14151
6936
7933
17930
24880
19096
22400
9484
10918
12009
14237
12360
3385
20860
14177
8858
32070
4884
15998
18968
18971
6535
17926
17984
4068
18856
1458
3947
20978
1684
24824
25530
27066
27164
27826
13071
4951
29970
21138
32661
6258
8990
33968
33533
33995
31927
15418
13365
34751
34227
----
----
----
----
----
----
----
----
----
----
----
----
6411
5585
33048
6069
6899
33356
9292
11269
31959
3449
9888
26058
10476
10858
10929
13134
17353
34428
33742
17196
17557
17558
17832
17814
18282
29362
18794
19183
4273
21685
21939
22127
11537
23609
24810
4302
28594
21849
25429
25426
2906
29154
28270
29257
29628
4500
27842
32626
28103
518
7352
30841
31128
31117
2418
31810
31871
32244
32274
32660
32738
33545
33427
34515
----
----
----
----
----
----
----
----
----
----
----
----
----
----
----
----
5440
2946
6051
6077
30151
6555
5412
6800
16691
13907
7797
14589
8623
9042
31476
9122
1766
12456
30163
3631
27096
6840
10952
11499
30283
12030
12018
2186
27905
14322
13129
14944
14791
13797
20987
3306
7950
20396
19348
30170
15370
15518
24284
11447
32865
18969
17596
21672
18128
22333
25937
19730
24974
22711
18488
32890
2347
6858
4082
23428
23503
23982
23993
28264
25240
25561
27167
26862
33118
18696
30051
4527
27701
8259
27844
28538
28252
28143
30300
29317
33495
29466
29539
2524
4927
31221
27086
15250
26167
7251
31950
31932
31960
4831
32240
30126
32644
26257
5129
26792
13493
29287
33905
33555
33643
30393
34782
34605
----
----
----
----
----
----
----
----
----
----
----
----
----
----
----
----
----
----
----
----
----
----
----
----
----
----
----
22827
1907
6433
3568
6026
22383
8065
6812
34513
33063
32874
11316
7969
8119
29108
20406
5715
8959
9137
6454
9583
30056
9819
9970
9912
10019
8989
7756
9785
10958
22007
4257
11713
14471
12395
24495
15275
13118
7282
13842
13835
21106
23503
14558
26249
15514
12749
16094
12609
16434
12893
18964
3665
17119
17225
18115
17685
17841
23919
518
22717
20266
20267
17110
21237
21475
21684
12951
26400
27011
22122
22276
30613
24423
33754
4317
23419
30163
23421
23609
17567
23932
24118
4241
8507
24231
24395
25172
25232
16754
22724
4877
25859
26338
20422
27280
20196
16077
26909
28175
29794
15440
27696
16552
28478
28610
31311
29790
29723
29790
33380
29916
32489
32490
32491
32264
30302
31031
31076
31720
31700
32703
32659
32685
32681
32689
33065
8370
33790
33222
32670
34199
30396
----
----
----
----
----
----
----
----
----
----
----
----
----
----
----
----
----
----
----
----
----
----
----
----
----
----
----
----
----
----
----
----
----
----
----
----
----
----
----
----
----
----
----
----
----
----
----
----
----
4007
5900
5549
34711
5824
7189
18464
29624
6854
7768
6463
6472
14705
6645
6643
6622
15854
2902
33831
7159
7493
13160
7988
26113
8103
32688
15497
15499
18514
12356
8622
8885
22079
10065
9053
9130
9133
9135
13222
13227
16085
1941
20523
20008
34238
8614
9934
1649
26867
33273
10847
10851
28478
1458
12255
11640
11851
11955
10959
12034
16465
12100
18472
22344
12406
8677
13280
12522
12762
12756
21422
12515
24488
24493
14321
15362
15371
15123
13071
16320
27743
13637
16584
32843
22716
15239
34770
20050
14191
14240
3184
15484
28009
15780
14717
14958
18113
17525
19320
15359
14338
20630
21634
19912
16100
16370
16439
16450
4283
18966
16776
13143
17036
17504
17552
18086
17923
18198
8915
26207
18692
18671
23309
31413
19128
5928
22291
33798
17077
19828
19878
15096
20066
28398
28407
11551
24014
15696
33931
33477
20726
21144
21145
20730
21029
32821
21176
12585
14047
12331
23459
6035
11700
24417
22774
27078
23094
26018
23076
23119
34099
16866
23228
8857
27078
23755
23718
23909
23530
22573
29140
33955
26892
33933
24807
25000
24863
24956
33427
25276
25501
27429
25316
25485
2219
25490
21911
25858
26091
16120
22471
33236
25468
27095
27611
27612
27613
30059
27694
27827
28075
28152
28339
28698
33031
34750
29055
29130
29189
28467
31406
33254
33294
29776
30193
15049
30363
34215
30645
30629
15027
30609
31074
33022
31172
31479
17465
31807
31936
21315
32368
32621
32919
33804
33845
31767
27833
3285
33377
34784
34289
1739
----
----
----
----
----
----
----
----
----
----
----
----
----
----
----
----
----
----
----
----
----
----
----
----
----
----
----
----
----
----
----
----
----
----
----
----
----
----
----
----
----
----
----
----
----
----
----
----
----
----
----
----
----
----
----
----
----
----
----
----
----
----
----
----
----
----
----
----
----
----
----
----
----
----
----
----
----
----
----
----
----
----
----
----
----
----
----
----
----
----
----
----
----
----
----
----
----
5308
33417
6516
34754
7192
26294
25472
6038
24058
33206
8324
6252
14681
6940
19038
6487
17174
6665
6693
6694
6697
16068
33811
33955
9763
7153
7157
7161
16383
16388
7555
23619
11555
7940
26518
7973
8173
8175
8177
14175
9573
15498
8469
8471
14420
16480
14465
33861
12686
8956
8976
8981
10066
9104
25748
9060
9117
9127
9203
11407
20463
15774
12356
9580
9581
9584
9585
9587
9588
2239
9818
9821
9809
9811
9812
9815
9817
9793
10008
10015
10016
10024
10028
10006
10395
10470
24742
15235
24695
9247
11903
15926
18200
11723
11496
11497
14139
14144
11904
11822
11895
11896
11911
12635
12096
23749
33824
12236
26865
12797
16934
29786
12408
12409
12578
12758
12791
12764
15156
16570
16571
16573
21552
13026
15048
13266
8277
16080
16069
16070
13593
16011
13661
14656
29232
22955
13841
12523
24716
20983
20041
16682
14199
14244
14247
30652
15428
15431
15432
15433
13493
28207
14768
14772
14733
28550
24574
15098
5178
15348
15362
29302
20611
11738
20002
21627
21628
19887
22961
21707
33140
15978
16102
16106
16165
16166
33866
24049
16332
16335
16336
16338
16339
16320
16401
18204
15874
18973
16720
16721
4834
16879
25437
20411
17221
14585
11890
11891
27167
32091
32099
33771
19779
26300
18076
18024
18027
18031
18184
18193
8388
33252
12018
22162
21457
26975
32453
18696
18795
20848
14200
20273
19165
22715
19170
19390
19834
19409
14797
32515
23831
8872
23551
28400
24088
20229
33069
33073
33074
33075
24332
24342
24358
33288
24362
20715
31385
31388
21134
21136
21137
26508
15464
29438
31822
29159
20951
4039
4875
29705
4053
29113
18797
14575
8923
22165
22166
31578
1684
25450
4790
19706
16018
7602
22246
12581
24427
32104
25477
23091
23092
28666
33680
23254
31296
23177
23505
23764
23946
23842
29965
29438
6482
24295
33206
26902
23908
32988
24608
24621
24691
24819
24832
24855
24945
24975
24978
25201
2899
31439
25410
25411
25444
27974
25657
25626
25663
6590
25876
25977
34244
26096
28918
31435
7285
26195
13782
26621
26644
26739
33195
33121
26909
27081
27092
31975
30772
27217
27662
27341
27344
27347
27354
20906
27599
34440
27826
27849
27850
27867
27870
34786
24279
25694
27958
31521
31848
28242
28113
28116
28118
28183
28268
28641
28423
28623
28625
28006
30830
28836
33430
28906
28957
28965
28992
29271
9770
29373
29379
29383
29384
29390
29471
29536
29538
29543
29544
29551
33276
33284
29671
33351
32492
7698
30461
30473
30475
30640
30755
32290
30876
30883
30886
30967
6482
31396
31684
31685
31686
31713
31754
31798
31801
7094
34430
1921
24860
31915
28666
34139
32005
32072
32073
32322
32323
29314
32497
32543
32544
32616
30374
33747
33062
33814
14547
33927
33949
33950
33978
33877
33878
33880
33897
33901
33885
33886
33963
33966
33935
33937
33940
33487
33531
33543
33548
33559
33560
33567
33570
33599
33727
14640
14547
33366
34071
22361
34780
34278
34286
34405
34599
34600
34602
4975
----
----
----
----
----
----
----
----
----
----
----
----
----
----
----
----
----
----
----
----
----
----
----
----
----
----
----
----
----
----
----
----
----
----
----
----
----
----
----
----
----
----
----
----
----
----
----
----
----
----
----
----
----
----
----
----
----
----
----
----
----
----
----
----
----
----
----
----
----
----
----
----
----
----
----
----
----
----
----
----
----
----
----
----
----
----
----
----
----
----
----
----
----
----
----
----
----
----
----
----
----
----
----
----
----
----
----
----
----
----
----
----
----
----
----
----
----
----
----
----
----
----
----
----
----
----
----
----
----
----
----
----
----
----
----
----
----
----
----
----
----
----
----
----
----
----
----
----
----
----
----
----
----
----
----
----
----
----
----
----
----
----
----
----
----
----
----
----
----
----
----
----
----
----
----
----
----
----
----
----
----
----
----
----
----
----
----
