13
361
21611
20603
17497
19840
10228
1489
11339
----
22243
19321
15855
1478
20959
21973
20101
2989
3818
7301
743
15136
----
21572
17918
6509
6008
20279
19180
7376
14168
11750
----
5038
14680
11851
----
20716
----
20882
18322
15712
3845
18328
13950
9861
16064
14701
16091
18676
13379
8761
5418
16661
6234
2525
15994
9725
17992
17061
15103
2606
936
7202
17596
13323
13952
18734
17435
15203
7230
1985
10677
13199
9510
15490
15852
9838
6661
----
----
13289
8879
----
2322
10857
514
16338
4854
63
19485
12617
----
6983
----
----
806
----
14068
----
16448
6359
11156
----
20893
21908
17204
7365
11625
21251
16926
6059
4925
1522
6418
2733
16097
2658
11955
----
19521
14264
17001
6910
5105
15169
97
16711
15643
18780
8898
16285
16711
13354
18370
12836
1725
----
----
11180
6763
21234
----
13559
2849
17800
16817
16344
----
6206
16340
21027
6715
12261
3204
----
10877
685
5113
100
3652
22222
12986
8535
9090
8680
6968
21737
1807
9058
3315
22127
----
21997
19099
3735
8348
18411
----
1714
10844
----
14491
11469
12404
1371
206
17183
7055
5719
11428
12161
5302
15115
8595
12328
14658
1102
14217
16829
4557
22062
10868
19416
----
9005
14486
4022
14540
19690
15902
17752
----
2131
18204
8355
13519
18095
14735
2783
16823
6758
18669
4853
10700
2517
1554
15578
12043
2580
6423
8410
7797
22085
----
18280
9486
15021
6311
21824
----
----
5589
7879
----
18458
12168
9078
1702
503
3397
1058
10712
----
5544
5555
13905
10736
16092
20369
12179
5691
1998
----
7050
6526
8608
14393
6152
16296
19587
21699
21592
----
10188
14679
10311
17669
----
8515
18014
6991
12195
12306
13489
3288
----
6687
12231
14471
----
15893
8425
14613
12369
17513
863
----
----
2192
9503
18987
16118
14655
15944
13319
19513
4111
12264
3534
14778
2591
13751
14728
8243
10547
----
----
----
----
9777
6561
9507
19099
12434
12064
12452
20938
15653
3013
1162
4352
525
----
----
----
9286
8366
21058
18260
8454
14957
3226
18267
8530
3249
----
----
----
----
----
15434
9178
5239
14395
16145
19098
7375
10176
15982
8419
18125
3053
20281
20830
----
----
----
181
1856
15110
2247
6829
19228
13056
15570
14307
21041
12881
15323
21903
19054
19136
22218
10987
----
----
----
15472
6551
6090
1211
8353
10435
1299
21485
16899
13508
1573
----
----
----
----
----
----
----
21937
8899
4868
3402
4330
21060
7126
8676
8588
7857
12908
11028
6472
14732
14554
14480
15224
18980
1694
20456
19223
----
----
----
----
----
----
----
----
----
----
3737
10634
7560
6551
7067
7524
17904
8614
13775
20075
12205
11259
14614
18249
20362
14394
18192
12182
1969
17224
2290
18617
14540
5712
----
----
----
----
----
----
----
----
----
----
3648
4114
8863
12486
4416
5624
8322
21444
8195
8997
9518
12188
13138
10310
6474
17089
267
13315
13469
13470
8029
17109
15477
20183
18352
16574
17520
20300
12174
3144
20916
----
----
----
----
----
----
----
----
----
----
----
3646
8875
20121
4830
5250
21134
6360
6855
1938
8615
9517
11256
18344
3580
12311
18081
12993
13206
16418
13867
21076
15239
2261
15886
17492
17535
11611
18373
18579
18884
19085
21464
1803
20777
21175
3307
3355
3181
3475
6985
----
----
----
----
----
----
----
----
----
----
----
----
----
----
----
----
----
----
----
----
----
3630
4809
4413
10554
11274
6771
8186
4867
7152
7171
6447
19508
8537
7617
15964
11036
8677
8764
20904
14709
8996
9026
9098
9204
14709
20104
11810
11141
11059
16922
12052
2935
12946
12956
12234
10040
19466
14601
5801
15005
15143
15939
3688
16330
18313
17188
17503
17621
17647
17846
20526
12115
17112
12944
19550
21811
18180
3877
20663
8925
15112
----
----
----
----
----
----
----
----
----
----
----
----
----
----
----
----
----
----
3581
3713
3709
4154
4541
4707
12293
21478
4770
5480
4338
6067
9688
15496
10469
9592
11519
3637
1938
13349
7922
13430
5456
5949
10343
11098
13240
12327
12186
6729
10707
19324
9955
4783
18603
20593
6308
10664
10763
11191
11182
18331
14690
12057
14000
12990
10846
13122
10692
20242
2673
14537
15127
15553
2375
11857
15940
8416
16418
3255
16545
16828
17012
11462
17954
18075
18199
12890
18332
18855
18829
18820
12188
19551
22193
15624
20135
18100
21873
19694
20684
21283
21423
21899
14370
----
----
----
----
----
----
----
----
----
----
----
----
----
----
----
----
----
----
----
----
11772
6112
4281
16023
12685
8876
4472
4473
4465
4475
5623
4586
4597
4991
5677
12634
5871
4019
5209
18033
1938
12261
5512
1496
5671
5765
8969
18925
5895
5924
11279
20759
6531
8279
7028
15063
7209
7199
18266
7737
7888
4189
16126
8720
8865
2268
9262
12191
9387
11170
18439
9906
17783
10017
21849
11271
11264
11528
10663
19748
19587
20630
12124
11664
12086
9353
17033
13511
14001
12354
12552
13283
1349
12992
13095
13252
13590
20110
14321
21190
14835
14775
21652
5115
2858
14970
15654
4533
15465
17023
17125
16715
16837
3447
1460
4296
10572
8960
16297
16319
18213
16459
3849
18198
16910
17146
17128
17241
17242
21767
17210
17535
17503
17809
21243
3066
18524
18604
17896
18633
18653
642
18854
18835
18892
18903
19240
18928
19010
12948
1540
1606
11729
16141
13727
20273
21365
20737
20843
20844
10205
18321
21401
21844
21625
21719
3115
21876
20603
----
----
----
----
----
----
----
----
----
----
----
----
----
----
----
----
----
----
----
----
----
----
----
----
----
----
----
----
----
----
----
----
----
----
----
----
----
----
----
----
----
----
----
----
----
----
----
----
----
----
----
----
----
----
----
----
----
----
----
----
3529
3645
4908
8919
18575
15387
5346
4131
9852
4135
6781
4924
4147
4358
16441
4559
4560
4592
3333
5909
16045
9100
4976
5000
19146
6881
5739
5757
5827
6470
6123
10297
5433
5873
5921
9164
6144
6055
6057
6355
16696
7231
7234
7240
6845
6848
6849
6852
6853
13526
7207
21375
7014
7016
7018
7210
7211
14786
16154
18427
15615
7553
15683
17534
15822
8561
8563
8564
18575
10266
8651
8713
8676
9191
8807
13642
9284
9023
8823
9138
9121
20012
9272
16041
6791
9463
9493
14485
15364
9565
20759
11786
11776
11779
9873
9930
9945
15496
10143
10144
15792
10318
11210
11213
11215
11201
12104
10611
10876
10762
10764
10765
10718
12659
11016
19683
8033
15198
16806
16147
11181
11185
19528
18937
11292
21093
14573
19104
9797
11811
11815
11801
11868
11214
11997
12001
12002
12007
5213
18169
12395
12422
12426
12420
12540
12541
12553
12547
12697
12914
12912
18176
13320
13321
13240
13402
5289
13866
13890
13891
13895
13898
13902
6441
10934
14043
14045
16832
14154
14155
5101
14283
14284
14300
14545
14546
14331
14359
13288
21237
18599
15724
16124
14717
14878
14844
14786
20011
18142
2859
6149
15428
15456
15459
15550
15581
15592
18927
15697
16462
16463
16464
16089
13876
19044
15968
15967
18471
7790
17902
4638
18201
16781
21454
20615
18644
21880
17141
18677
20879
17258
17519
19613
17705
17415
17662
17477
17725
944
18514
13315
21409
20175
20185
18190
3462
18356
16334
18506
18511
18723
18838
12209
18823
19087
19090
19008
19009
895
12935
19039
19114
19206
19285
19382
19383
19463
19574
19585
18819
19639
17724
20021
20017
13608
20121
20275
20321
20325
20329
20318
13533
20532
20547
20696
20318
21174
21259
20960
21313
21364
21382
1536
21488
21480
21573
21574
3049
21200
21628
8322
21724
620
21842
21850
22023
11196
22158
22306
----
----
----
----
----
----
----
----
----
----
----
----
----
----
----
----
----
----
----
----
----
----
----
----
----
----
----
----
----
----
----
----
----
----
----
----
----
----
----
----
----
----
----
----
----
----
----
----
----
----
----
----
----
----
----
----
----
----
----
----
----
----
----
----
----
----
----
----
----
----
----
----
----
----
----
----
----
----
----
----
----
----
----
----
----
----
----
----
----
----
----
----
----
----
----
----
----
----
----
----
----
----
----
----
----
----
----
----
