21951
32265
18120
33385
----
5490
35854
27693
35243
----
----
31664
----
20995
32978
10133
27101
36372
----
12970
9316
37759
22630
32372
26347
30853
25529
29797
20187
6894
890
28847
24073
24936
25205
24687
25477
32147
12389
2706
27613
35475
3165
25180
15313
----
33022
31534
37110
20721
37943
14334
36988
34577
37601
18906
18570
37466
35974
31490
29923
36916
9927
27937
16190
18837
24472
----
25027
5681
30035
11894
22321
8760
30127
9054
30233
27720
26386
34663
----
14102
18236
35344
34352
36458
25523
----
7994
19257
36560
----
34838
36772
29068
19192
37606
10180
2514
27706
13742
7146
29254
10922
34902
----
15790
27153
11227
31237
30691
27672
37555
1234
----
908
----
----
----
9386
9228
8044
9066
----
----
16179
27848
11246
22380
5937
35834
29498
11529
28312
36205
30967
36505
31174
32383
34624
14788
6690
10175
----
17805
21387
34642
34397
21516
28558
25935
23244
----
31155
----
26414
30773
20412
32825
36069
25622
7592
27576
4231
4801
22912
8460
28927
17485
37107
----
9473
21710
27455
14271
34410
26672
3777
10835
18763
17888
13995
11759
35299
1507
37036
36933
9725
37514
3629
16907
----
22757
2139
35419
16945
35862
6169
18667
32240
27571
11620
13164
2750
25376
30780
6439
3836
19927
22934
6772
19318
8745
12352
30672
24564
10304
9732
2008
4240
6716
21328
----
9625
15468
453
15594
----
13406
7255
20521
24023
23751
25989
31093
32317
----
----
1346
3184
36429
----
26450
10403
35413
17586
34988
5691
12599
----
31208
36846
35587
27846
1281
10315
4809
36973
27881
33050
32550
----
6706
25398
19220
19352
33499
36990
36413
----
3824
9010
29783
27604
31318
21425
33043
----
27732
31093
----
----
----
22013
26848
35876
----
36423
18766
18465
19657
23259
36919
12311
16962
23375
30632
26039
31635
648
37001
22381
34654
37407
9060
6766
7382
36980
17208
30066
7285
17045
28757
18111
22910
35524
36807
2563
6423
----
----
26667
2563
36028
1774
29476
22850
----
16436
26012
31992
7418
28424
30620
31424
22337
31702
32613
----
7636
9783
18053
28745
27203
9821
28007
32421
7505
7615
28799
16748
29454
30095
34941
----
----
37114
2848
11063
35508
25184
32282
26131
----
----
----
9251
36307
13986
18728
27615
25907
6720
30632
32684
8828
8068
8425
11520
12382
14199
14278
14434
15352
8545
20356
20291
30233
2623
32962
33951
36353
----
----
36891
33781
33652
12322
21184
4230
17059
20384
34314
24544
14820
32772
37024
----
----
17909
6896
12872
12901
8548
15348
2250
32311
21688
13322
22946
28201
27903
30343
34228
30692
27165
8024
37075
36312
----
----
25114
25698
31142
9390
9513
23452
4013
12312
18468
22987
9803
8279
35373
13161
12515
33270
36324
----
6239
1327
8826
9528
910
37629
25167
4670
36083
17608
31530
30690
8624
28227
32762
33824
23664
17557
34817
35776
36018
36493
----
----
----
----
----
----
6746
8376
30611
31677
8491
21641
17197
6360
14629
17171
21589
17572
36115
23443
37401
23960
26425
26201
27876
34762
27395
6471
25715
30385
25317
27896
16880
27357
2574
35895
37075
3364
37115
16639
32056
5971
37985
----
----
13184
36491
2632
11314
3668
30103
26453
14585
18234
26977
23762
17447
33931
18662
18902
19208
36118
17458
35519
17194
26978
29254
27000
36576
37117
17941
29949
37261
31207
31915
28950
9047
22948
28196
34850
6104
36999
36154
36417
37271
----
----
----
----
----
----
34306
19285
22102
13184
31128
26680
31050
13996
17442
15118
30018
23021
36396
18335
26611
18599
5605
36302
21213
37119
13583
29346
17317
2612
24211
25836
25541
24205
28894
18387
26655
28533
29838
30608
31118
24937
18914
21002
5557
35528
37700
37027
36426
37985
22009
----
----
----
----
----
----
6464
6775
9389
14403
6826
31676
18753
2644
7612
31370
31782
17601
20664
12602
30625
14204
34797
14428
37072
34219
23914
18048
18278
1209
18414
34253
8990
14212
34676
17039
29618
9000
29882
35524
6813
37085
30071
30957
27207
27204
32132
32119
34131
33131
26267
19465
34646
17984
34108
10797
2600
37162
29352
37195
22532
16044
36958
37123
29346
36308
37152
12702
37335
----
----
----
----
----
----
----
----
----
