1
366
33477
33824
17881
33575
32185
18858
33201
33409
3531
33282
30183
5157
20180
33212
30759
33855
8930
19453
30672
32734
22962
28221
9953
25597
33573
9801
16892
22727
8317
17239
6409
5690
28805
25927
30051
32685
30172
33206
21437
25486
32453
22623
31952
7759
31721
18964
9996
2055
14803
10496
3841
7629
32989
14038
8501
8945
30580
8091
13262
595
8235
11755
21208
8976
3263
22528
3818
14801
4443
1343
14302
16613
29061
20966
7
17322
9549
14028
28017
6556
5498
26539
14807
31936
12480
10000
31935
2141
15527
3298
30481
2118
17471
33224
8845
21118
26392
24854
4532
25915
27073
27872
33654
6458
11
27348
12082
22559
24496
30532
30821
5608
12782
12776
6681
30842
27496
32434
33769
6005
2446
10895
13420
33660
4182
6624
15500
19778
33825
10569
7178
10323
13530
33496
4954
5010
32126
31638
33351
7683
10099
9618
8237
32673
18542
27061
16327
3936
11070
14111
23770
11007
13329
18222
8717
2712
21004
6555
6751
18249
15053
17169
10518
32738
5297
6944
20519
7591
21509
3791
23760
31919
32593
24009
33617
10685
17694
41
3625
7441
31167
13595
31981
11068
9734
7442
2015
4315
1470
33693
19319
26931
5935
7324
14308
17142
3018
6901
24885
9177
11899
13017
27765
18624
22394
29149
591
25211
33422
4883
4974
6193
7129
9098
32992
14914
1692
13589
13688
17277
21234
33350
2437
7438
29294
33267
28575
34
13522
18787
20554
10400
18617
27351
1682
3670
20468
30089
6228
11870
7506
8319
11849
5708
14869
19089
26818
33621
2116
4074
11604
5026
17795
29230
32102
6877
8578
9221
22448
31709
32765
26940
2867
10132
24695
30079
8401
27884
29249
73
889
8240
23142
12067
13002
16467
29755
6351
30024
31275
33334
2401
14527
26618
33776
5401
16204
16261
33263
6899
7971
8912
10827
2625
2816
10855
12505
14125
15792
16886
18046
19809
1568
15766
22080
23377
159
12423
14136
17437
33764
2368
2856
3165
11726
5975
15927
17474
30161
33089
9231
20849
26411
27608
30087
1047
8306
13527
17973
20173
21559
30090
532
2926
11518
2071
6241
13254
15542
16278
22365
30526
5342
11908
12363
13515
15656
20329
9247
10512
33792
717
7231
7410
9306
13594
20789
25122
25789
33399
11299
11959
12219
12231
12402
14578
18549
26227
13365
25988
33516
2100
4872
12179
15286
21031
22184
28243
2690
6595
9360
11434
24788
29279
15904
16154
9065
6070
16490
16840
24469
27430
30093
4585
12471
17732
24849
7127
8013
9844
12377
14754
15111
21475
26337
30797
3488
4419
12144
18844
21527
23786
3122
3370
9024
9230
21683
30923
32004
4602
6025
7291
8719
14731
15619
30164
1052
5327
5756
10859
11525
15576
16695
19922
29564
2727
6045
7302
7640
8109
12443
13568
15119
16552
17264
18954
19125
19151
26162
27997
31319
3854
7705
8668
11526
12660
14858
17897
22600
11136
17785
20709
22791
27363
30925
2896
3891
5642
9631
12725
17026
18582
23385
444
1612
2749
6788
10920
20658
31225
33070
11629
13187
16929
19525
20460
24402
26424
29732
31222
1463
3538
4598
5050
7453
8673
17710
17713
23031
339
719
1278
1925
2911
4863
6099
7913
8234
9011
9346
10698
15806
16536
18305
21035
28367
29181
30703
202
14192
17561
19347
21333
22587
24217
24653
27582
28713
29199
1958
2278
5280
7062
7209
14033
17575
19402
22637
25852
26996
28409
33747
1594
1994
4487
4555
4576
4878
5052
11191
11226
12227
13183
13727
17031
17858
19947
21563
22321
22417
22772
22920
519
2539
3733
4796
5978
6575
7416
9638
10395
11562
17048
19950
20202
22972
23367
23608
1572
3571
3737
4206
5478
8697
9416
12525
13739
15176
17478
18669
20860
22052
22660
24234
24351
27454
28302
28670
31970
966
3835
5129
6442
8749
9614
13227
15406
16137
16637
17979
20926
26428
27064
27628
28948
28968
33599
1046
3641
4792
9066
9295
9886
10165
10558
11488
16350
16415
17181
18359
20192
20303
20305
21735
24952
25435
26474
29457
29998
33727
2865
3028
5092
10321
10359
12161
15663
15964
17007
18092
19034
21462
23163
25381
30561
31014
3897
3916
4366
5709
6043
8871
8919
9206
11441
12255
12959
13469
15314
15951
18684
19773
20525
24031
24730
26913
27771
28656
28759
32080
33436
86
3623
5964
6323
7928
8298
8771
11103
13536
14238
15489
15581
16969
18611
19309
19411
21198
23565
25893
26728
29129
30168
1282
1607
2321
2726
3340
3872
4651
4674
7069
8972
9461
9833
10087
10457
11721
12025
12438
12777
13100
14753
15528
16010
16786
17427
18737
20773
21384
21543
21733
23364
25067
28146
29247
29704
30425
31663
1105
1188
2151
2332
2412
3110
4045
4977
5581
6465
7471
7863
8308
9670
10682
10919
11205
14660
14836
15372
16559
18181
18280
20321
22207
24921
25243
29828
32655
1645
4995
5515
5605
5615
5638
5832
6017
6352
7103
8974
9056
9904
10796
10914
12344
13848
14655
16545
17631
19265
19785
22580
24582
24845
25396
25666
26426
27474
31078
33394
897
2052
2121
2977
3582
3928
4661
6472
6763
8151
8917
10151
10417
10823
10862
12217
12574
13266
13875
14483
14674
15490
16543
18892
19582
19643
19790
20055
22175
22620
24637
27233
28347
29050
29195
29324
29380
29422
29644
31305
31708
32442
32819
33553
33720
2616
3017
3810
3954
3983
4656
4928
5040
5886
6623
7790
7853
8797
9009
9140
9203
9264
9627
10699
11050
11533
11938
12308
12863
13097
13441
15735
15799
16132
16360
17316
18473
18910
19204
19667
19910
20903
21547
21630
23901
25348
26368
27095
27993
28124
29077
29209
29649
29664
30441
31162
32970
2936
3310
5067
5513
5811
7712
7915
8273
8721
9139
9678
10380
10612
10888
11181
12612
13550
14530
15610
16397
17056
18067
18506
19103
19529
20740
21353
21923
22093
24140
25121
26626
28672
29419
31690
50
388
706
1170
1548
1687
4055
4106
4269
4988
5541
5651
6081
8086
8504
10527
10631
11177
11659
12086
12249
12437
13367
14517
14812
14830
15940
17107
17163
19144
19556
20053
20536
20542
21848
22006
22425
22741
23348
23787
25539
26012
27327
27581
27963
28041
28518
29076
29162
29286
29556
30993
31354
31369
33531
56
1199
1446
1472
1695
1905
1926
2522
3088
3410
3492
3577
3758
7215
7379
7584
7599
7803
7807
8275
8425
8760
8800
9249
9591
9602
9946
11154
11321
11325
11753
11945
12022
14243
14854
14880
15699
16496
16677
16689
16942
17083
17146
17248
18374
18439
18801
18825
19143
19262
19491
20136
21093
21560
22714
22873
23118
23245
25446
26177
26688
26733
27042
28267
28893
29101
29462
29810
30899
31356
31368
31955
32328
32754
33396
174
584
837
868
874
990
2006
2054
2430
2711
2758
2840
3303
3530
3572
3573
3617
3619
3701
3903
5738
5763
6034
6128
6439
6527
6795
6871
7242
7274
7891
7984
8485
8902
9500
9963
10079
10311
10793
11058
11203
11399
11461
11949
12070
12795
13168
13415
13548
13604
14301
15321
16196
17554
17567
18132
18414
18889
19216
19272
20279
20594
21553
22079
22778
22878
22902
23023
24030
24610
25025
25160
25404
25962
26596
26866
27368
28569
29206
29759
29781
30747
31091
32663
756
841
1451
1563
1681
2155
2259
2515
2531
2732
2861
3033
3378
3394
3714
3749
4216
4478
4732
5334
5943
6160
6279
6951
7547
7572
7942
8156
8809
8869
8946
9131
9185
9518
9679
10366
10371
10915
10927
11194
11201
11437
11456
11541
11887
12008
12300
12831
13141
13321
13518
14235
15140
15225
15569
16019
16195
16484
18821
19238
19317
20309
20794
21523
21766
21952
22642
23702
23858
24548
24680
24860
24930
24980
25065
25203
25722
26669
26693
26976
27350
27548
27551
27798
28111
28850
29792
30151
30366
30823
31870
32009
32780
33250
33799
479
645
783
1107
1134
1413
1488
1553
1713
1904
2897
3258
3549
3739
3774
3995
4199
4272
4802
4884
5286
5287
5663
5714
6170
7118
7135
7262
8670
8864
9554
9729
10137
10730
11000
11519
11522
11595
11700
11799
11950
13039
13246
13288
13310
13541
13580
14013
14561
14645
15263
15293
15377
15443
15548
15642
15824
16072
16279
16451
16507
16549
16940
16979
17046
17877
18472
18496
18510
18922
19109
19156
19878
20203
20210
20827
20864
20969
21214
21290
21810
21895
22245
23177
23260
23442
24016
24018
24169
24233
24241
24456
24651
25638
26136
26292
26327
26602
27047
27644
27877
28160
28464
28487
28490
28626
28775
28977
29729
30929
31255
31423
31761
33120
33833
309
787
884
1029
1122
1412
1496
1517
1992
2363
2410
3118
3215
3446
3450
3514
3536
3904
3917
3921
4319
4355
4362
4564
4678
4698
4706
4758
4809
4815
5141
5289
5485
5788
5790
5834
6214
6222
6306
6436
6560
6626
6749
6875
7122
7783
8581
8740
8836
9197
9227
9400
9668
10043
10144
10146
10320
11302
11453
11508
11540
11637
12002
12061
12071
12489
12907
13257
13325
13330
13391
13678
14600
14615
14662
14739
14872
15144
15203
15350
15523
15654
15723
15870
15877
15969
16134
16459
16591
16875
16992
17308
17310
17395
17503
17773
18030
18043
19142
19314
19340
19422
19586
20003
20011
20241
20242
20283
20578
20841
21302
21458
22057
22058
22389
22435
22661
23340
23695
24138
24294
24813
25234
26305
27479
27538
27677
27828
27971
28118
28527
28762
28763
29147
29409
30012
30315
30489
30606
30685
30695
30891
31547
32696
33244
33423
33528
33532
33777
180
589
672
697
797
949
1042
1051
1261
1414
1454
1508
1526
1679
2245
2275
2283
2347
2359
2409
2514
2538
2597
3036
3063
3091
3256
3361
3368
3433
3535
3545
3658
3668
3689
3756
3757
3785
3948
4061
4152
4252
4254
4353
4363
4516
4570
4695
4991
5449
5539
5616
5844
5919
6021
6189
6391
6399
6445
6506
6696
6748
6992
7222
7540
7601
7621
8328
8406
8435
8706
8798
8807
8956
8996
9005
9010
9057
9091
9682
9812
10167
10450
10507
10615
10651
10733
10829
10906
11258
11312
11404
11440
11539
11568
11836
11844
11852
12138
12301
12514
12545
12561
12614
12742
12844
12952
12954
13280
13339
13417
13516
13809
14116
14584
14681
14740
14794
15197
15549
15614
15667
15920
16203
16348
16461
16544
16724
16867
17292
17321
17336
17473
17491
17596
17652
17830
17937
18297
18524
18634
18747
19028
19286
19392
19436
19923
19924
19995
21050
21178
21500
21713
21826
21843
21930
21936
22034
22360
22546
22746
22951
23015
23159
23186
23410
23642
24047
24089
24154
24194
24214
24510
24828
24963
25129
25158
25254
25535
25650
25708
25880
25954
25968
26111
26193
27011
27200
27284
27286
27443
27455
27534
27750
27763
27989
28393
28731
29058
29078
29299
29558
29671
29799
30424
30433
30446
31084
31186
31269
31613
31772
32000
32188
32393
32587
32595
32818
33077
33079
33443
359
445
650
683
875
950
973
974
1119
1168
1187
1436
1512
1623
1712
1729
1816
1950
2086
2098
2144
2153
2218
2291
2421
2513
2647
2845
3101
3188
3208
3306
3527
3560
3575
3657
3691
3697
3802
4005
4274
4293
4342
4351
4387
4408
4449
4631
4702
4813
4933
4957
4961
4975
4980
4994
5147
5181
5422
5596
5782
5906
5934
5979
6079
6213
6223
6247
6263
6346
6434
6466
6467
6602
6616
6820
6842
7248
7388
7435
7598
7908
7930
7945
8062
8163
8179
8245
8468
8546
8571
8923
9043
9088
9118
9406
9750
9751
9761
9895
10024
10198
10216
10229
10661
10701
10778
10795
10824
10857
10891
10957
11064
11160
11280
11656
11975
12245
12276
12307
12529
12758
12778
12827
12866
13007
13238
13388
13538
13664
13826
13894
13929
14034
14148
14562
14604
14605
14623
14665
14672
14948
15076
15097
15210
15621
15628
15644
15645
15676
15733
15933
16184
16366
16551
16617
16618
16619
16620
17036
17243
17263
17353
17354
17400
17426
17599
17632
17663
17680
17715
17975
18019
18108
18417
18454
18469
18556
18692
18704
18761
18912
18950
19107
19114
19116
19140
19368
19526
19800
19906
19912
20119
20223
20344
20612
20627
20990
21012
21045
21205
21401
21410
21471
21562
21566
21966
22045
22048
22114
22205
22209
22220
22280
22458
22497
22584
22652
22888
22940
22973
22984
23067
23165
23405
23829
23844
24178
24287
24534
24638
24639
24642
24643
24676
24705
24719
24758
24777
24869
24911
24948
25027
25028
25115
25117
25120
25145
25156
25191
25230
25532
25566
25829
26045
26094
26110
26170
26393
26452
26506
26543
27173
27300
27376
27388
27396
27457
27526
27786
27793
27848
28304
28329
28382
28388
28431
28551
28566
28570
28733
28790
29172
29228
29273
29363
29377
29870
29984
30029
30144
30166
30216
30387
30533
30596
30636
30697
30702
30763
30801
30831
30941
30944
31008
31315
31355
31413
31465
31487
31556
31618
31659
31818
32016
32082
32229
32324
32509
32546
32628
32656
32660
32666
32714
32740
33417
33542
33576
33730
33749
33763
82
84
85
125
213
299
421
498
511
832
912
935
967
1031
1103
1136
1157
1321
1370
1403
1438
1475
1595
1597
1602
1606
1615
1675
1709
1710
1711
1951
2130
2246
2247
2252
2297
2393
2431
2435
2469
2601
2716
2980
3073
3074
3160
3291
3309
3334
3355
3469
3472
3474
3587
3592
3794
3795
3867
3869
3870
3884
3975
4036
4116
4120
4132
4158
4163
4259
4310
4365
4446
4459
4475
4479
4517
4526
4535
4621
4666
4743
4795
4804
4826
4832
4851
4858
4861
4870
4885
5031
5044
5088
5133
5158
5186
5310
5417
5528
5652
5707
5740
5787
5845
5939
5947
5953
6105
6301
6365
6366
6367
6368
6388
6475
6529
6690
6884
6924
6998
7028
7051
7063
7080
7120
7172
7220
7261
7310
7311
7376
7525
7579
7743
7864
7940
7955
8023
8263
8292
8683
8696
8712
8728
8731
8745
8865
8893
8899
8906
8915
8921
8929
8978
8986
8989
9008
9076
9138
9319
9380
9472
9568
9580
9646
9680
9934
10047
10175
10286
10313
10388
10391
10445
10471
10490
10552
10642
10648
10652
10653
10746
11047
11073
11128
11248
11278
11420
11484
11492
11614
11747
11782
11834
11840
11882
11885
11988
12076
12122
12132
12284
12319
12322
12323
12385
12486
12488
12490
12537
12538
12542
12591
12644
12724
12748
12798
12800
12825
12963
12985
13015
13034
13159
13385
13544
13557
13614
13629
13690
13791
13853
13876
13906
13941
13947
13967
13984
14049
14227
14253
14309
14315
14450
14474
14502
14526
14582
14593
14653
14658
14663
14667
14758
14823
14937
14940
14965
15169
15239
15265
15285
15357
15365
15379
15402
15495
15534
15608
15609
15669
15709
15734
15993
15995
16037
16051
16140
16222
16263
16270
16410
16414
16450
16464
16466
16505
16576
16638
16701
16757
16785
16951
16952
16953
16966
17027
17154
17187
17246
17261
17446
17517
17520
17523
17532
17621
17634
17664
17764
17922
17945
18045
18071
18080
18205
18219
18299
18300
18310
18317
18335
18405
18408
18435
18442
18453
18476
18483
18547
18572
18592
18647
18665
18700
18714
18744
18748
18798
18809
18813
18881
18992
18993
19078
19240
19301
19336
19382
19503
19555
19690
19766
19802
19880
19986
19992
20050
20060
20079
20275
20277
20278
20327
20449
20457
20513
20545
20609
20638
20655
20662
20671
20754
20977
21047
21048
21057
21196
21237
21252
21366
21455
21480
21492
21513
21634
21648
21650
21700
21737
21787
21815
21849
21852
21928
21935
21945
22013
22170
22200
22214
22271
22341
22348
22427
22428
22456
22588
22598
22611
22649
22698
22732
22810
22830
23027
23065
23085
23090
23107
23109
23140
23162
23191
23195
23493
23530
23572
23635
23653
23662
23740
23789
23924
24002
24092
24156
24270
24290
24313
24381
24403
24405
24430
24457
24499
24718
24785
24786
24955
25049
25081
25092
25119
25173
25205
25273
25275
25296
25513
25689
25698
25704
25843
25859
25869
25897
25905
26003
26018
26097
26106
26182
26213
26274
26473
26490
26782
26855
27033
27195
27199
27206
27392
27459
27492
27584
27604
27719
27769
27849
27906
28019
28049
28094
28173
28282
28311
28375
28401
28410
28558
28652
28781
28792
28796
28861
28890
28915
28934
29010
29102
29429
29484
29612
29665
29668
29696
29763
30000
30067
30241
30258
30259
30260
30355
30413
30465
30578
30640
30683
30818
30928
30935
31092
31095
31111
31148
31177
31193
31295
31299
31341
31419
31583
31617
31627
31686
31806
31817
31824
31850
31864
31911
31912
31979
32062
32063
32067
32382
32540
32547
32563
32647
32688
32771
32810
32838
32841
32963
32991
33156
33252
33342
33343
33361
33501
33506
33508
33533
33572
33604
33657
33724
33745
33858
33861
262
283
383
407
435
468
529
531
537
546
647
670
794
867
870
872
877
924
965
1102
1108
1147
1158
1214
1253
1270
1273
1275
1279
1320
1327
1383
1458
1474
1494
1509
1510
1531
1535
1542
1543
1557
1593
1622
1677
1678
1685
1696
1706
1708
1715
1764
1822
1849
1851
1943
1957
1979
1993
2000
2132
2134
2174
2182
2190
2204
2206
2222
2243
2320
2326
2362
2411
2458
2482
2495
2496
2497
2525
2562
2568
2570
2588
2609
2626
2628
2638
2656
2679
2691
2696
2697
2734
2773
2778
2789
2839
2863
2864
2981
3078
3090
3102
3116
3147
3164
3184
3206
3219
3243
3277
3278
3281
3333
3350
3441
3445
3451
3452
3459
3460
3502
3525
3532
3557
3585
3591
3713
3755
3765
3782
3788
3809
3812
3879
3885
3894
3908
3923
3931
3932
3935
3942
3950
3952
3953
3955
3970
3971
3972
3973
3976
4038
4068
4115
4117
4118
4151
4153
4154
4160
4175
4195
4197
4198
4218
4227
4232
4234
4287
4289
4300
4376
4388
4392
4393
4395
4406
4407
4433
4452
4484
4486
4508
4511
4515
4586
4587
4646
4673
4676
4701
4731
4771
4803
4808
4819
4840
4855
4857
4866
4882
4909
4971
4972
4978
4983
4986
5014
5030
5042
5076
5077
5078
5084
5087
5105
5117
5164
5167
5168
5192
5209
5216
5239
5267
5283
5311
5336
5338
5367
5434
5450
5458
5465
5480
5559
5582
5611
5629
5749
5773
5776
5777
5781
5826
5848
5850
5852
5883
5901
5914
5950
5977
5980
5981
5992
5994
6006
6037
6111
6278
6350
6354
6369
6418
6474
6502
6522
6524
6586
6589
6590
6606
6617
6625
6698
6728
6733
6755
6769
6821
6825
6854
6977
6999
7029
7035
7043
7046
7049
7050
7111
7139
7193
7246
7313
7321
7440
7444
7470
7495
7536
7611
7665
7671
7675
7686
7752
7785
7795
7842
7855
7912
7917
7921
7925
7986
7995
7996
8021
8024
8038
8095
8103
8129
8145
8177
8188
8211
8219
8227
8233
8280
8338
8345
8346
8355
8405
8474
8482
8483
8509
8550
8551
8552
8557
8671
8676
8735
8743
8761
8762
8794
8817
8850
8851
8853
8855
8857
8860
8888
8890
8895
8896
8914
8916
8925
8926
8927
8961
9013
9130
9135
9148
9150
9244
9252
9253
9256
9279
9330
9382
9395
9396
9397
9398
9399
9401
9403
9404
9429
9478
9540
9542
9612
9613
9616
9626
9662
9667
9698
9703
9709
9765
9772
9781
9935
9938
9945
10032
10110
10211
10242
10261
10298
10401
10510
10511
10535
10645
10650
10697
10772
10777
10838
10856
10860
10889
10917
10929
10989
11001
11069
11075
11131
11165
11170
11186
11210
11309
11320
11324
11327
11329
11330
11331
11332
11333
11337
11413
11415
11435
11436
11449
11468
11505
11538
11545
11554
11579
11597
11611
11631
11647
11649
11654
11664
11707
11773
11832
11837
11843
11896
11898
11904
11932
11956
12103
12115
12196
12214
12225
12271
12281
12282
12283
12349
12393
12482
12499
12564
12580
12592
12604
12634
12659
12661
12675
12687
12765
12772
12775
12781
12784
12822
12843
12937
12953
12957
12962
12965
13040
13045
13065
13075
13098
13118
13196
13245
13258
13265
13269
13272
13275
13279
13290
13351
13352
13375
13376
13464
13474
13508
13517
13552
13554
13556
13577
13583
13597
13602
13607
13611
13612
13677
13759
13837
13844
13977
13980
13983
14008
14029
14050
14053
14071
14099
14102
14154
14163
14169
14187
14278
14331
14339
14394
14397
14406
14443
14451
14469
14521
14536
14539
14543
14553
14554
14560
14564
14565
14607
14687
14688
14751
14762
14780
14785
14819
14849
14871
14915
14947
14994
15008
15109
15166
15175
15182
15232
15257
15261
15268
15272
15294
15302
15303
15304
15330
15378
15393
15512
15513
15535
15560
15627
15650
15705
15740
15757
15773
15776
15782
15794
15849
15852
15859
15860
15861
15862
15928
15946
16029
16032
16041
16060
16064
16071
16077
16106
16136
16143
16146
16221
16232
16248
16256
16258
16301
16313
16409
16411
16419
16422
16449
16462
16521
16538
16542
16554
16590
16642
16647
16649
16722
16756
16810
16855
16860
16881
16906
16907
16912
16913
16987
17153
17179
17196
17212
17213
17216
17232
17233
17270
17291
17300
17314
17330
17335
17356
17433
17476
17501
17515
17525
17528
17529
17531
17543
17544
17545
17547
17552
17586
17658
17661
17662
17691
17775
17848
17851
17854
17864
17890
17919
17920
17960
17965
18005
18070
18079
18081
18082
18190
18197
18231
18232
18241
18304
18337
18361
18367
18402
18436
18443
18468
18487
18535
18551
18614
18670
18678
18764
18799
18806
18807
18810
18823
18852
18870
18894
18914
18927
18944
18956
18980
18994
18995
18996
19007
19044
19091
19092
19189
19226
19275
19278
19306
19313
19346
19371
19372
19415
19440
19505
19521
19658
19661
19662
19663
19671
19691
19694
19749
19813
19854
19855
19872
19884
19905
19921
19973
19985
20014
20026
20077
20120
20128
20131
20133
20138
20143
20226
20229
20247
20347
20456
20469
20486
20487
20489
20494
20516
20571
20616
20625
20647
20648
20745
20767
20780
20843
20909
20911
20920
20997
21084
21111
21173
21202
21211
21232
21242
21243
21251
21260
21304
21385
21420
21430
21493
21501
21514
21520
21525
21549
21623
21671
21678
21691
21807
21835
21872
21903
21927
22040
22050
22112
22113
22115
22116
22117
22130
22144
22181
22189
22246
22270
22344
22377
22390
22404
22407
22429
22524
22547
22567
22582
22646
22663
22678
22696
22841
22903
22931
23011
23037
23046
23052
23079
23136
23138
23150
23169
23181
23187
23211
23213
23230
23240
23257
23274
23282
23329
23381
23403
23415
23533
23559
23638
23698
23736
23801
23809
23812
23821
23915
24039
24093
24098
24100
24102
24122
24124
24134
24141
24142
24143
24155
24183
24212
24245
24268
24302
24320
24337
24338
24340
24347
24373
24429
24431
24470
24471
24489
24490
24535
24754
24763
24802
24803
24827
24870
24872
24876
24949
24986
25052
25073
25095
25099
25102
25113
25114
25118
25147
25178
25278
25295
25316
25330
25347
25356
25382
25499
25516
25586
25620
25640
25665
25747
25787
25811
25846
25866
25885
25912
26065
26113
26115
26168
26187
26204
26205
26208
26210
26211
26242
26277
26295
26341
26443
26449
26467
26476
26484
26492
26496
26504
26525
26581
26591
26699
26717
26748
26750
26752
26755
26756
26771
26783
26859
26860
26861
26863
27046
27104
27106
27143
27166
27179
27184
27194
27197
27203
27256
27261
27289
27301
27302
27324
27341
27383
27405
27412
27432
27462
27471
27509
27554
27586
27610
27632
27699
27700
27748
27749
27751
27791
27970
27977
27986
27998
28062
28128
28185
28209
28211
28214
28220
28263
28272
28277
28280
28305
28316
28369
28397
28399
28428
28430
28439
28440
28469
28470
28474
28494
28529
28560
28561
28618
28624
28625
28633
28634
28636
28637
28711
28721
28752
28767
28770
28771
28776
28785
28804
28814
28817
28822
28823
28824
28825
28863
28864
28889
28914
29006
29062
29092
29098
29099
29150
29159
29239
29330
29347
29439
29469
29530
29540
29546
29549
29551
29552
29611
29656
29673
29713
29735
29741
29744
29824
29833
29843
29931
29938
29947
29963
29992
30023
30053
30058
30061
30065
30150
30195
30243
30305
30317
30379
30404
30407
30451
30476
30569
30575
30623
30638
30641
30656
30680
30694
30699
30709
30745
30746
30814
30839
30865
30867
30874
30877
30908
30909
30910
31058
31094
31096
31123
31125
31164
31165
31206
31207
31212
31217
31272
31273
31281
31283
31361
31380
31387
31418
31426
31464
31506
31533
31560
31562
31592
31633
31634
31639
31642
31653
31654
31656
31657
31658
31660
31662
31664
31677
31727
31735
31758
31815
31879
31881
31953
32035
32045
32046
32076
32118
32143
32173
32174
32254
32301
32317
32333
32389
32401
32417
32419
32427
32430
32438
32448
32450
32471
32473
32485
32501
32503
32532
32564
32581
32582
32585
32589
32592
32596
32598
32601
32602
32603
32604
32667
32722
32736
32741
32743
32761
32808
32862
32928
32939
32942
32971
33010
33073
33078
33081
33123
33158
33318
33326
33327
33331
33340
33464
33480
33485
33499
33504
33511
33524
33571
33580
33589
33624
33674
33702
33712
33713
33719
33729
33733
33781
33794
33817
33827
87
301
302
304
332
333
393
404
406
408
409
410
424
425
456
457
508
510
550
581
585
587
590
592
594
597
663
665
770
774
791
793
796
809
810
828
831
846
847
862
863
864
865
866
869
871
873
876
898
916
917
919
920
926
932
1004
1018
1022
1023
1025
1026
1040
1044
1045
1056
1059
1060
1061
1074
1075
1076
1077
1089
1094
1098
1099
1100
1106
1109
1110
1111
1112
1113
1114
1115
1131
1132
1133
1139
1140
1142
1154
1171
1223
1265
1330
1331
1346
1350
1351
1352
1353
1354
1372
1378
1410
1420
1421
1422
1432
1433
1434
1435
1450
1453
1461
1464
1466
1469
1471
1477
1495
1514
1523
1554
1561
1566
1580
1584
1585
1600
1601
1609
1613
1614
1619
1620
1624
1640
1658
1683
1686
1689
1691
1697
1702
1703
1705
1716
1786
1802
1813
1827
1830
1845
1846
1852
1855
1856
1858
1870
1875
1886
1889
1893
1895
1927
1955
1960
1982
1984
1988
1997
1998
2016
2037
2053
2077
2088
2089
2091
2093
2105
2109
2111
2114
2137
2138
2150
2160
2161
2163
2164
2165
2166
2167
2169
2171
2173
2175
2179
2181
2184
2185
2187
2189
2191
2192
2193
2195
2196
2199
2201
2202
2209
2237
2241
2244
2248
2249
2254
2255
2269
2270
2271
2280
2281
2284
2294
2296
2298
2299
2300
2301
2310
2325
2335
2341
2345
2374
2436
2445
2476
2479
2485
2488
2489
2491
2492
2503
2504
2507
2512
2548
2561
2564
2565
2566
2569
2572
2573
2577
2578
2579
2580
2581
2583
2584
2602
2606
2622
2633
2640
2643
2644
2645
2646
2648
2649
2651
2652
2653
2655
2659
2699
2701
2703
2719
2741
2742
2746
2747
2748
2753
2756
2759
2760
2762
2763
2764
2765
2766
2774
2784
2785
2786
2819
2820
2821
2825
2826
2829
2836
2837
2843
2862
2866
2899
2967
2969
2974
3034
3035
3045
3046
3047
3056
3072
3085
3096
3098
3105
3113
3115
3120
3137
3138
3142
3155
3156
3157
3158
3162
3163
3166
3167
3185
3189
3191
3199
3200
3201
3213
3217
3218
3222
3225
3226
3228
3230
3231
3233
3240
3244
3252
3262
3264
3266
3276
3280
3282
3283
3285
3286
3287
3308
3315
3336
3359
3360
3362
3363
3364
3366
3367
3369
3371
3373
3374
3383
3384
3399
3402
3404
3405
3414
3415
3422
3426
3430
3435
3477
3480
3483
3487
3489
3495
3496
3497
3498
3501
3507
3515
3516
3517
3518
3519
3521
3522
3523
3529
3540
3541
3543
3550
3556
3570
3583
3584
3652
3655
3659
3662
3666
3674
3677
3698
3699
3700
3702
3703
3706
3707
3708
3718
3719
3722
3775
3787
3801
3805
3815
3817
3820
3821
3829
3849
3868
3873
3880
3881
3895
3910
3920
3922
3930
3943
3946
3947
3959
3984
3985
3987
3989
3990
4011
4023
4025
4030
4031
4032
4034
4035
4039
4043
4046
4066
4067
4070
4088
4164
4166
4173
4174
4176
4184
4186
4187
4194
4200
4203
4204
4208
4209
4224
4244
4245
4276
4284
4297
4302
4321
4322
4370
4394
4397
4428
4432
4434
4441
4444
4454
4469
4471
4476
4477
4488
4545
4546
4548
4552
4572
4573
4574
4575
4577
4579
4590
4599
4600
4603
4605
4606
4607
4609
4611
4614
4615
4618
4623
4625
4636
4641
4648
4657
4664
4667
4668
4669
4670
4671
4672
4694
4697
4699
4700
4707
4708
4713
4720
4727
4728
4729
4730
4733
4736
4739
4744
4746
4750
4751
4755
4756
4763
4764
4770
4774
4784
4786
4787
4789
4790
4791
4794
4797
4798
4801
4822
4823
4825
4827
4831
4833
4839
4845
4847
4859
4886
4889
4901
4935
4936
4937
4938
4942
4960
4973
4976
4982
4984
5000
5005
5008
5009
5011
5021
5023
5032
5061
5062
5063
5065
5072
5073
5083
5101
5108
5109
5110
5114
5115
5116
5118
5119
5120
5121
5122
5143
5144
5148
5150
5152
5153
5177
5200
5203
5204
5205
5206
