10162
10267
24288
667
27388
26349
19827
32663
33987
32896
25152
21512
32331
15031
4107
5177
26763
34181
1877
17141
2399
23234
28452
26088
9488
7682
16404
12124
18816
22220
22779
33691
26506
15010
33185
21054
23279
1926
17639
10440
26024
3429
8866
28007
15081
19660
34596
28596
34659
31814
16461
34250
9235
5788
11966
28212
10771
29490
22340
17705
34086
820
33525
33603
3595
14651
17177
13191
15015
23665
22208
4269
31994
16562
29292
23043
33282
5237
30411
28092
18659
25395
17436
33899
24106
31322
868
16175
31153
13383
16314
30272
32409
13101
32914
12691
33701
10731
25281
34366
32977
12658
33748
10797
34498
30282
34713
34056
3991
12755
15888
26203
21547
34403
17217
12509
5470
16572
11463
12862
11724
15993
25074
5815
34632
8
3789
9223
28382
20693
25741
31464
20607
22320
34520
3944
32127
22668
1777
29470
34759
3176
28449
34463
20192
15833
32088
13723
19509
9527
13759
33847
3623
5006
29650
33111
15790
27534
16800
7656
11255
30591
6916
9545
16503
31542
15230
10867
17129
22581
5283
16427
25111
33986
24628
21577
21072
34744
5509
25126
16495
34118
10463
13851
24973
18454
20033
26393
1301
10585
33127
21869
34662
2104
34641
1249
23591
33837
5574
17762
28088
14549
10307
27919
33443
24040
6846
7187
15622
26062
8962
33614
1757
23470
20106
13702
20238
12775
26795
26983
30683
34094
34539
31134
5219
875
4455
10661
15032
16103
25470
34491
21830
29707
31626
6870
9228
14669
20108
21543
22396
19009
11091
19455
33900
5447
16489
27202
32279
9589
10391
2064
12740
18713
4236
5972
18786
17203
861
10221
13808
26103
33297
15955
26165
33373
11916
23550
30533
33003
4739
22533
23326
32149
33615
2045
9304
12619
639
6813
17564
20716
32452
32904
4895
19362
1066
5188
9054
17176
32341
15988
20898
25263
26694
9256
15659
21632
22101
31253
2414
21070
3627
6760
7208
24816
31231
430
473
8498
11945
21779
15308
26006
6142
13645
20124
22106
23466
15182
19965
21382
33298
5554
7102
18260
25651
5192
5891
6538
9188
28709
6005
22036
24352
26631
29605
19732
21080
21187
30334
31878
32905
649
4277
17743
18274
3438
5077
5143
11202
14369
14567
15541
19263
28031
28750
30694
31512
8243
10916
27823
28430
33217
34415
34442
2386
9259
14334
15135
15334
30481
31324
34369
2234
2635
4005
11332
13321
13594
14859
16092
18936
19866
27950
29964
34531
3475
3834
11221
14072
23590
25639
26416
31353
33960
3193
4369
7018
22155
26477
5601
5783
13414
16288
17466
21227
23645
23871
8134
9450
13078
21011
8036
10733
12632
12681
13659
15889
16315
21085
23928
24595
27434
30372
4045
6215
12627
13679
15770
16475
25474
26749
28078
28108
31673
32852
4424
7294
8804
9049
16545
16886
17163
21845
25616
33849
34422
2387
7124
18701
18933
19408
21352
21678
23329
24089
25261
25761
26537
27090
29023
31540
1253
4512
5268
6525
7070
10067
10353
13692
15152
17728
18598
23163
23559
26158
26513
31150
1768
3651
3884
4676
15571
19830
20280
24672
25445
31214
31968
1428
2191
2258
3071
4104
7852
17074
22611
25030
30494
30584
30859
32645
1191
2640
7621
8604
9318
13715
13747
14519
14834
15543
17510
18630
18709
19667
19716
21825
22045
22151
25543
25826
28139
30962
33461
34436
272
1058
1104
3814
4025
4235
4749
4850
7345
7873
9413
10737
11188
13585
14624
16394
18173
18461
19975
20109
24420
25279
25535
26161
28826
729
1584
4717
5673
6831
6917
7450
8573
9294
12439
13162
13195
14560
18469
21566
21607
22113
23572
24299
27471
30123
30957
31173
33891
2055
2526
2745
5460
6868
7325
7834
8930
9984
10343
12608
14830
18960
23055
24961
25752
29508
30399
32253
33035
574
613
950
1437
1779
1959
2056
5678
6347
6570
7068
7071
7694
12220
14953
16568
16714
17145
17508
17877
18264
20381
21139
21458
21513
23167
23873
24018
26520
26542
27093
27330
27546
27616
27935
28742
28837
28929
29142
29152
32745
32918
1324
3182
4280
5013
5565
7893
9072
9230
10540
10662
12710
13225
13816
14130
14796
14826
14926
15226
16095
16343
16748
16951
18028
18923
20197
20281
21114
21452
21822
23623
26729
26825
27017
27607
30184
30217
31793
32064
33345
862
1077
2720
3202
3377
3480
3825
3873
4187
4830
4929
5450
6010
6331
7947
7993
8476
8671
8932
9559
10293
10297
10301
12046
13073
14441
14697
18881
18934
19218
19648
19829
20029
20494
20559
21780
22761
22928
23072
23240
23378
24414
24693
24741
24759
24972
25542
26498
27040
27473
27565
27960
28083
28876
29341
29388
30142
30956
31826
32687
34434
34645
572
606
1052
1608
1896
1897
3335
4928
5578
5908
6698
9008
9158
9831
13149
13945
14381
14434
16681
17253
17543
19585
20558
20659
21053
21111
21264
22322
22452
23502
24085
24439
25630
26015
27146
29258
29731
30502
31159
31176
31501
31725
31985
32059
32177
1039
1735
2296
2469
2678
3209
3650
3798
3815
4357
4438
4559
4672
5886
6190
6293
6727
7307
8091
8847
8968
9164
10687
11951
11961
12358
14128
14132
14190
14250
14337
15410
16024
16665
16668
17256
17846
17867
18491
18810
19011
19855
20963
24325
24829
25473
27038
27162
27853
28313
31161
32511
32552
32630
32664
32895
33371
33498
33990
34137
34300
34639
34742
34778
458
601
1566
1652
2624
2680
2811
2944
3350
4691
4820
4961
5846
5898
5996
6060
6292
7112
7645
8531
8821
9045
9920
9995
10373
10818
10953
12652
14538
14671
16044
17219
17547
17548
17723
18088
18293
18541
18781
19039
20391
21474
21905
22119
22419
23448
23943
24958
25125
25238
25388
25398
25506
25732
25919
26042
26068
27103
27828
28062
28136
28706
30420
30764
31124
31126
31369
31783
31841
32110
32299
32629
32732
33513
33972
34330
382
443
1555
1670
1842
2337
2771
3792
3850
4013
4373
4528
4750
4818
5025
5168
5433
5721
6044
6059
6337
6572
6663
6791
7404
7557
7788
8477
8631
9055
9058
9069
9138
9607
9629
10164
10242
10339
10928
11481
11629
11952
11960
12016
12626
12913
13087
13532
13572
13859
13942
14107
14463
14467
15153
15181
15356
15542
15919
16498
16575
16666
17254
17468
18095
18148
18310
19474
19888
20412
21268
21321
22144
23210
23233
23510
23766
23954
23967
25216
25231
25534
25632
26745
26847
27021
27562
27634
27667
27836
27837
27962
28074
28110
28869
29399
29431
29467
29523
29655
29660
31180
31185
31261
31284
31833
31928
31961
31967
32055
32106
32496
32650
32716
33030
33119
33170
33278
33376
33508
33638
34213
34217
34597
678
787
840
898
1083
1409
1988
2424
2890
3068
3276
3620
3849
4016
4177
4208
4388
4548
4631
4721
4846
4930
5001
5145
5226
5262
5285
5391
5485
5825
6024
6032
6109
6348
6792
7326
7464
7592
7609
7974
8127
8182
8213
8680
8934
9116
9537
9560
9622
9782
9854
9860
9867
10055
10414
10466
10912
11159
11183
11319
12353
12393
12894
12965
13096
13305
13812
13864
14325
14406
14583
14633
14970
15806
16081
16360
16451
16565
16661
17051
17116
17202
17527
17609
17921
18806
19093
19154
20185
20232
20596
21224
21472
21473
21557
21708
21774
22117
22274
22476
22600
22698
23401
23569
23603
23641
23671
23788
23899
24111
24119
24224
24237
24943
25145
25223
25552
25780
25831
25856
26248
26272
26275
26424
26517
26844
26914
27010
27160
27705
28413
28464
28624
28758
29607
29722
29775
29866
29924
30117
30118
30119
30310
30367
30587
31072
31715
31724
32081
32635
32668
32669
32672
33060
33089
33226
33810
33916
34187
34230
76
78
269
822
1061
1102
1381
1905
2159
2392
2468
2671
2679
2754
2841
2905
3299
3386
3389
3551
3555
3567
3790
3810
3897
3968
3969
3972
3973
4019
4024
4232
4354
4374
4562
4568
4612
4697
4771
4803
4869
4937
5008
5012
5056
5079
5100
5139
5183
5449
5492
5538
5653
5821
5829
5831
5984
6006
6294
6458
6459
6504
6616
6628
6670
6708
6874
7078
7149
7479
7646
7987
8000
8097
8256
8399
8401
8512
8588
8630
8873
8895
9000
9039
9076
9079
9081
9422
9427
9490
9766
9797
9862
10328
10381
10442
10517
10534
10741
10805
10809
11327
11560
11619
11635
11758
11797
11909
11918
11929
12081
12125
12336
12400
12425
12429
12517
12622
12682
12734
12843
12885
12892
12912
12929
12957
12964
13067
13139
13537
13554
13676
13920
14034
14071
14135
14141
14178
14216
14320
14443
14552
14628
14745
14890
15008
15011
15191
15373
15444
15465
15520
15922
16087
16317
16423
16433
16616
16663
16751
17024
17034
17495
17534
17812
17843
18180
18357
18460
18528
18646
18761
18785
18890
19174
19182
19204
19392
19818
19900
20024
20074
20076
20085
20357
20472
20488
20525
20590
20718
20719
20720
20722
21002
21173
21188
21322
21575
21781
22199
22308
22378
22599
22760
22795
22936
23046
23067
23123
23138
23166
23203
23464
23549
23714
23738
23773
23774
24201
24241
24263
24298
24402
24674
24839
24850
24950
25257
25268
25291
25311
25312
25475
25489
25495
25767
25861
26098
26331
26569
26653
27072
27088
27451
27452
27453
27583
27669
27848
28111
28186
28324
28696
28848
28958
29046
29122
29185
29280
29282
29573
29632
29752
30208
30287
30298
30395
30611
30620
30627
30643
31078
31143
31179
31471
31757
31780
31929
31991
32345
32613
32908
33079
33177
33385
33539
33870
33906
34219
34259
34335
111
291
331
416
432
657
860
919
929
1124
1167
1382
1490
1549
1569
1655
1664
1681
1702
1855
1870
1890
1967
2044
2061
2122
2126
2215
2279
2284
2327
2336
2344
2391
2411
2419
2423
2532
2599
2606
2674
2676
2688
2749
2760
2898
3157
3188
3260
3328
3353
3382
3383
3388
3434
3441
3464
3465
3527
3605
3621
3647
3727
3754
3773
3808
3869
3984
4026
4070
4076
4079
4158
4249
4276
4307
4363
4389
4393
4400
4436
4493
4495
4499
4501
4510
4577
4630
4673
4732
4756
4767
4880
4881
5014
5043
5131
5303
5313
5558
5662
5832
5845
5889
5922
6144
6197
6225
6245
6256
6297
6333
6477
6589
6657
6681
6682
6685
6948
7090
7108
7130
7142
7146
7151
7446
7451
7544
7688
7815
7939
7942
7968
8136
8142
8144
8209
8377
8400
8463
8465
8504
8664
8842
8913
8924
8931
8944
8949
9001
9023
9031
9047
9064
9106
9238
9293
9298
9368
9394
9557
9558
9561
9562
9564
9565
9769
9781
9784
9796
9798
9799
9802
9804
9806
9850
9863
9864
9872
9876
9931
10197
10284
10487
10537
10554
10651
10696
11096
11306
11330
11478
11479
11557
11563
11763
11776
11847
11861
11884
11899
12077
12156
12210
12234
12242
12270
12350
12380
12402
12404
12565
12617
12624
12659
12796
12898
12899
12903
12946
13025
13257
13262
13454
13488
13489
13490
13552
13613
13618
13635
13656
13708
13810
13872
13902
13938
14000
14025
14186
14221
14224
14305
14357
14360
14361
14362
14371
14678
14739
14742
14763
14927
15264
15315
15325
15347
15376
15441
15462
15466
15468
15521
15522
15559
15621
15700
15966
15973
16089
16093
16158
16159
16170
16220
16305
16308
16309
16311
16312
16354
16393
16499
16620
16670
16706
16707
16768
16877
16880
16943
17198
17260
17280
17281
17507
17681
17690
17714
17733
17804
17825
17872
17875
17879
18163
18176
18333
18431
18500
18556
18559
18587
18590
18698
18782
18793
18815
18993
19147
19152
19168
19387
19397
19403
19485
19645
20011
20027
20054
20078
20128
20183
20278
20284
20285
20286
20329
20350
20359
20361
20363
20407
20567
20570
20585
20587
20588
20597
20613
20664
20835
20877
20936
21058
21099
21164
21185
21204
21215
21238
21278
21331
21332
21395
21419
21673
21828
21946
21973
22233
22235
22307
22598
22732
22854
22933
22934
22947
22988
23105
23122
23175
23338
23520
23553
23903
23906
24175
24234
24280
24287
24305
24354
24410
24599
24618
24670
24814
24827
24847
24939
24964
24967
25183
25222
25331
25384
25385
25438
25440
25560
25623
25658
25848
25875
25882
25991
26013
26060
26093
26128
26193
26233
26574
26640
26733
26752
26794
26805
27077
27099
27105
27129
27185
27213
27331
27334
27336
27353
27506
27588
27659
27821
27835
27843
27861
27864
27876
27908
27924
27953
27973
27993
28064
28077
28080
28082
28149
28263
28323
28421
28609
28611
28756
28773
28831
28878
28886
28956
28964
28987
29160
29203
29307
29309
29323
29324
29328
29469
29520
29522
29527
29528
29535
29615
29622
29635
29971
30120
30277
30284
30435
30437
30606
30721
30802
30847
30852
30855
30951
31068
31340
31678
31679
31680
31717
31750
31773
31774
31777
31797
31870
31876
31892
31925
31958
31998
32043
32044
32313
32314
32448
32488
32518
32519
32609
32845
32995
33057
33202
33334
33335
33343
33344
33363
33378
33379
33381
33387
33391
33392
33393
33397
33400
33418
33420
33423
33481
33496
33510
33516
33518
33519
33526
33528
33592
33669
33820
33926
33979
34069
34212
34216
34264
34271
34396
34591
34592
34594
34781
328
329
350
433
515
769
788
799
817
865
869
935
1041
1062
1063
1084
1128
1166
1169
1174
1175
1177
1459
1471
1472
1474
1492
1502
1506
1657
1720
1745
1751
1753
1864
1915
1922
1949
1956
2048
2221
2250
2251
2253
2254
2257
2261
2262
2268
2273
2278
2280
2289
2292
2294
2341
2348
2363
2364
2390
2403
2404
2421
2531
2589
2591
2593
2672
2682
2683
2694
2695
2758
2775
2836
2855
2862
2872
2875
2884
2897
2900
2933
2936
2941
2970
3144
3255
3258
3264
3292
3304
3313
3324
3330
3379
3381
3387
3442
3443
3450
3477
3561
3575
3577
3578
3587
3596
3603
3622
3663
3778
3779
3780
3787
3800
3874
3895
3908
3982
3983
4043
4099
4117
4153
4154
4155
4263
4265
4268
4314
4321
4342
4359
4376
4416
4420
4474
4547
4563
4671
4687
4699
4707
4715
4754
4755
4761
4763
4795
4796
4802
4823
4829
4835
4836
4852
4853
4861
4876
4879
4882
4887
4891
4904
4905
4925
4933
5009
5011
5046
5052
5071
5075
5078
5138
5141
5142
5150
5156
5187
5195
5196
5199
5200
5209
5216
