1
30131
30066
33810
35699
32757
36503
2414
36418
36626
34278
36451
32789
9501
35830
35786
8799
19431
9533
17244
36309
3276
8498
32015
31485
11322
8228
6516
1539
1479
26996
20333
29567
36471
25347
27369
17510
9732
15220
36361
18900
17963
8087
35965
17572
32378
12015
4716
7980
21792
13590
24016
17110
28995
30126
17186
18335
11611
20082
30079
9909
169
28725
36034
24626
14164
33894
8293
8299
20928
34617
35110
29197
20020
11415
29134
9593
18588
6021
36008
13049
36302
26854
21475
18401
3167
32690
10087
22930
17105
5647
2201
30325
14600
20580
33498
36507
4254
525
14665
6826
26103
2427
35879
19692
1535
9631
29628
35646
36067
31176
27430
7034
4257
34826
31066
36353
36330
34139
1542
12013
2270
10067
13526
11394
6301
30818
18407
24547
7990
34550
2403
7850
15068
13359
11636
36094
3235
27440
30785
25502
27864
33382
35645
14775
19584
6376
7175
31430
14812
26204
36591
24489
16049
1640
22615
34571
1624
24947
19226
19795
32825
27700
18988
8147
21903
5987
6136
35001
9226
9674
21178
22433
1184
6570
36442
14093
14423
12637
17408
20767
29682
29753
13306
36099
8481
2957
9018
24757
9265
4918
16501
35149
19110
35266
8807
28504
35534
16589
30848
5977
11655
6027
86
19294
35952
10065
30134
32175
33149
3649
27866
28137
898
3495
1908
21361
16
10120
16500
34554
696
21649
21817
28547
35703
1837
35620
1722
5696
14422
3420
4723
18239
20931
28571
29313
35163
28188
31386
36069
27272
32536
678
5787
6477
19022
25020
33419
12485
33828
8019
21954
23717
6974
12197
28198
25198
36594
4300
6017
13732
28791
36575
1397
2676
7453
12137
13822
20700
7494
15409
14698
18915
9254
23757
3130
5852
20078
2103
4082
18196
19812
952
2147
2586
7454
24383
16705
16934
12406
23715
26818
28645
6814
7606
11352
16428
19459
8177
32672
10178
11505
18733
32068
4330
4834
32438
36343
36569
3250
7398
21883
1243
12044
32897
28124
28841
33725
1632
2950
6496
8796
26966
163
586
6727
10254
10305
14915
30334
3102
4787
11572
16250
36522
3513
7113
19004
25864
27
905
25045
27494
31190
32468
33747
35025
264
1445
1891
2880
5090
31879
428
1761
2085
6243
20803
7811
14532
24216
36198
15236
15597
17629
27446
3201
3853
5665
6911
7197
12166
20882
32542
816
3412
4682
6963
11545
18985
3488
9243
14746
24212
10819
11325
11889
12800
23279
25565
26197
28657
2098
4169
14392
16000
20964
23034
23692
27230
30309
33571
844
1598
13897
18739
25192
1059
3053
4883
6415
10132
17665
23338
25693
32320
36598
13699
16556
17281
23249
26440
1560
1744
3530
5706
16835
19856
21700
32817
919
1649
6740
7724
9304
14825
16069
16772
17241
29787
5124
5145
7898
10783
11645
13305
17533
29782
32582
33544
35276
1321
1748
6254
7920
10476
14310
16109
20703
21418
26057
26397
658
661
3609
7289
8265
10383
14318
17643
17784
17998
21520
23548
32810
36590
2097
5362
7315
9607
9974
16081
16988
17469
19347
23156
29860
30082
34539
36546
303
813
956
1028
3904
11671
12442
12497
14673
14888
15573
17771
18685
30280
30469
31906
36585
1380
2852
3764
4616
4874
5010
5175
5708
8298
10763
12134
17739
18260
24284
30306
30584
5416
6096
6832
7591
7820
11108
17838
22596
25157
2477
2884
6154
12104
12758
15738
19690
20712
22479
22490
26517
26518
26853
34436
3066
4531
5984
6129
9025
12250
12942
15737
17769
20779
33929
1418
2487
9828
10874
11982
12332
12374
13148
14787
17908
18100
19957
22771
23355
1986
3065
4485
4976
8701
15993
18110
19546
20550
21877
26571
1118
1451
3100
5029
5596
6255
10137
10448
12617
15092
17052
17766
19278
19573
20969
24863
25460
26730
27716
28352
36360
4722
4735
6229
8194
10179
12804
14023
16982
17019
21018
21902
23342
28343
31307
31387
33601
36398
2064
3129
3945
4148
5237
6162
8449
10792
11210
12000
14905
16034
18926
25056
26784
28494
29302
34379
36405
1138
3256
5484
7797
8097
10458
10800
19419
28824
32616
719
5439
7099
8946
10797
11428
16548
17758
19415
21922
21960
25847
28406
30434
32834
33281
505
916
1074
1385
1824
2714
3348
5103
6160
6750
7045
7192
7322
9609
11328
12443
12864
16029
17893
18952
21318
21417
22524
25206
28773
28813
29793
31423
31721
32583
35922
36137
82
691
1135
2519
4150
5026
5447
5885
6960
7194
7490
8464
10431
14223
17208
17416
27045
27511
28391
29324
32255
34022
34180
36344
1352
2074
4388
6040
6711
12109
12912
14660
16062
16511
17035
17582
19736
19843
23020
23221
25895
28234
29176
36411
972
1140
2112
2469
3814
4314
7810
9563
9608
10518
10975
13327
14100
14682
14789
14846
14982
15096
16467
17556
19656
19753
19842
21183
21420
26462
29582
29799
30320
30363
32138
33827
34355
34989
1226
7008
7388
8728
9822
11209
11272
11683
12112
13247
13287
15949
16293
16378
17126
18609
18925
20398
20659
20687
20888
24484
24485
26202
26628
28156
28559
29600
32048
32550
1036
1235
2568
3079
3827
4859
5649
5862
6311
7801
9003
9106
11615
11975
14424
14609
15894
16023
17419
17929
19007
19938
20517
20652
20957
22255
22976
24320
24993
25124
25510
26054
27387
30362
32260
32850
33226
33392
33529
34773
35422
36651
772
2274
3041
3126
3758
4907
6300
10721
11726
11729
12520
14670
16808
17010
18678
20513
21718
22062
24245
24709
25102
26108
26435
27411
28302
29014
29717
30921
31902
34035
35539
35610
36617
72
630
1531
1765
2243
3182
3369
4529
6938
7849
8242
8999
9946
10413
11408
11517
14443
14802
16158
18594
20863
23175
23696
23738
25282
26321
27267
27801
28694
31968
33378
33816
36288
36552
36560
771
1406
2034
3818
4953
6075
7929
8184
8229
9268
9837
9853
10740
10760
11453
11698
13296
13639
13843
14334
14409
14630
15012
16085
17092
18405
18529
19387
19507
22455
25098
28425
28435
29958
30155
30216
30993
31210
31408
33993
36553
463
627
1086
1530
2163
2461
3006
3630
3692
3861
4325
4917
5795
6010
6216
7742
8102
8806
9781
9905
12087
12302
12806
12852
12969
13169
13246
13914
14042
14258
14458
14671
14747
14751
15823
16342
18093
18615
18816
19021
19368
19491
19993
20984
21259
21501
23624
23976
24268
24590
24640
25370
25613
25635
27075
28108
28744
29647
29953
30275
30509
30609
34036
36414
951
1126
1244
1447
1678
1749
2077
2505
2717
2988
5771
5785
7035
7320
8801
10891
11105
11452
11981
13107
13187
13617
14612
14947
14998
16396
16777
17465
17991
18101
18437
18980
19042
19047
20400
20941
21173
22123
22783
22885
23705
23838
24099
24117
24201
25570
25926
26062
26283
27312
27375
27821
28776
29101
29185
29187
29280
30555
31865
31900
32398
33409
34540
34698
35380
35382
35525
35655
36433
973
3568
4212
4620
5332
5666
5791
5849
5922
6000
7074
8388
8458
10142
10564
10718
11694
12236
12539
12639
13940
14540
14793
16188
17020
17478
18142
18435
18825
19980
20162
20329
20455
20506
20532
23155
23274
23340
24255
25275
25691
26898
27465
27471
27752
27855
28553
29917
30287
32660
33376
33517
34739
35377
623
1245
1667
1696
1755
2050
3074
3343
3616
3772
3859
4006
4088
4100
4324
4352
5618
5851
6110
6247
6309
6632
6870
7307
7391
8873
10180
10288
10633
11500
12020
12489
12798
13038
13465
13828
14757
14765
15595
15992
16073
16090
17463
17576
17622
17728
18290
18639
19095
19101
19400
19527
20027
20292
20428
21014
21146
21284
21285
21491
21650
21685
22614
22638
22645
23895
24211
24521
25568
25759
27294
27373
27444
28011
28077
28214
29029
29333
29347
29539
30305
30497
31222
31823
31959
31980
32137
32447
32977
33342
33515
33622
33780
33886
34034
34081
34304
35263
35881
36375
49
568
1151
1773
2349
2693
3270
3424
3843
3897
3971
4052
4081
4206
4347
5263
5365
5391
5669
5689
5887
6138
6515
7057
7122
7123
7491
8149
8305
8373
9194
9233
9273
10003
10116
10171
10355
10813
10841
11529
11716
11912
12129
12196
12376
12431
12999
13482
13773
13821
15045
15437
15720
15843
15943
16095
16135
16431
16816
16944
17059
17078
17170
17753
17765
17936
18446
18975
18977
18991
19333
19378
19603
19760
20271
20721
20735
20808
21442
21585
22335
23104
23659
23713
25100
25159
25495
25871
26225
27118
27119
27563
27719
28219
28257
28354
28437
28742
29006
29752
30274
30590
31103
31191
31411
31776
31904
32838
33969
34215
34905
36329
36632
622
724
751
1010
1085
1158
1162
1215
1547
2149
2330
2458
2460
2503
2609
3076
3096
3392
3780
3910
4029
4579
4634
4690
4710
4950
5018
5094
5294
5317
5812
7268
7721
7942
7943
8659
9267
9494
9803
9838
10651
10682
10881
10895
11049
11478
11828
12022
12040
12042
12110
12118
12405
12719
12775
13137
13632
13837
14651
15729
15858
16094
16310
16642
16845
16901
17178
17690
17884
17905
17907
17983
18310
18432
18502
18652
18700
18774
18994
19108
19574
20074
20541
21093
21525
22231
22440
22562
22751
23087
23637
23754
23800
23891
23899
23906
24026
24089
24261
24975
25508
26236
26443
26461
26504
26559
27409
27472
27474
27977
28519
29271
29291
29292
29902
30900
30989
31414
31478
31556
31891
31901
32593
33027
33179
33470
33506
33905
34080
34239
34376
34456
35277
36416
639
687
689
1038
1088
1483
1616
2366
2590
2704
2875
2983
3024
3682
3710
3736
3862
4009
4110
4175
4474
4498
4580
4624
4728
4888
4911
5047
5051
5291
5316
5444
6024
6242
6266
6533
6728
6833
6856
7033
7431
7668
7800
7806
7893
7964
8121
8213
8450
9029
9386
9739
9811
10264
10459
10465
10493
10546
10872
10889
11185
11323
11797
12193
12379
12661
12705
12803
13034
13130
13490
13649
13827
13865
13918
14020
14421
14471
14489
14684
14819
14843
15061
15225
15553
15757
15764
15859
15953
15977
16065
16110
16220
16451
16770
16776
17074
17115
17551
17752
18075
18082
18133
18161
18434
18456
18565
18575
18714
18972
19079
19907
19976
20557
20758
20878
20932
21254
21435
21583
21880
22058
22147
22226
22323
22623
22981
23609
23669
23729
23740
24447
24831
24835
24951
24991
25147
25366
25669
25834
25955
26026
26568
26631
26880
26902
27094
27120
27256
27523
27924
27937
28026
28212
28304
28368
28649
28759
29041
29327
29566
29608
29798
30618
31283
31303
31385
31389
31668
31970
31972
32071
32102
32274
32323
32324
32326
32423
32775
33044
33413
33487
33641
33906
34159
34753
35438
35500
35946
35989
404
438
686
738
793
971
1069
1122
1411
1425
1617
1630
1851
1898
2207
2272
2367
2429
2710
2723
3052
3127
3136
3271
3322
3382
3618
3640
3752
3804
3915
3980
4000
4026
4064
4070
4117
4277
4310
4429
4430
4527
4686
4717
4887
4938
5220
5248
5457
6001
6120
6132
6155
6422
6502
6591
6708
6810
6818
7003
7149
7297
7816
8010
8101
8145
8372
8507
8662
8713
8914
9063
9120
9131
9344
9449
9564
9575
9808
9825
9827
9955
10026
10558
10680
10780
10892
10894
10924
11157
11188
11227
11399
11448
11455
11641
11659
11798
12228
12526
12541
12582
12783
13061
13062
13086
13204
13498
14191
14235
14591
14632
14876
15306
15326
15451
15778
15966
15997
16344
16487
16726
16817
16975
17037
17055
17124
17224
17762
17904
17949
18034
18111
18167
18174
18420
18430
18460
18510
18620
18955
18966
18997
19201
19488
19726
19834
20006
20108
20319
20458
20614
20898
20938
21094
21120
21279
21582
22186
22348
24122
24133
24240
24615
24637
24859
24869
24963
25063
25153
25277
25278
25279
25280
25739
25754
25897
26058
26253
26319
26394
26781
26798
26884
26950
26990
27042
27335
27429
27435
27596
27694
27713
27999
28546
28837
28862
29245
29312
29345
29642
29748
29932
29952
30061
30109
30407
30597
30614
30742
30995
31730
31736
31750
31995
32070
32165
32356
32645
32820
32942
32974
33050
33377
33391
33412
33885
33989
34434
34682
34704
34843
34851
34974
34988
34997
35432
35437
35653
35930
35972
35984
35991
36415
222
274
384
729
730
760
769
897
1077
1205
1224
1252
1363
1388
1427
1572
1580
1660
1787
1871
2245
2269
2286
2352
2435
2650
2816
3037
3137
3195
3209
3280
3401
3416
3494
3522
3536
3563
3667
3729
3914
3979
4203
4558
4630
4637
4704
4724
4766
4893
5045
5046
5055
5066
5113
5197
5227
5259
5270
5271
5315
5333
5334
5335
5440
5472
5499
5752
5850
5864
6016
6246
6292
6306
6431
6563
6564
6568
6816
6840
6893
7130
7215
7387
7396
7572
7726
7826
7971
8183
8326
8393
8473
8533
9048
9382
9668
9677
9710
9794
9804
9823
10111
10173
10350
10397
10696
10711
10900
11094
11146
11213
11248
11549
11609
11829
11987
11993
12006
12111
12146
12205
12217
12231
12393
13129
13172
13437
13536
13600
13630
13663
13689
13724
13791
13804
13862
13990
14019
14122
14295
14457
14601
14619
14654
14688
14699
14700
14734
14889
14890
15135
15685
15865
15972
15996
16097
16101
16237
16429
16549
16652
16681
16728
16886
17048
17069
17093
17275
17373
17477
17564
17591
17607
17716
17717
17719
17824
17924
17933
17948
17951
17962
18076
18185
18317
18318
18322
18474
18475
18521
18611
18665
18861
18876
18877
18944
19070
19337
19355
19482
19528
19529
19661
19685
19776
20095
20139
20165
20197
20228
20230
20315
20502
20525
20625
20940
21073
21287
21439
21443
21514
21716
21729
21829
21846
21962
22036
22128
22682
22818
22819
22980
23182
23218
23223
23410
23574
23626
23726
23831
23999
24049
24322
24600
24601
24602
24607
24638
24651
24782
24806
24856
24860
24936
24967
25207
25235
25464
25954
26045
26444
26445
26508
26621
26716
26717
27060
27141
27212
27501
27630
28048
28102
28123
28148
28275
28318
29030
29283
29467
29546
29571
29603
29678
29736
29873
29951
30008
30110
30150
30242
30288
30517
30556
30622
30962
30990
31200
31225
31266
31323
31555
31870
31915
32178
32181
32249
32355
32419
32436
32599
32706
32819
32896
32999
33019
33077
33134
33228
33511
33795
33960
34066
34070
34478
34686
35383
35433
35439
35458
35470
35471
35501
35518
35637
35730
35734
36139
36140
36141
36255
36369
36388
36400
36406
36469
79
80
150
322
426
688
776
831
886
984
1182
1253
1311
1410
1449
1470
1505
1512
1520
1557
1561
1567
1583
1663
1665
1670
1681
1726
1771
1772
1774
1818
1872
2046
2047
2202
2275
2356
2372
2488
2537
2684
2815
2868
2869
2901
2902
2962
3017
3020
3023
3060
3161
3162
3361
3385
3466
3596
3652
3654
3720
3842
3867
3898
3909
3934
3987
4002
4003
4057
4139
4204
4208
4274
4291
4348
4355
4381
4438
4452
4468
4499
4562
4582
4631
4643
4800
4844
4854
4856
4880
4945
4961
4987
5006
5073
5250
5272
5286
5331
5404
5415
5446
5449
5556
5589
5616
5625
5662
5765
5809
5866
6006
6018
6045
6204
6226
6361
6411
6441
6473
6479
6541
6606
6612
6628
6653
6673
6699
6970
6997
7018
7176
7210
7310
7397
7430
7512
7526
7620
7649
7739
7812
7959
7978
8007
8342
8392
8399
8629
8630
8646
8668
8816
8954
9005
9059
9086
9093
9094
9114
9144
9198
9242
9301
9539
9540
9573
9645
9678
9689
9690
9754
9829
9878
9884
9906
9912
9913
9914
10009
10018
10031
10182
10210
10213
10246
10345
10349
10513
10817
10818
10896
10932
10953
11239
11403
11506
11560
11564
11710
11776
11822
11823
11825
11830
11831
11834
11840
11880
11916
12016
12179
12213
12237
12305
12445
12446
12476
12482
12572
12625
12635
12681
12689
12733
12862
12863
12881
12928
13007
13082
13128
13175
13184
13195
13197
13236
13458
13484
13501
13530
13618
13622
13666
13860
13889
13987
14110
14184
14188
14197
14236
14239
14257
14321
14345
14373
14427
14434
14514
14527
14574
14588
14605
14615
14653
14737
14763
14781
14788
14792
14877
14897
14962
14978
15018
15088
15227
15297
15483
15697
15775
15833
15855
15888
15964
16008
16017
16021
16156
16317
16321
16332
16399
16468
16674
16771
16810
17050
17073
17114
17194
17223
17250
17251
17271
17287
17431
17439
17518
17683
17802
17805
17831
17836
17887
17961
17971
18040
18055
18300
18301
18332
18458
18473
18476
18607
18668
18698
18718
18884
18949
18963
19017
19050
19051
19052
19059
19061
19142
19154
19158
19194
19467
19469
19500
19543
19548
19565
19618
19626
19627
19628
19802
19838
19906
19962
19988
19990
19991
20143
20145
20173
20196
20212
20318
20330
20431
20435
20501
20510
20771
20871
20919
20937
21319
21462
21556
21871
21873
21876
22037
22119
22138
22145
22282
22291
22423
22428
22443
22545
22720
22721
22722
22757
22844
22928
22940
22944
23068
23100
23120
23136
23181
23199
23347
23520
23554
23617
23635
23664
23677
23723
23843
24048
24072
24119
24377
24397
24498
24499
24579
24624
24913
24935
25068
25083
25097
25361
25469
25471
25603
25616
25660
25696
25738
25788
25882
25933
25963
26255
26320
26325
26326
26327
26629
26632
26715
26763
26901
26942
26968
26969
27102
27117
27188
27202
27248
27271
27302
27345
27549
27613
27655
27774
27781
27817
27925
27927
27949
28152
28160
28184
28315
28322
28426
28474
28501
28542
28583
28703
28727
28753
28898
28899
28900
28901
29156
29172
29228
29415
29482
29570
29574
29629
29638
29679
29709
29711
29745
29777
29854
29999
30020
30168
30238
30244
30300
30337
30345
30349
30364
30392
30401
30406
30567
30649
30715
30760
30761
30762
30795
30796
30797
30831
30846
30901
31008
31085
31102
31170
31194
31326
31492
31500
31575
31589
31667
31720
31728
31834
31948
32056
32063
32069
32077
32120
32164
32313
32382
32415
32566
32573
32738
32747
32867
32868
32964
33004
33018
33049
33212
33222
33263
33264
33501
33690
33699
33732
33763
33870
33915
34044
34173
34192
34254
34442
34443
34476
34477
34495
34496
34551
34632
34681
34718
34786
34795
34801
34809
34884
34890
35008
35113
35140
35146
35151
35165
35209
35358
35455
35495
35503
35682
35889
35927
35998
36132
36149
36226
36362
36403
36545
36620
106
109
127
192
204
287
376
400
411
440
474
482
533
564
684
685
699
722
723
762
823
845
846
907
908
909
927
955
959
961
963
983
986
1004
1005
1044
1061
1073
1082
1102
1103
1107
1108
1113
1114
1144
1145
1160
1192
1247
1289
1308
1309
1526
1527
1528
1544
1558
1600
1601
1662
1684
1715
1716
1717
1758
1767
1775
1835
1857
1873
1880
1906
1988
1989
2014
2017
2018
2019
2037
2056
2058
2086
2087
2090
2091
2092
2117
2169
2225
2226
2255
2256
2279
2294
2383
2408
2430
2446
2516
2567
2574
2613
2624
2627
2634
2635
2643
2644
2705
2759
2760
2762
2763
2764
2765
2766
2767
2778
2780
2781
2782
2783
2784
2785
2789
2790
2791
2792
2793
2794
2795
2797
2811
2828
2830
2853
2855
2896
2941
2946
2947
2948
2960
2963
3040
3047
3048
3104
3144
3221
3312
3314
3340
3358
3415
3439
3440
3446
3475
3476
3481
3490
3516
3521
3523
3571
3573
3574
3581
3597
3598
3599
3617
3620
3638
3711
3718
3727
3728
3753
3757
3777
3799
3815
3821
3907
3926
3932
3947
3958
3959
3960
3988
4020
4067
4172
4188
4240
4241
4244
4245
4246
4247
4248
4269
4270
4271
4272
4273
4279
4280
4281
4282
4283
4311
4335
4439
4441
4442
4453
4472
4528
4565
4590
4591
4613
4639
4663
4664
4665
4666
4695
4696
4697
4737
4777
4798
4805
4838
4857
4861
4869
4875
4877
4894
4909
4934
4947
4948
4964
5082
5093
5144
5146
5190
5202
5225
5265
5273
5299
5377
5392
5393
5394
5417
5474
5476
5501
5555
5560
5561
5562
5563
5575
5610
5612
5635
5702
5712
5723
5732
5810
5819
5839
5859
5860
5863
5865
5890
5931
5965
5966
6107
6139
6176
6177
6200
6215
6220
6291
6293
6326
6327
6364
6396
6398
6400
6409
6442
6453
6506
6508
6511
6512
6513
6518
6546
6547
6553
6584
6585
6607
6640
6661
6690
6726
6737
6819
6831
6858
6859
6892
6953
6981
7001
7007
7144
7148
7156
7157
7158
7159
7160
7203
7286
7355
7356
7357
7365
7366
7367
7390
7393
7417
7418
7669
7670
7705
7719
7743
7864
7866
7890
7934
7981
7995
8012
8013
8042
8066
8154
8155
8162
8172
8175
8197
8198
8204
8219
8283
8343
8347
8359
8414
8415
8433
8434
8476
8477
8484
8485
8489
8501
8506
8516
8521
8559
8590
8606
8638
8661
8667
8695
8708
8815
8819
8867
8892
8910
8986
9051
9083
9092
9154
9162
9292
9293
9299
9331
9365
9417
9457
9541
9558
9560
9561
9634
9638
9646
9680
9774
9802
9810
9876
9880
9882
9885
9886
9888
9889
9892
9903
9908
9915
9959
9980
9986
10027
10028
10029
10032
10082
10097
10098
10118
10152
10170
10202
10205
10209
10295
10307
10308
10310
10311
10517
10521
10522
10525
10528
10529
10530
10531
10532
10533
10534
10535
10536
10537
10538
10547
10549
10550
10552
10557
10606
10738
10795
10796
10798
10799
10801
10804
10809
10810
10811
10815
10821
10825
10826
10873
10901
10905
10908
10921
10984
10992
10993
11219
11297
11308
11354
11435
11541
11600
11652
11662
11734
11743
11790
11827
11832
11833
11923
11934
11935
11937
11959
12021
12041
12103
12132
12350
12354
12383
12386
12387
12403
12408
12514
12524
12528
12546
12549
12597
12645
12660
12755
12774
12838
12850
12870
12951
12964
13024
13032
13080
13081
13145
13146
13183
13210
13211
13214
13216
13262
13421
13422
13423
13506
13512
13515
13546
13610
13611
13612
13613
13614
13615
13616
13629
13631
13665
13667
13704
13755
13756
13835
13858
13859
13969
13970
14107
14108
14162
14167
14171
14185
14195
14196
14198
14201
14237
14238
14244
14245
14322
14325
14368
14370
14372
14442
14454
14477
14509
14516
14603
14621
14637
14641
14695
14705
14738
14790
14807
14813
14870
14922
14923
14944
14999
15095
15273
15302
15303
15304
15377
15382
15383
15397
15400
15504
15505
15594
15605
15607
15708
15725
15731
15806
15811
15818
15820
15832
15884
15902
15905
15931
15954
16045
16130
16152
16154
16192
16197
16198
16205
16240
16245
16277
16340
16385
16401
16450
16469
16481
16488
16509
16510
16525
16558
16596
16616
16682
16683
16714
16738
16779
16780
16850
16891
16919
16956
16999
17070
17091
17094
17128
17133
17155
17166
17245
17257
17258
17264
17265
17267
17268
17269
17316
17340
17341
17342
17343
17344
17345
17346
17347
17348
17349
17350
17351
17381
17387
17415
17434
17435
17486
17491
17522
17523
17590
17616
17617
17682
17689
17714
17829
17833
17834
17840
17889
17900
17901
17902
17903
17914
17915
17960
17982
17996
18010
18011
18018
18033
18095
18165
18222
18232
18266
18270
18271
18273
18288
18289
18320
18368
18382
18398
18413
18415
18416
18418
18451
18466
18523
18530
18534
18535
18536
18610
18667
18703
18704
18707
18725
18734
18756
18794
18801
18804
18815
18935
18990
19028
19043
19049
19054
19055
19062
19080
19116
19175
19216
19220
19221
19222
19223
19309
19343
19367
19371
19410
19414
19430
19464
19465
19508
19516
19520
19522
19582
19597
19642
19648
19649
19667
19683
19691
19792
19845
19860
19873
19905
19948
19959
19969
20062
20102
20106
20208
20209
20227
20258
20290
20331
20332
20399
20475
20476
20507
20560
20562
20564
20569
20574
20670
20681
20682
20726
20727
20879
20886
20935
21030
21100
21107
21136
21137
21141
21145
21197
21238
21260
21298
21315
21320
21338
21340
21349
21394
21408
21446
21480
21517
21518
21610
21622
21677
21680
21682
21690
21714
21741
21742
21864
21866
21897
21929
21961
22028
22049
22066
22126
22152
22163
22164
22169
22201
22251
22253
22258
22262
22263
22281
22316
22347
22381
22396
22480
22539
22549
22569
22575
22597
22612
22893
22937
22979
22995
23024
23105
23107
23138
23139
23141
23147
23151
23185
23187
23191
23243
23303
23352
23377
23380
23382
23411
23435
23436
23437
23447
23473
23523
23541
23543
23565
23595
23602
23663
23712
23814
23903
23907
23909
23987
24066
24091
24093
24111
24125
24181
24199
24200
24225
24259
24439
24461
24505
24699
24700
24756
24775
24808
24855
24868
24878
24891
24938
24946
24948
24953
24980
24981
24990
24994
25026
25043
25065
25134
25162
25171
25186
25230
25276
25286
25300
25318
25337
25344
25369
25374
25468
25472
25488
25520
25588
25590
25615
25622
25640
25641
25642
25646
25647
25652
25709
25727
25735
25762
25763
25769
25770
25902
25903
25911
25917
25948
25968
25969
25970
25971
25990
25992
26019
26022
26023
26069
26073
26113
26114
26116
26117
26119
26121
26141
26181
26199
26222
26248
26249
26250
26251
26252
26262
26284
26362
26364
26420
26490
26494
26532
26550
26551
26611
26626
26698
26721
26723
26773
26791
26916
26920
26995
27000
27069
27101
27103
27104
27105
27108
27124
27252
27330
27336
27337
27338
27339
27347
27366
27372
27519
27537
27538
27545
27675
27701
27761
27790
27848
27918
27928
27929
27950
27967
28021
28027
28031
28110
28122
28151
28155
28159
28171
28177
28218
28255
28256
28258
28260
28263
28313
28341
28361
28376
28405
28476
28673
28679
28705
28814
28833
28848
28868
28872
28877
28896
28897
28963
29020
29047
29048
29049
29052
29074
29133
29137
29192
29211
29229
29232
29299
29300
29332
29343
29365
29366
29372
29374
29377
29385
29386
29387
29390
29433
29434
29469
29471
29483
29486
29496
29573
29606
29610
29613
29620
29643
29654
29776
29781
29797
29848
29895
29986
29987
29988
29989
29990
29991
30028
30043
30044
30067
30070
30202
30268
30303
30402
30460
30519
30536
30543
30544
30545
30548
30600
30601
30638
30669
30771
30788
30822
30823
30824
30860
30861
30862
30869
30870
30871
30873
30978
31004
31005
31047
31060
31070
31080
31086
31197
31213
31223
31228
31240
31339
31341
31342
31357
31363
31364
31392
31425
31426
31491
31498
31532
31569
31644
31722
31740
31742
31771
31852
31855
31922
31924
31926
31927
31964
31994
31999
32022
32026
32117
32124
32125
32126
32130
32131
32132
32133
32145
32146
32251
32279
32344
32346
32404
32442
32461
32462
32484
32614
32659
32709
32729
32742
32743
32744
32745
32746
32748
32913
32916
32935
32981
33014
33046
33088
33140
33162
33168
33274
33435
33452
33481
33482
33507
33528
33576
33579
33606
33609
33610
33703
33704
33705
33731
33800
33815
33832
33873
33882
33883
33895
33896
33897
33898
33975
33988
33998
34002
34023
34033
34039
34049
34073
34077
34105
34106
34107
34108
34109
34147
34199
34200
34202
34222
34237
34258
34275
34276
34287
34289
34292
34301
34380
34385
34387
34388
34414
34445
34446
34447
34469
34492
34502
34592
34602
34603
34604
34622
34627
34639
34640
34680
34754
34776
34777
34778
34779
34781
34782
34787
34788
34789
34821
34854
34982
34983
35019
35173
35174
35202
35203
35217
35265
35341
35384
35386
35409
35410
35472
35473
35502
35528
35529
35530
35531
35532
35533
35535
35538
35540
35541
35542
35543
35544
35545
35657
35666
35717
35741
35867
35928
35960
35982
36105
36143
36222
36230
36364
36446
36532
36557
36622
36623
36650
126
128
129
130
221
246
247
248
249
331
332
333
359
423
441
442
443
444
447
448
449
450
479
480
481
506
512
513
514
515
516
517
518
519
520
521
522
523
524
526
528
529
532
536
537
538
539
540
541
542
543
544
545
546
547
548
549
550
551
565
566
591
592
593
594
633
634
636
637
638
641
643
645
673
705
721
803
810
820
821
822
825
828
829
843
847
848
849
850
852
871
872
873
888
889
892
893
894
918
921
922
923
953
954
985
1007
1050
1064
1065
1066
1067
1084
1087
1089
1090
1101
1109
1110
1111
1112
1123
1137
1143
1146
1147
1170
1171
1174
1175
1180
1181
1203
1292
1337
1356
1369
1370
1371
1372
1475
1476
1477
1480
1487
1488
1489
1490
1491
1493
1494
1495
1496
1497
1498
1499
1500
1501
1502
1503
1504
1509
1521
1568
1570
1571
1639
1669
1685
1692
1710
1752
1753
1754
1756
1763
1766
1769
1777
1778
1779
1780
1781
1783
1816
1819
1833
1847
1850
1860
1868
1869
1878
1889
1894
1895
1896
1901
1910
1911
1916
1917
1928
1929
1930
1931
1932
1933
1934
1935
1936
1937
1938
1944
1958
1966
1967
1968
1970
1972
1974
2059
2060
2061
2062
2063
2101
2125
2171
2194
2205
2208
2209
2210
2212
2222
2234
2263
2264
2289
2290
2300
2302
2303
2304
2306
2307
2308
2309
2314
2316
2317
2319
2320
2321
2322
2323
2370
2373
2375
2376
2385
2387
2406
2407
2416
2422
2423
2424
2425
2426
2439
2440
2441
2442
2443
2444
2445
2447
2448
2449
2450
2451
2470
2480
2489
2494
2507
2545
2546
2547
2593
2596
2597
2598
2599
2600
2601
2602
2603
2615
2616
2617
2618
2619
2620
2621
2622
2623
2625
2637
2651
2659
2665
2667
2670
2671
2685
2750
2756
2757
2758
2768
2769
2770
2771
2772
2773
2774
2775
2779
2786
2787
2788
2796
2798
2799
2800
2801
2802
2803
2804
2806
2807
2808
2809
2810
2813
2814
2819
2821
2822
2823
2826
2831
2834
2835
2838
2840
2841
2843
2846
2858
2859
2904
2906
2907
2908
2909
2910
2911
2912
2913
2914
2915
2916
2917
2918
2928
2929
2953
2959
3000
3001
3004
3005
3007
3013
3014
3015
3016
3018
3038
3039
3043
3044
3045
3046
3099
3105
3106
3125
3128
3138
3139
3143
3156
3166
3174
3248
3278
3305
3306
3307
3309
3310
3311
3315
3318
3319
3321
3323
3341
3342
3344
3349
3352
3362
3363
3364
3404
3406
3414
3433
3434
3435
3436
3437
3438
3442
3443
3449
3450
3462
3464
3465
3468
3474
3482
3483
3484
3496
3500
3501
3507
3508
3509
3524
3525
3528
3538
3539
3552
3553
3554
3555
3556
3557
3564
3565
3566
3567
3572
3575
3579
3580
3601
3645
3650
3653
3655
3656
3663
3665
3677
3679
3681
3683
3689
3691
3698
3700
3731
3733
3742
3743
3744
3748
3749
3750
3751
3762
3763
3765
3766
3767
3768
3770
3775
3776
3782
3783
3784
3785
3786
3787
3788
3789
3790
3812
3835
3836
3870
3892
3917
3921
3925
3927
3935
3939
3940
3942
3943
3944
3946
3948
3950
3951
3952
3953
3966
3970
4014
4015
4024
4025
4028
4031
4032
4042
4050
4051
4053
4056
4065
4066
4076
4077
4078
4126
4127
4128
4129
4130
4140
4141
4142
4143
4160
4161
4171
4185
4186
4187
4190
4191
4192
4193
4197
4211
4225
4255
4256
4259
4260
4261
4263
4264
4265
4285
4286
4290
4301
4302
4303
4304
4326
4327
4329
4336
4357
4358
4359
4360
4377
4379
4380
4382
4411
4414
4440
4445
4460
4461
4462
4463
4469
4470
4471
4476
4480
4487
4492
4513
4520
4539
4548
4549
4550
4551
4552
4553
4564
4588
4592
4593
4595
4601
4602
4603
4645
4656
4657
4658
4662
4687
4715
4738
4739
4741
4742
4743
4744
4745
4746
4780
4784
4790
4801
4808
4809
4810
4811
4812
4813
4824
4847
4902
4903
4904
4910
4924
4926
4943
4946
4956
4958
4959
4965
4967
4982
4989
4991
4992
4993
4994
4995
4996
4997
4998
4999
5000
5001
5013
5014
5016
5017
5028
5030
5031
5036
5037
5038
5042
5043
5044
5074
5075
5076
5077
5078
5079
5080
5081
5083
5084
5085
5086
5087
5088
5101
5108
5109
5116
5117
5119
5120
5121
5122
5123
5130
5131
5132
5136
5137
5138
5139
5143
5155
5156
5159
5160
5161
5162
5165
5167
5168
5169
5170
5171
5172
5177
5186
5187
5188
5189
5196
5205
5206
5207
5208
5211
5212
5219
5222
5223
5242
5246
5247
5261
5262
5274
5295
5296
5298
5302
5303
5326
5336
5342
5343
5344
5345
5354
5388
5396
5397
5401
5408
5420
5463
5464
5466
5468
5492
5493
5494
5495
5496
5502
5512
5513
5515
5516
5517
5518
5519
5520
5521
5522
5523
5524
5525
5526
5527
5528
5529
5530
5531
5532
5533
5534
5535
5536
5537
5538
5539
5540
5541
5542
5543
5544
5545
5546
5547
5548
5549
5550
5551
5552
5553
5557
5558
5559
5564
5567
5568
5569
5570
5571
5572
5573
5574
5576
5579
5580
5581
5582
5583
5584
5585
5586
5606
5607
5632
5637
5638
5643
5663
5667
5668
5671
5674
5675
5676
