----
36236
34573
4348
7283
26362
27594
39002
2724
26332
8901
10034
7186
24169
20255
28180
2974
----
----
7645
39849
----
41426
27564
8120
31557
22466
8711
43761
----
20116
14655
7373
21669
8804
2016
30754
42452
44122
22645
40692
26145
34534
18829
5692
30877
7177
39230
16073
6658
----
20954
20600
39457
20973
45347
19862
47344
19077
31245
25403
47417
29920
37516
20341
41895
----
29971
19416
2421
25346
8342
25404
46829
24049
14059
12243
----
30422
18831
12164
30869
----
46781
1751
15647
4473
6770
36666
2298
39955
30208
27297
30379
46735
559
38412
39750
40683
32271
----
47145
----
35744
31324
7435
----
39447
----
----
42918
44808
42129
38932
8833
44680
33997
30609
27072
19051
----
41985
16242
16392
40297
20465
----
26550
13761
37290
18907
33217
308
----
26565
24706
32125
----
----
11786
6954
46938
44852
34522
18511
10801
39748
30569
42260
----
22150
19210
6505
----
47963
26856
----
----
34671
32553
24678
23088
36062
18039
33273
44539
45604
29577
40068
12497
44244
43296
10403
45055
46645
10163
18086
18373
30919
29314
----
44969
----
19015
18602
----
39182
41511
28980
----
23820
----
32444
----
45477
28015
31265
7171
----
----
47800
11520
38742
3782
37324
15380
46532
21235
44359
34584
30085
43049
18363
22155
----
4813
43762
45111
43623
3315
19452
16060
35912
----
----
3509
25039
6117
2933
28969
24972
----
----
31595
10287
24154
22748
32555
40348
47229
45281
44088
47972
21893
----
12230
7443
7064
44021
36624
46585
----
16082
21467
46350
46651
7855
36947
----
10885
23374
26802
36870
43723
28674
15401
6198
45860
33932
40781
16523
10744
6511
32126
45565
12538
5375
42968
6665
1813
4994
46062
22608
24210
----
24800
42526
43271
13114
13901
26607
39357
----
19252
46318
33608
----
15441
1627
26874
44789
41543
47402
43233
6376
11305
39527
----
----
----
25960
4160
44670
8918
----
----
14634
16328
32794
----
10475
38724
44276
6394
2262
----
----
23122
18465
46437
19689
41051
47463
13638
----
15249
21038
36330
38435
46018
----
----
38146
16280
21526
1817
46141
24277
47125
15935
46236
----
11384
17699
28237
1538
39648
18449
7865
24057
37075
40855
38149
45066
6629
45231
33440
39642
24757
29327
43337
13387
----
----
47519
34456
31236
10781
13732
----
17024
35931
39811
7795
20696
22417
8204
36676
36916
37150
13687
37040
46570
39173
12774
28587
25587
----
19949
31510
47693
48175
8140
9944
14060
20263
29188
30352
32644
36716
16496
38633
----
----
----
7820
15048
10578
29935
37293
----
10841
23181
14670
15399
12451
26504
7635
40475
44880
13229
11089
2384
37173
----
----
----
5162
14270
15017
26406
8627
33742
19846
46100
28738
28444
31207
----
----
----
----
----
43247
43705
43671
5014
36446
37891
43704
45067
30189
----
----
----
----
15717
15120
45782
12418
39747
38556
46502
----
----
----
26715
21520
30932
34608
42202
31029
----
9805
41645
16245
11979
42487
12742
40316
9481
8417
34606
25324
43999
7565
37200
40099
----
----
11645
1989
24064
18544
24804
38802
10321
36426
23630
8452
24902
40380
----
24784
43386
23875
16106
36797
35730
42036
41644
43797
35888
23680
5590
39389
23654
18886
23152
29636
4203
44280
35840
4818
47187
25355
----
----
----
----
26975
46112
46492
45717
30673
46619
1834
6191
46153
38590
39401
41314
45324
----
----
13292
23709
16430
20699
6125
14599
19645
4134
44042
34010
36655
18949
40953
33526
42225
----
----
----
9383
14876
39843
22902
35643
34645
37461
42991
8426
8588
34587
32954
42187
37890
38710
42974
45703
----
----
----
----
----
1063
28721
10883
18882
32716
20675
1472
28012
34745
23463
29622
27468
47934
46184
42333
44874
46355
2335
----
----
18141
44622
10450
3894
47017
19503
25008
42237
40628
3835
38328
47348
47978
----
----
1581
35904
15898
22418
24786
30666
8328
3992
45464
47186
10737
22810
----
4614
23569
30206
26235
40287
33607
7539
35326
19899
28783
44571
----
----
----
29590
18967
25362
13279
13610
17686
30197
23602
37302
2956
23006
7409
41228
8848
46297
46239
----
----
----
24453
42724
16665
6233
16783
41091
19333
21444
27127
21684
21685
30106
31763
27579
38790
47975
32710
21482
27235
23337
8380
34368
25172
46691
46571
----
----
----
----
----
----
22530
34699
8385
13601
29694
7109
38783
20844
17707
35436
31408
20002
6934
47437
23917
29019
30278
30045
4030
39375
42734
40590
682
19304
46916
----
----
----
----
11658
8955
11217
40045
12022
41225
22387
14804
15726
36072
32263
34414
23162
20406
38831
7328
44553
32358
12231
34286
34530
34113
37902
39327
31657
15384
----
----
----
----
----
----
10491
21562
5030
44167
1027
30938
14503
14970
15191
41900
18293
19913
20059
31590
44673
23166
30812
26193
26234
26559
46543
34785
30074
40693
2413
38193
22902
39261
24649
45923
45989
----
----
----
----
----
----
10453
20642
14047
20842
7922
23148
31175
30094
27104
26939
35487
29847
6477
6749
45999
3884
46267
30333
42188
----
----
----
----
----
----
----
11038
35585
6790
20630
34706
25278
7028
5045
24707
38466
28432
27659
19472
43330
42162
44792
29978
34138
13910
36132
36728
6388
37215
38856
47332
41859
40180
41265
41056
43737
44389
45297
44648
45476
40460
22631
----
----
----
----
16719
5228
14797
28311
15899
15272
6271
1422
38750
12461
26223
26365
21188
27355
28104
31799
23936
14450
29136
22824
46536
3734
45359
43354
34684
36402
46075
38474
39073
39057
3184
40525
42347
21520
11054
30467
13041
44896
45446
24514
40988
23739
41761
10884
47996
----
----
----
----
----
----
----
9440
20722
18609
10542
15185
12430
14009
15446
46231
24143
13312
28053
41307
19228
20166
8553
42976
46818
31974
27306
20159
28338
6097
31770
28581
28560
23939
36956
32121
20637
7299
22373
2306
19361
34204
38467
26041
14582
36360
36953
14813
38217
40140
39973
30845
42934
43799
44063
22595
13944
45514
38320
44441
33760
26071
----
----
----
----
----
----
----
----
10070
37380
12884
41982
11507
12388
38620
13139
46103
15553
6432
18242
41174
17712
19479
19329
37513
34412
21772
27515
8140
15166
31267
25559
36941
43881
33055
29189
1159
29949
4373
29654
28600
30553
45700
12000
35242
34547
46419
42721
27075
36187
8866
33768
13704
26208
43923
42353
13442
42811
43359
45113
36259
14058
36960
8445
----
----
----
----
----
----
----
----
----
----
23571
----
----
----
----
----
42497
33816
13481
47039
47262
41499
39888
13795
18219
40965
16414
17669
17543
39006
18978
3083
20967
38257
24662
23822
43632
42545
6580
32932
43892
42917
42935
32891
45628
21072
41732
32194
30287
35240
47408
22152
28849
43889
21879
13750
44857
34123
35002
35864
29342
35273
43525
38744
39722
26384
34241
41012
42047
20897
43118
30318
34044
47438
40875
----
----
----
----
----
----
----
----
----
----
----
----
----
----
----
----
----
----
35633
7445
34368
10951
12895
40782
37898
13809
31470
15714
16344
25636
17884
18812
41194
28813
26005
12704
7155
6289
23493
33825
8829
12424
12426
12427
46854
4747
18948
46416
40937
33492
13291
27233
28443
6273
36296
27429
28069
29256
46282
29715
36238
34920
36286
36750
37818
41915
38517
41851
38200
24881
41023
42443
42787
44877
45513
33385
10837
45905
46724
32341
----
----
----
----
----
----
----
----
----
----
----
----
----
----
----
----
----
43805
12615
37995
20264
4987
19918
21159
10734
5026
5039
11838
47063
10196
41888
21039
36031
12311
44551
15646
16436
17575
17582
10748
46757
3541
29919
9127
6042
35170
20865
23246
21462
21465
39596
46520
6411
23779
25609
5038
35185
24423
25168
41555
26555
44510
26837
27105
44524
19668
28011
11737
33054
29390
1162
28614
34771
23833
13936
44761
26551
29467
30171
40074
1512
37869
41489
8246
46046
34169
24885
4790
36342
36362
7040
18853
30170
38614
38604
39376
39368
42529
8203
29592
42152
33030
33417
42150
42245
8863
43497
3120
31755
7145
30974
44630
27893
13136
----
----
----
----
----
----
----
----
----
----
----
----
----
----
----
----
----
----
----
----
----
----
----
----
----
----
----
----
15962
3772
47620
21735
38794
46065
19492
10843
13290
41795
47951
46942
23563
35296
23226
4931
20421
15353
16484
35577
31660
35156
16068
16437
17200
14715
23940
39084
28345
20356
25316
22034
21868
23598
25471
4563
22920
36898
30207
40219
33224
25557
19107
19835
28184
43834
29343
32589
9305
30659
40280
26848
37575
33184
41835
15797
45263
34134
39719
38460
29867
27906
44257
40831
28198
9032
4336
2481
43278
37794
40888
34779
26194
45645
10450
2716
13654
4059
43124
21339
4077
39164
41840
45467
5389
16189
37646
47660
----
----
----
----
----
----
----
----
----
----
----
----
----
----
----
----
----
----
----
----
47395
14195
46941
46142
14045
27238
9734
9668
28837
42547
10134
47195
34946
10615
34998
11641
31486
42278
24025
11547
12279
40343
18748
10670
19013
12922
21171
9879
7441
3428
10068
14964
15171
15679
14490
16343
16188
42002
665
8957
24179
47202
45312
46373
47977
17713
18203
28144
19217
18954
3348
21423
12165
4277
32421
46305
25325
31593
41394
25340
30887
22757
23903
18976
46316
24476
46023
12430
25163
1837
36453
45087
13991
24179
27971
43228
35262
36288
30029
35084
42034
40045
44623
44439
40093
30836
31013
36679
8863
29797
35926
45559
24905
32795
35204
35320
47027
34318
2040
29894
29906
13533
35943
7358
46637
9547
18958
47550
15609
41176
39121
39106
14051
46284
39671
41064
12219
22785
41639
11120
46289
41967
46126
13270
38774
3709
16955
43231
24970
40059
17639
44681
45006
45003
45100
45405
39654
38733
42007
46792
46741
44583
21831
3429
44687
43893
47794
46683
----
----
24393
----
----
----
----
----
----
----
----
----
----
----
----
----
----
----
----
----
----
----
----
----
9517
11161
36581
35064
13036
30179
41501
31057
8452
13326
30482
14922
14926
14815
15733
16796
16771
3344
45168
17576
16878
38798
18540
19411
31547
9079
32658
32665
28908
40440
13252
21362
11916
44168
3556
43513
29310
25469
46974
32974
6091
12235
31870
22901
23140
23904
19985
39614
46528
16285
23903
12002
24711
25030
27599
21333
25211
43893
30084
26542
26549
27335
30343
27973
28102
31107
12983
43998
25324
45897
28418
30176
39642
15797
37227
32398
25957
32529
40370
18584
33185
23437
43251
19041
18620
7357
34568
31996
11858
32394
44625
36094
36952
37452
7464
37490
45297
45866
18099
26633
48109
13536
42529
39385
34249
31712
46375
44857
6145
40179
26419
25865
23783
8568
8430
41622
23554
42133
46158
14268
42375
31476
46709
7740
9927
43146
1838
1792
42795
43320
28943
24258
2390
44587
31176
36728
28826
45498
26547
44630
46574
2486
32335
26071
43855
47200
46801
32018
28423
45519
26210
9578
41328
----
----
----
----
----
----
----
----
----
----
----
----
----
----
----
----
----
----
----
----
----
----
----
----
----
----
----
----
----
----
----
----
----
----
----
----
----
----
----
----
----
----
41321
37187
46503
11067
19572
44481
36112
14190
15543
10735
41103
11045
37671
11064
10541
47394
21813
11379
24780
24636
13280
5021
11841
45149
12036
16112
41953
46899
7120
23514
16924
45199
20072
42606
20992
39338
13235
13100
19276
44787
22216
26652
10499
16500
14815
5624
14646
39735
15710
15663
15676
23550
22653
45209
16100
16402
37703
16417
16129
16559
16773
16772
10699
28128
23298
8422
33978
8281
15128
18541
18735
22812
19511
39285
35430
32590
39843
35255
20174
24088
20063
41231
4326
25950
8494
47368
12067
25496
39091
22058
22307
45087
23429
25562
37223
43295
23726
25492
24810
41156
6402
13197
30529
27896
45980
43890
9428
25064
24991
44840
30961
38277
28475
28316
22001
22017
25580
25556
47996
26001
28732
33204
46060
26606
26610
47004
43591
27095
35182
27387
47794
18719
12423
28488
29269
28970
44454
47601
35238
6767
26428
46088
30870
16605
8580
34171
35116
35061
45769
33837
16625
35319
43538
33204
33673
33654
38506
38524
34145
34174
41654
46271
46023
29070
47139
32219
31302
38458
38461
41611
41296
43312
36078
36752
36683
28819
32321
29107
38603
42282
39096
39394
42484
41069
40033
39729
40670
24312
45880
31793
41349
43476
8940
34828
46571
39211
30266
41762
41855
46295
42072
42018
42177
42199
42859
47548
19756
43401
33703
17085
44009
47064
45122
45520
28248
47057
46280
32657
18354
47306
26005
41583
47620
30846
----
----
----
----
----
----
----
----
----
----
----
----
----
----
----
----
----
----
----
----
----
----
----
----
----
----
----
----
----
----
----
----
----
----
----
----
----
----
----
----
----
----
----
----
----
----
----
----
----
----
----
----
----
----
----
----
----
----
----
----
----
----
----
----
----
----
----
----
----
----
45774
1262
9516
26073
17150
38858
9933
9934
28575
32051
10411
10486
7738
9114
47574
41308
31452
16449
30342
42622
41325
40931
44147
11058
41388
11222
39727
11380
24645
11841
44308
12030
30477
10556
21623
30185
25087
36385
22935
10707
14964
39061
28579
11646
42803
20644
11682
24020
5047
41596
8925
23575
39736
23972
15944
27810
39763
20705
22935
15702
15704
15705
15715
15724
15725
15737
15738
42220
25273
44553
16107
16074
16441
16375
34884
16409
19825
17106
44555
37449
14709
10712
41094
15834
23903
33528
17077
32816
41645
33599
29723
41165
20434
29353
36785
21866
48178
45546
19079
12680
24645
19642
30343
33311
20125
20317
41746
11743
38687
29996
21003
24970
34651
20959
31965
37093
31110
23468
37085
21899
9010
30721
27253
25477
25480
25481
12608
45820
37703
23784
11611
47678
31786
22956
30435
40761
24448
24971
44564
23994
7515
32353
47782
1358
13538
7679
24369
46022
46024
3822
10068
24794
12918
26585
38659
42064
31239
22018
33184
22018
35848
23777
25729
19030
8328
19030
22023
44054
19100
47556
18758
23013
27242
27247
20899
27302
27406
41447
24653
36467
46474
28909
31452
30441
28103
33085
28237
28524
28291
38299
28361
28555
28556
28574
33120
4533
42188
47518
29277
33996
41329
24381
15214
29755
29763
29856
35357
29793
30973
30975
46123
42742
9824
35133
41732
37870
10557
38976
46131
15353
10725
11414
29786
31980
30177
14174
5101
39213
32402
39740
36615
42151
46071
46391
40249
25641
30555
47466
34020
28269
46757
24009
18954
42810
8308
47376
39631
44388
33167
33204
44626
33658
45344
38413
34217
28391
4411
23066
33921
43224
47121
46601
19988
8569
41540
44510
37716
45041
35554
41472
44147
45123
32176
35679
27907
35857
35863
35935
6145
26041
35982
45466
29869
8894
24427
36554
36782
16189
35155
47657
43228
37224
38686
37235
37250
37454
37490
23469
38139
46121
3995
29361
1434
13598
24683
22442
41389
45887
38846
41414
9798
39105
31803
24684
32651
42538
43503
42800
47013
46369
11021
32349
39807
26548
39992
39993
40069
18954
42883
47472
7472
42986
40966
43218
40974
41039
31848
1138
41504
41486
42063
41614
47194
41560
41546
30882
42156
46296
46299
36153
33545
2390
42203
32355
24064
46539
42587
23558
47568
11663
21039
42978
43147
44560
21086
31849
4395
8683
38864
46272
43985
45059
38458
43476
20574
44790
33877
45334
45785
41491
46985
37139
45932
41165
41590
14146
39555
7250
47167
13745
35325
39964
12814
22515
46747
46789
46779
46783
46834
45945
33180
7053
47200
18030
48000
47986
----
----
----
----
----
----
----
----
----
----
----
----
----
----
----
----
----
----
----
----
----
----
----
----
----
----
----
----
----
----
----
----
----
----
----
----
----
----
----
----
----
----
----
----
----
----
----
----
----
----
----
----
----
----
----
----
----
----
----
----
----
----
----
----
----
----
----
----
----
----
----
----
----
----
----
----
----
----
----
----
----
----
----
----
----
----
----
----
----
----
----
----
----
----
----
----
----
----
----
----
----
----
----
----
