42089
35288
21625
11520
33873
22545
9380
14022
16893
5876
37457
40739
28818
8625
23768
42837
23207
27485
39104
22284
41632
20098
43270
11910
15730
39105
10260
32896
22302
21329
43948
27498
35754
14070
46042
25374
28756
37225
11353
10508
7984
26517
39425
5265
29129
39810
15261
30482
42479
37195
16361
18318
39288
31800
42403
39583
14696
10772
40612
10058
38244
20574
18006
33283
10198
28371
20561
29183
44134
28512
4320
6302
29311
39543
44936
22757
40753
9978
18060
11451
37306
31852
27847
10807
45622
6064
10458
14099
37347
35565
10164
