622
32973
14168
35150
11862
24168
6632
31654
32913
----
3991
34140
20353
20439
16441
21638
33511
32896
9128
7884
21373
29624
33152
16857
17691
5516
11301
25273
31970
5532
22951
5629
36302
7783
16179
26247
35849
5694
2836
19830
5336
31639
----
34684
6854
23565
35090
1553
19256
33542
35042
33920
36290
965
28040
18314
3769
9737
659
20641
31500
27899
31038
15438
12528
336
23087
20697
16789
14546
25927
34843
6771
16202
16729
16990
15703
7162
8652
----
1179
32929
13274
----
----
35272
14198
10363
26575
2344
32924
----
31228
22358
15574
28842
27790
15441
13649
26393
31895
24917
----
20175
981
33854
----
10862
21174
----
----
2724
5240
----
14559
26236
32094
5589
35677
11626
21754
----
21538
14830
25091
26324
31314
20086
27886
6392
----
20652
29503
29214
7579
8861
17730
15432
3519
13029
----
3694
309
16737
4987
35314
15938
17256
36462
----
16588
16381
----
8805
----
3494
26972
----
29701
35741
21157
36257
862
16105
9466
20654
25813
----
27685
26161
17490
33089
6209
31367
----
----
20348
8129
28106
10721
26416
26413
34105
13688
26976
10214
15972
2884
25368
7017
----
35753
17758
13440
31342
5218
24069
28690
22030
7135
11436
33745
13633
21509
19411
21597
14714
15661
30640
27618
20135
178
----
8394
17914
3335
26923
35772
----
8210
15631
31242
10170
33934
7667
7623
8754
13542
24359
26087
33627
28513
22678
18224
21427
----
21546
33367
----
10643
12591
24868
28177
----
32044
18032
18603
19436
11781
2316
33979
34517
----
----
36636
1465
20167
----
12300
11215
27776
29648
35060
24794
22913
3622
33860
----
----
9780
9375
28216
7385
19857
26191
23552
3511
29703
----
----
27818
10880
36220
----
1062
----
7933
13665
23653
27222
27729
27418
19304
16391
13049
12546
12931
23011
21431
31113
34488
----
5712
29957
14527
26464
32639
28554
34791
31940
----
----
----
15835
33267
19346
29712
15520
----
----
18190
19235
19466
30729
----
1195
12458
5465
23969
----
23634
29462
17533
16630
30434
25241
31741
9885
13595
5314
24841
25444
36001
----
19966
9809
11759
11472
14050
24661
21849
31625
----
32173
23215
12650
21307
30825
9501
----
35848
24035
213
27101
----
10538
25096
25131
6447
36414
----
----
14670
35847
5356
20791
21359
23805
3885
13481
30839
1795
31034
22122
36311
11413
1508
18521
19023
30472
13673
27043
24880
----
28456
31387
31660
21514
----
18106
21468
16875
34252
27153
----
8497
17574
31818
30913
35402
28947
26740
34728
6443
3462
31887
----
----
----
----
12370
25909
2978
25318
21288
21493
30722
27403
18602
----
----
----
25438
11496
26257
18003
24972
26042
8135
5754
32247
32085
34490
----
----
----
7580
7055
12247
35770
12718
13387
16639
16162
3680
17945
15564
28510
36635
36448
31906
5195
35064
----
----
----
----
10508
13142
21100
22281
20893
23158
8334
31430
31738
26043
33413
18212
31074
3952
1547
15855
14541
28778
21849
19653
25367
29870
20245
19883
6653
6782
33834
----
----
----
----
7294
10716
29128
24205
16209
31803
2569
30634
18606
2491
22261
26047
36336
28970
32357
28840
14878
15708
34816
22534
35737
----
----
----
16540
33897
15040
25324
6612
14572
29201
34460
19854
36156
32439
7606
24534
24881
25731
12058
31847
8041
9377
13831
33644
----
----
----
----
12511
7436
32639
11239
31572
18483
9131
18172
16292
15437
21714
22307
23102
23313
24416
11045
29883
30247
3866
33437
----
----
----
----
12334
14112
16141
7722
35853
15202
34297
13111
14582
1236
15721
21540
28435
19978
35491
20237
24485
20905
28003
34530
18793
30088
18225
28725
31919
13473
28680
----
----
----
----
----
----
----
----
6591
20164
8286
9873
10546
32555
36474
34057
15649
11307
15607
5325
26769
26611
22042
34080
26243
17242
24766
19634
17111
3742
4129
----
----
----
----
----
----
----
----
4003
11477
4244
23896
3649
13222
29795
34262
25856
16288
33000
32084
17751
31306
21208
21717
20250
3054
22069
10364
7913
6154
35860
8859
30861
24558
28051
32398
18713
33420
21736
25269
33981
35748
18097
----
----
----
----
----
----
----
----
----
----
15481
31181
8244
2668
8438
10466
9053
2667
32581
16356
12747
12753
13299
13722
36603
36139
1944
5289
19068
25136
18676
33232
18448
23494
29326
29519
27204
33632
25143
27148
22540
33638
33962
35099
35596
18793
5560
12894
----
----
----
----
----
----
----
----
----
4322
10534
10879
21508
7224
11490
17844
35785
28790
15707
15728
5329
24752
19688
20151
22705
26561
34224
21004
21204
10552
23105
23197
28039
25068
3390
30079
27054
27668
17323
7015
5423
11721
29461
23129
25676
31575
31616
35452
36208
22257
16037
36463
----
----
----
----
----
----
----
----
----
----
----
----
----
----
----
----
13427
8968
35869
13744
22337
6649
35367
10877
34945
9829
15898
30903
11830
30821
20102
10714
33516
11855
19977
20820
14398
17017
17549
22698
22643
23264
23200
25697
24583
20908
23804
36516
1853
29996
26448
29025
25713
29059
23084
31729
20715
20519
31072
31497
36116
22623
31963
26623
30903
29273
29140
33569
5213
32818
32039
35198
35561
35828
36324
36465
----
----
----
----
----
----
----
----
----
----
26392
7280
7588
32162
32301
22832
16670
2480
8959
23022
8577
10067
34061
10495
4069
9584
19217
13579
30244
15745
15834
26856
15725
26902
18367
10319
1255
3667
17998
14546
23752
34342
21386
35821
27317
21886
15832
25823
25704
25078
25082
19273
26600
10953
20674
31815
36678
30573
20085
23596
30047
24746
20107
32325
32380
10954
31994
25466
10468
9134
31096
33840
27019
34171
29552
34319
36671
35061
10676
----
----
----
----
----
----
----
----
----
----
----
----
----
----
----
----
----
6929
36019
30185
20235
2586
22716
28824
34057
9219
34680
9316
18676
23217
9814
21639
12646
10792
36114
32423
12015
12149
25772
30424
13350
36426
27716
18935
15847
565
13818
24747
27548
19971
20674
18168
31476
36086
19782
21200
21217
22569
17022
29207
24451
3193
24803
28961
16575
25339
18196
6377
34319
26789
32193
3605
14338
5331
31981
29475
33781
31059
31472
31955
6400
33195
18744
30156
8311
6868
5836
20645
36700
----
----
----
----
----
----
----
----
----
----
----
----
----
----
7201
----
----
----
----
----
----
----
20232
5348
7401
8723
27937
28512
8743
16327
8573
32609
16212
8509
20657
11080
17054
7235
4882
12042
12042
36444
32127
12511
13071
13390
13144
13153
19989
13869
7466
2633
14466
32449
23616
12948
12383
29737
15249
12935
26903
21058
27526
23737
13743
19936
2218
19952
28496
25282
1464
30840
23424
29771
23417
8618
24750
15916
19937
26730
26563
27382
13878
36412
19424
21632
29220
29356
12382
19277
35674
26079
33481
25642
28782
21753
9292
33218
32638
7873
36346
34324
19486
34753
34882
35468
5653
35960
36379
----
----
----
----
----
----
----
----
----
----
----
----
----
----
----
----
----
----
----
33579
----
----
----
26728
17405
13280
36583
8196
32865
8767
5530
8012
5926
15786
31616
33580
20271
9216
10469
12844
18092
14037
4168
27338
24465
26861
12048
12066
12751
26149
13113
13579
19817
14452
10730
1976
15626
18982
21049
20163
35673
28074
17286
28057
17868
16011
24771
21966
20111
21756
19244
19426
4964
19822
18733
7020
24656
24564
20906
36060
33791
17445
22749
12625
21825
22062
23294
10998
23955
23938
24067
31220
4327
36190
30744
18802
26631
8311
25074
34999
27898
35265
34794
17451
29064
24658
29847
29945
6620
23852
25270
32223
31183
31190
33654
27368
32599
30436
36644
32637
1464
32853
34524
20308
31971
33842
24804
34888
15877
35779
23081
29480
10411
20908
2007
36692
----
----
----
----
----
----
----
----
----
----
----
----
----
----
----
----
----
----
----
----
----
----
----
----
----
----
----
----
----
----
----
----
----
----
----
----
----
7288
22155
19881
25087
33381
7466
5213
23833
22054
13320
8264
22185
5217
8483
23639
29733
16142
26347
8960
8988
9021
21695
24896
30111
11924
5573
6202
21285
21631
19665
18427
17407
9377
10894
6997
25068
11177
14049
12164
4560
11762
1741
13061
13388
13392
30160
21971
13163
16495
13173
13965
31906
14265
14546
12367
17559
10923
34943
16723
15943
18023
36046
16589
16880
16883
16791
16327
17196
34339
17510
19848
17867
24349
25296
20030
20009
26565
9127
20478
19204
18581
18732
28379
11222
11223
20915
20929
21202
21248
13843
22374
21781
33253
26842
22079
3715
19430
19798
18107
25069
30181
32148
22609
5670
24065
35749
33347
24499
24743
31391
22337
35248
26696
27926
28020
26589
33886
24707
9774
29923
32694
26944
26948
28118
10250
31160
28573
20874
28936
28919
28992
29120
33445
29505
29913
29301
29228
29755
29310
29858
26000
29990
30044
25267
35276
27274
29066
30575
27950
31102
31199
25264
22254
31515
7721
32376
32181
32512
7364
32730
27703
13189
28278
28725
34286
31467
11075
34211
14064
34849
30709
34960
34569
36104
34645
19509
30429
36157
36243
20087
36337
36436
----
----
----
----
----
----
----
----
----
----
----
----
----
----
----
----
----
----
22250
----
----
----
----
----
----
----
----
----
----
----
----
----
----
----
----
----
----
----
----
----
----
----
7192
30134
24281
7309
19496
32222
22353
31769
8826
8155
21539
7472
28818
26284
32222
27939
36052
16829
26914
25305
10975
8329
11207
24363
11401
30174
20601
12481
8900
25823
33384
29331
19706
13644
19684
10407
13003
12160
9609
16352
12428
28029
26882
26119
14079
35293
7089
21294
30553
24657
18090
28737
32645
11205
17715
23762
405
22340
31324
11847
12171
12138
22829
20463
20264
9664
29970
23294
12755
12756
9764
13067
13389
13397
13405
36055
34768
13324
23619
13372
26139
15548
23612
8682
13873
17476
23244
3021
23639
22115
23199
15616
15628
27583
15351
18474
11406
8492
15784
15848
10704
28823
16487
16488
16846
32115
24313
30635
21537
19639
17198
32215
17353
4702
20862
19983
19831
6972
18177
16470
21601
31672
29460
26457
18297
20817
24750
18553
23464
26644
20004
23781
19655
32166
29101
20174
20143
22219
22220
28362
36593
8443
19760
25949
27315
25078
17529
18586
23754
31112
16985
17763
6744
34212
20920
25564
21206
21231
10019
21315
26932
26105
18903
26815
22729
22048
22052
22063
20163
29753
15604
31112
7424
32186
35370
23009
23264
23217
23374
6196
24072
34561
34504
24351
31981
24517
28682
13937
24691
16473
24787
31660
20163
25272
36423
34763
25517
9217
30366
29968
15542
26376
32671
18112
25836
26855
31728
30283
13595
28021
26519
26597
25921
30665
21320
26757
35248
30241
27955
27956
6336
27114
32927
11230
10913
31008
31049
14785
32512
32203
28422
3639
34626
35336
35459
24476
35668
28944
35475
15939
28967
29811
29710
22044
29755
24347
31778
34564
27204
19027
36042
35041
13271
29684
29885
35472
16928
2354
17448
32711
13340
33966
30745
30884
36444
11230
28875
31526
31574
31552
22320
31917
31920
31772
31773
30712
13459
20250
28113
32356
34078
32545
35486
18003
14944
26919
36657
33088
19755
33429
33615
36103
17069
33972
13140
12413
34797
36032
18414
29840
27654
35934
12481
24595
35550
19277
35727
35886
3681
11477
1698
16804
36071
36072
36074
36356
32777
23200
36482
3950
26207
----
----
----
----
----
----
----
----
----
----
----
----
----
----
----
----
----
----
----
----
----
----
----
----
----
----
----
----
----
----
----
----
----
----
----
----
----
----
----
----
----
----
----
----
----
----
----
----
----
----
----
----
----
----
----
----
----
----
----
----
----
----
----
----
----
----
----
----
----
----
----
----
----
----
----
----
----
----
