26311
24735
21585
24218
845
25061
12787
8314
24524
25689
25757
23975
18459
26453
9990
4614
9198
21118
12548
6628
16694
25996
6375
7121
12609
24182
11448
18223
26850
18725
26610
22512
1903
20276
25645
21386
14762
18296
21840
16253
15951
13615
16917
19963
26454
20555
19331
23353
23761
16735
26145
25448
26021
5596
8755
18228
26431
26277
13073
25497
7207
24599
21398
19673
3670
15010
8519
9177
24665
3123
22678
15117
10223
9970
8300
24491
14664
4591
10576
5267
6096
18282
21804
14274
22481
17781
25198
22745
9741
5580
24660
15530
23373
1864
5211
24601
25312
7840
24976
25813
23708
8489
11766
6922
15064
19725
21878
19330
2675
7282
18340
9501
14800
22211
25514
7142
10008
4851
6827
12089
22544
19689
24708
17769
24518
2168
26433
3653
4358
16001
25494
15329
18779
5091
17010
23459
11515
23510
3856
12978
21492
18183
16429
6154
25769
23906
5762
18838
22708
3977
19522
15068
24587
1967
10418
26115
6925
14589
16940
18386
18446
22720
6911
13132
13474
18743
12821
14626
19829
20007
22542
25237
26345
5119
25226
16093
18862
24961
26105
8315
21611
24328
26715
2070
1315
8770
25111
4165
4989
14658
21884
24749
26020
20101
21674
1832
2197
14653
19554
26011
24486
25522
25789
21280
17221
5028
19936
8166
15700
16398
20133
21731
22912
24944
4623
6478
14393
26368
3390
5595
7152
15420
17353
25211
4587
4902
6156
10837
11367
12542
14346
22193
25364
10777
11623
17302
21086
22700
26471
18653
5156
11923
16665
19141
2797
5027
8054
10743
12797
15864
17448
18660
20154
21891
24545
3388
5379
5965
8762
11260
11361
13671
17852
17965
4498
6270
7827
8019
8530
12623
14391
15915
16138
16846
24701
3038
5525
7930
9451
12728
14025
16130
16926
23242
23684
24707
4710
11310
12048
14987
16092
18295
21630
22451
25354
26308
3881
15418
19347
25451
26136
2311
4400
5158
6421
6590
13239
17456
17665
17952
19469
23963
24652
26004
26082
2000
3050
4188
8168
8392
10999
11413
16983
19940
20242
20874
22107
22650
25469
25574
26450
1679
2793
3206
4708
5029
5175
6608
6747
9752
10744
11681
11682
13617
14495
15532
15537
16136
17953
18256
19532
19615
20177
21007
21153
21218
22296
22300
22325
22339
22518
24286
26160
1394
2583
2605
3543
3719
4220
4313
5300
5314
10132
11882
12509
13570
13577
14334
15001
15289
15391
16126
16142
19614
19630
20533
21014
22137
22349
22412
1849
4760
4885
5174
5206
5326
5391
5757
5921
6875
7830
7869
7932
8197
8520
10554
11307
11853
12008
14772
14999
15531
15803
15998
16087
16098
16412
16430
16697
17666
17946
18504
18639
18641
19577
19760
19891
21684
21839
21897
23621
23981
24256
24521
24553
25487
25489
25569
25597
25973
26371
777
1208
1221
1525
1822
1833
1978
2792
3633
3702
4417
4761
5178
5318
5920
6157
6527
6739
7824
7842
7902
7989
8260
8753
8775
10752
10823
10839
11188
11439
11673
12117
13269
13285
14966
15013
15046
15363
15390
15644
16015
16121
16122
16124
16135
16137
16945
17218
17519
17667
17893
17960
18619
18903
19584
20583
20719
20884
20886
21965
22337
22614
25180
25370
25429
25454
25488
25578
25648
26132
631
1393
2385
2664
2674
2741
3783
