----
368
63
27289
35115
----
1758
32646
2286
21610
36664
21093
----
----
99
1187
----
33459
424
1251
----
28395
----
8329
855
2895
----
9761
4234
2071
----
11158
35052
4906
----
----
1540
21969
4616
6510
16
843
4958
1942
5909
389
5414
19069
15877
18893
22795
9184
5538
1496
4720
4591
33750
29411
29591
5171
1206
27923
----
----
14709
30346
6986
----
26
10510
11598
932
33107
11955
30505
20334
61
----
35113
33523
3105
907
38426
9220
36797
37
219
26384
35792
18149
829
17066
1035
----
2774
25266
34136
20344
29903
27272
19457
4637
----
28371
37254
20776
6777
1717
4333
35164
----
29367
20763
1968
58
2046
----
----
22045
6197
6079
----
2038
18720
29870
15408
27320
----
25518
5928
9635
18665
105
10878
32022
9195
22260
----
----
6649
----
20112
18729
----
19349
31175
22491
3895
3310
20380
----
----
22155
188
----
----
25405
----
23211
34366
----
----
2963
19384
1775
----
----
36976
----
14220
6068
20527
35716
----
3489
38043
9346
31614
28685
710
1818
38402
----
----
----
29218
----
645
1038
38277
2439
17063
29363
22430
24054
21018
3533
34036
36434
----
26744
35029
----
12282
37462
5474
26562
34534
31463
----
5902
----
32021
37770
15123
9504
5603
1697
1615
35219
32736
31508
2520
18061
5710
37416
7147
----
29097
35013
15989
31271
35636
149
37837
15853
4681
----
----
8229
36192
9762
1144
540
27189
20069
65
----
12182
18672
27911
3098
13941
363
6904
11326
34891
32335
21848
5683
3530
9838
35623
5237
849
----
----
20211
2912
18420
38562
16371
----
33972
20369
25203
34652
1661
10910
37429
----
21914
9278
10591
27233
1376
633
----
16817
25045
18372
34325
36115
951
4348
----
5451
24162
30720
----
----
9497
9510
14114
31088
----
13403
25365
24580
1189
16322
5099
10715
26103
31074
26245
33346
----
11566
14660
8069
----
4657
34729
38444
----
----
11424
2358
32598
2449
35646
----
12707
12090
7426
13753
4045
2296
34889
26368
28213
10376
3982
28297
19662
36920
----
----
11741
5209
36438
----
13607
16026
8046
656
37401
----
----
13378
11179
13742
11309
13385
9342
32629
36988
----
8899
34721
14371
8836
31176
2489
25079
18002
516
36414
34081
----
----
17299
25556
24012
32329
8336
5457
----
----
908
9865
1951
28441
17987
25963
8304
----
6535
38632
38569
34256
32276
33368
4078
9038
18485
1029
14005
12203
14999
25228
----
----
----
----
15479
1884
12544
3975
15759
38467
16632
3243
4272
33748
25047
3260
37548
29086
35697
----
32714
24095
12871
662
26160
19114
----
----
----
9164
9017
20951
25206
30464
22026
35670
33769
----
----
10692
8699
9309
9229
33388
33832
21699
439
29877
----
----
20226
20136
30064
13862
21230
22190
921
26228
36157
2583
1625
29218
35209
31009
34545
22063
1866
7292
20877
552
2561
12105
34999
15240
30197
25456
4817
867
----
----
22912
11283
18202
19689
17138
----
----
----
----
3269
14459
17862
21328
19136
21987
14934
724
4988
29960
----
----
----
----
3681
4444
9700
----
----
----
25710
1950
1384
11311
19680
37312
25175
27382
30175
33288
9056
35344
20645
28422
----
29109
22407
38510
4908
13280
4847
----
----
----
37813
27791
3126
12517
20265
36209
30732
8193
1670
28366
32831
5903
6626
----
----
----
----
----
11855
18218
28122
36398
17007
17082
31624
29415
26371
34435
37843
----
----
3996
4719
6961
19360
25927
9932
1359
10645
35166
10111
8384
2444
5048
7790
29926
18142
29434
36288
34871
----
30337
3139
10442
11554
20582
12773
30870
21246
33069
25752
----
24131
21779
3684
33328
17964
31852
20551
32906
37547
----
----
----
----
3638
12121
10789
18616
20429
18895
18267
5306
37889
29556
30199
----
----
----
5062
8626
9076
3338
10795
20658
759
18520
7946
38083
1933
16934
32596
36290
36673
29173
36655
37180
30690
----
----
----
8484
29272
600
10752
31796
23394
1475
35581
25450
20183
21317
5105
33997
37176
----
16658
19135
15242
17158
21312
20786
25071
32084
31789
30543
35125
35495
32374
1230
28253
36766
9956
26311
2991
33823
17290
----
----
----
----
----
----
----
----
8986
49
19273
19174
9939
12122
30335
1834
5190
26187
4454
20779
493
----
----
----
----
----
----
----
----
25891
25318
2013
14916
10610
13143
19177
19088
8874
29815
31800
29911
25707
19722
28706
31289
31774
32749
920
6359
----
----
----
----
----
22859
29533
25596
5999
861
6694
34790
35780
18533
32415
1526
21114
21189
1162
28802
2358
25170
5710
26193
28341
26653
929
24756
29474
2850
28873
34022
33632
35382
----
----
----
4493
15140
9512
11432
628
3952
32300
2173
2451
24648
16261
26466
23003
34533
----
----
----
13977
3057
10952
10880
19761
10914
33537
21579
20719
24830
26124
29952
25342
24713
18547
22363
5445
----
----
----
----
----
----
6414
6829
22904
38346
1394
12241
3676
81
16343
31681
246
22122
23314
32339
26925
27476
20884
20336
17464
33504
5687
----
----
----
----
----
----
38686
7830
26256
348
3354
33441
9990
24811
12725
2527
12438
14628
1905
5725
16265
34104
18199
23963
19158
1579
5019
16322
4561
18942
1754
37657
30963
5685
37512
1606
34155
23185
36088
----
----
----
----
----
----
7348
12099
5761
36010
14905
10811
30432
38111
31571
14814
11091
15423
4601
35180
24680
25423
25554
26273
4996
4384
----
----
----
----
----
----
----
----
----
----
----
----
13919
38658
21971
11539
10358
3486
6329
22108
19835
21513
12020
19767
1776
17733
34173
26228
27474
591
376
4053
33336
4801
5331
4363
35126
33188
2821
9728
38344
----
----
----
----
----
----
8937
16922
10883
18268
38163
11131
10596
24545
1278
10967
17817
809
32459
33477
21157
1715
24858
33615
31170
4854
2904
10504
26475
1571
24888
14770
----
----
----
----
----
----
----
----
----
37225
36984
2489
9180
9098
11050
9508
17349
3050
22404
17324
21989
13998
12311
11307
25385
12174
12346
12236
34337
14797
4483
4628
17669
33540
38141
30335
21294
29947
20678
27410
29380
37693
2596
16820
5465
733
35129
----
----
----
----
----
----
----
----
----
126
6593
8218
9440
18303
10091
26141
6662
1097
12113
11435
11327
12446
13425
12099
13316
15371
25228
15710
20978
17853
22328
29983
19317
19672
24748
4356
21247
21453
4522
22348
16931
22358
11551
2811
17878
33521
28789
15433
37777
30493
37432
5196
30610
8620
47
25039
6031
37313
37857
----
----
----
----
----
----
----
----
----
----
----
27523
5610
10056
15337
15532
15691
23540
16995
32930
15821
25259
17354
2878
31931
21931
20184
4364
17501
4564
34401
4149
1464
9846
5886
34003
28738
1692
6027
31516
33377
479
35888
32005
----
----
----
----
----
----
----
----
----
----
----
3410
3396
6995
31809
13976
9696
12885
10456
16267
10115
24788
4882
17265
693
23396
30863
25840
7771
21933
651
21006
21459
22094
22073
25780
23338
15534
2045
37442
29562
18849
21841
34107
839
28696
25764
26950
33327
2756
1244
25191
15603
20154
1743
38179
29410
35284
35497
35737
24598
37652
29660
15619
----
----
----
----
----
----
----
----
----
----
7428
6741
8896
7911
6276
10447
10330
12553
11290
10647
10917
2728
13835
18618
10139
13893
7675
4684
5791
32817
16705
17720
24453
1447
2495
28801
20851
34964
24726
16748
22592
22702
4255
32079
23720
26671
16760
27825
19907
28412
29423
24347
36291
13274
29596
36437
33038
32990
9856
31455
23301
32535
32907
33764
35679
2441
1092
35287
36132
20031
32253
37165
32379
----
----
----
----
----
----
----
----
----
----
----
----
----
----
----
----
----
----
----
7583
7557
30229
23909
15120
8954
13026
27390
12619
10836
6316
10621
12304
10706
9137
22728
13139
13140
19127
14329
14593
14999
37828
36494
22143
30763
23663
16558
8646
31794
1945
27962
3832
19103
19215
3548
38471
14936
17719
22330
24415
23315
18738
3596
5144
30716
31671
2544
30959
16103
13148
26178
18697
27405
31314
19160
28636
15857
31884
32899
5884
4994
13600
3761
31842
24507
38332
3855
----
----
----
----
----
----
----
----
----
----
----
----
----
----
----
----
----
----
----
----
----
31990
18236
1832
6808
7934
7884
8361
8982
8900
15236
10176
10477
10487
2046
14271
10624
11049
12392
35420
9374
7542
11162
13779
13295
17831
25299
14463
31684
18872
2855
30466
27451
5187
33035
24291
20161
24285
28286
30686
4248
4386
18258
18374
18594
29839
31446
17845
22140
22176
22204
22326
4165
34953
23312
21186
35592
15185
26471
26473
3516
2485
34508
2403
15742
29253
31153
28921
36636
19662
1250
32264
30462
27101
16144
31862
7991
29191
5296
33850
33805
35590
16561
10639
23175
35678
36339
6014
36714
29991
37683
4049
38429
28474
----
----
----
----
----
----
----
----
----
----
----
----
----
----
----
----
----
----
----
----
----
----
----
----
----
----
----
----
----
----
1848
6477
6549
1845
11514
6978
24855
6656
6657
34120
2998
24890
11050
4566
34109
16383
3723
9877
9654
9697
4905
13425
18541
10393
10641
10867
11391
8508
11791
11988
11690
3042
15301
9898
12458
16175
25314
13010
12108
10017
476
13627
16087
7844
14386
14594
30795
4147
15697
15760
17030
16947
33576
27508
18923
32817
19629
14272
37606
21283
34838
19377
19592
19934
20290
20608
20622
21407
11804
23244
22020
24199
30829
2465
35845
37600
27368
35663
35664
25816
37313
30039
35332
30749
2846
19467
23123
24758
5757
25889
24329
29581
31429
29775
29997
30013
31156
28153
31090
30371
25252
32583
31491
537
31995
15520
33465
34923
9896
28853
1539
15551
24387
25366
37795
33620
----
----
----
----
----
----
----
----
----
----
----
----
----
----
----
----
----
----
----
----
----
----
----
----
----
----
----
----
----
----
----
----
----
11741
1282
17628
2510
8928
1874
20364
2823
11348
31651
8693
8697
38414
18730
9207
10450
11906
22003
11458
6639
3462
19388
12394
12530
6680
10876
35625
12825
13166
1439
2094
14464
18674
14419
14707
12348
3714
17628
27929
3223
15561
20934
21733
28692
26575
25177
17078
33072
16654
19573
25284
20739
18632
23521
16475
4184
19128
28794
19487
36539
1578
21945
34450
18896
23241
22981
26071
34318
32443
21594
5017
32083
23308
30641
35112
18917
24589
17857
24660
25229
1086
26475
21467
25244
23106
4600
26181
34516
19168
30567
30204
27661
38390
23439
32099
28714
737
2812
28660
29465
29826
29763
29668
29774
33406
29593
29892
29861
29889
1801
3814
31004
28547
25450
5326
33017
32885
32824
33341
33692
34437
1780
35296
6106
2933
36481
1816
29886
26967
21068
38225
38378
----
----
----
----
----
----
----
----
----
----
----
----
----
----
----
----
----
----
----
----
----
----
----
----
----
----
----
----
----
----
3696
----
----
----
----
----
----
----
----
----
----
----
----
----
----
----
----
----
----
----
----
----
----
----
----
----
----
----
----
12994
9633
37859
7778
10349
2083
3099
8932
7127
7550
7577
7699
8916
7821
3161
8971
15308
15305
8324
20239
26677
8622
25171
31093
16802
15235
21324
14388
2630
33324
17680
10010
10013
16610
35033
9953
15464
1995
2018
3461
35648
1352
3479
11008
21072
12093
11392
11478
11373
11493
11444
2631
22767
22541
11855
10703
32341
8876
1975
9932
12396
3382
34086
9774
9101
13131
6677
13560
13699
2164
13751
10593
13207
38557
9959
23524
14969
14974
14443
21138
23361
2804
15334
13659
25222
36519
16246
15945
37560
36035
16891
16987
17496
3700
1252
27129
35950
24287
17972
32704
33217
18758
22661
19055
19225
20717
19563
34893
32326
2381
20416
20334
34216
21563
16725
36907
28341
36091
22062
22364
17056
5344
32853
28034
11974
36719
36720
22890
23048
2402
37340
38097
25387
17289
32651
5112
23471
28099
38611
24988
24494
15490
18680
20074
25974
33334
6685
32821
32476
17380
29606
38473
27855
28541
35131
26605
26474
26823
27479
26974
36188
1914
15550
28245
28257
2576
28261
36004
28331
38088
29120
1821
1743
1918
27285
29622
15199
32638
37461
37460
27259
30902
17630
1797
28747
31735
31506
31512
31536
35202
29203
2183
848
34683
21550
5862
5091
2409
25357
33120
15807
32827
25743
38631
16134
33201
8561
36070
2871
33865
35744
33991
5109
33784
33786
34016
34037
18259
33349
28771
19340
35347
35851
35969
36128
12673
29994
20898
19575
37130
37287
37308
38058
38305
25067
----
----
----
----
----
----
----
----
----
----
----
----
----
----
----
----
----
----
----
----
----
----
----
----
----
----
----
----
----
----
----
----
----
----
----
----
----
----
----
----
----
----
----
----
----
----
----
----
----
----
----
----
----
----
----
----
----
----
----
----
----
----
----
----
3596
16561
6400
1462
13291
13283
6987
7214
3991
1865
7814
8936
31383
8014
9917
8215
24762
24368
15329
8526
636
23595
29260
32096
3272
12997
12039
15237
3282
9998
9999
10002
5643
14412
7960
9642
3334
10625
31833
10461
24695
12546
12893
2353
37972
10884
13356
30146
28692
11261
11751
18079
22268
37248
12280
12404
12448
36570
36391
16436
37934
13214
12996
12983
14266
2035
1037
10104
15363
13392
23172
3555
16234
13778
13699
13691
3624
13312
2251
9502
14592
25277
4249
17397
15002
14467
4349
5240
13292
19270
24831
29837
383
37830
16587
24651
34461
5390
21876
20218
16618
17759
25064
20088
20091
20092
22568
4447
30650
4548
7288
22682
18735
14754
21486
19066
19124
36639
19171
36780
21097
19350
16909
19444
34751
31089
19693
13964
24331
19814
19827
20256
20184
24555
19185
9331
22021
20716
11642
21566
21161
21219
38383
21358
36003
27828
25565
4701
21777
20418
24605
1580
22372
5650
22255
22263
35359
19691
29788
28047
21084
19715
31242
22889
4143
27206
25226
23544
23647
23649
4677
23192
26217
28895
26441
24736
22243
25034
16153
37542
25966
26157
26466
31735
26513
26381
9446
34083
31542
20390
26495
37459
8733
27345
33563
33585
27577
27766
27882
27868
24622
28169
28254
28256
28260
9326
32997
28718
7784
29007
28940
31931
32263
15651
27854
29527
29597
32360
32636
38595
2518
30001
29274
19108
30274
23074
30752
33662
34354
33046
30906
31193
31286
31839
5334
30916
35688
2785
5384
32517
32519
32702
33065
37171
9940
33223
33229
33376
33382
30836
33559
33970
35701
35742
35840
5685
27745
34148
34404
11059
34495
34496
19690
17358
9814
35280
379
35038
35240
35319
17114
35830
35739
28789
35870
24007
33601
36254
36275
36256
35210
36426
27280
18735
29986
19218
2779
34171
37775
37250
37288
23994
37439
27641
5648
38401
38543
38511
38563
----
----
----
----
----
----
----
----
----
----
----
----
----
----
----
----
----
----
----
----
----
----
----
----
----
----
----
----
----
----
----
----
----
----
----
----
----
----
----
----
----
----
24371
----
----
----
----
----
----
----
----
----
----
----
----
----
----
----
----
----
----
----
----
----
----
----
----
----
----
----
----
----
----
----
----
----
----
----
----
----
----
----
----
----
----
----
----
----
----
----
----
----
----
----
----
----
----
----
----
----
----
----
----
----
----
----
----
----
----
----
----
----
----
----
----
----
----
----
----
----
----
----
----
----
----
----
----
----
----
----
----
----
1156
6442
27735
6279
6446
6941
2942
7933
6884
4349
6903
6918
6972
23797
7020
7033
7028
6633
7179
36049
8930
7301
7474
7475
7476
7477
7478
7486
7491
3851
7711
28789
8232
8228
3547
7887
6788
8939
9141
8055
24815
8239
25526
10707
28464
8407
34407
8644
8610
8612
8657
8619
17289
38681
21265
27793
24076
8964
21950
9371
18192
15419
9500
9536
9863
17682
1065
10007
9709
36622
32312
14744
14234
14236
37781
9644
13375
15360
9957
35035
16472
10679
10266
10441
10452
10453
10454
10458
10462
31325
10887
10943
10515
10747
28948
20850
25175
20650
10788
12761
25175
15116
12363
11284
11289
11275
18963
11376
11348
10305
11707
11750
18489
11654
12033
12751
12218
13453
6693
12274
20109
12407
12382
12383
12389
12391
12392
12403
12339
12885
12891
10782
22094
15244
22054
17728
17937
13170
22134
16127
14043
14881
20116
7393
24908
16230
13689
21182
14018
27517
17345
27999
14381
14575
14502
17485
2536
19670
17546
4017
14998
13778
2503
18926
17978
26048
23744
14184
15322
25526
15383
2863
16009
21764
25097
36694
15816
24315
24548
24085
4679
26691
37208
17888
16168
16229
24012
27313
9426
18500
3697
17288
30847
15625
20544
16652
16653
16650
24776
14480
2611
13449
16953
20557
2179
30196
19093
31692
37838
15323
26371
17547
17578
31525
31248
32056
20817
20125
6680
35945
17834
16927
1492
33731
32909
19543
38066
20014
9384
1727
25233
24740
24744
18379
4100
5369
18597
32167
4128
18746
18846
5749
27878
35045
2266
30344
19209
2977
31063
17159
19964
19961
19967
19959
12153
14337
28533
24279
30629
19903
19906
19930
13437
4318
20036
19998
20012
20030
8806
22291
6031
20354
20356
20359
20612
20542
20629
20707
21564
16189
18866
21155
21143
29845
21213
21342
19008
34338
37196
25500
38268
21815
20311
32143
24285
20416
22070
22398
33014
27735
1202
22453
5049
21887
21888
21889
14644
31700
35795
33824
23018
25490
25491
25492
7123
17439
31194
18114
23771
23773
23774
23353
25706
2404
23564
23585
27247
23785
4642
25959
28289
22931
6487
14822
1472
5846
30397
5323
25950
24548
24502
18530
16978
27682
16985
24792
24832
28598
33039
11096
32845
27366
4486
1634
32577
35667
1591
20496
34105
19544
32738
32823
1199
4889
13175
25967
36981
27478
5263
26742
26388
26788
19121
26417
26833
26478
24476
26312
37641
21094
26379
35554
35697
35754
187
36189
38197
12160
27638
27770
22981
34108
34438
15759
864
27852
27869
27949
28018
28080
5032
28205
28579
28633
28741
28763
28804
31569
29006
28926
27944
29114
29220
30509
34838
29410
29624
29609
29771
34352
15447
23108
30023
18308
30214
20821
30258
26208
30252
17448
30393
30502
12226
30582
26813
30880
30893
30895
30749
30718
31120
31135
31183
34745
31499
31492
31334
31504
31566
31591
20733
5307
31678
22662
33390
31865
1202
34684
26323
31991
32150
2493
38644
2637
27971
32499
36631
36944
33101
32911
32918
32952
1644
33161
33122
33274
33544
33654
33576
33656
33860
25577
35764
35707
35749
34540
33774
34064
6792
22166
34132
25240
34353
34494
31916
28815
17354
34969
5826
35028
35104
35257
15223
35379
35505
35508
35498
35501
5878
35816
35833
35746
35747
35879
30780
35973
35928
14201
36075
36124
36126
7903
36251
36278
36320
36317
36348
36382
34033
36550
6013
32163
36906
11078
37646
37221
36699
37342
37370
16734
37413
2848
37469
37371
37042
37883
24262
38031
9157
21125
38451
38432
38520
----
----
----
----
----
----
----
----
----
----
----
----
----
----
----
----
----
----
----
----
----
----
----
----
----
----
----
----
----
----
----
----
----
----
----
----
----
----
----
----
----
----
----
----
----
----
----
----
----
----
----
----
----
----
----
----
----
----
----
----
----
----
----
----
----
----
----
----
----
----
----
----
----
----
----
----
----
----
----
----
----
----
----
----
----
----
----
----
----
----
----
----
----
----
----
----
----
----
----
----
----
----
----
----
----
----
----
----
----
----
----
----
----
----
----
----
----
----
----
----
----
----
----
----
----
----
----
----
----
----
----
----
----
----
----
----
----
----
----
----
----
----
----
----
----
----
----
----
----
----
----
----
----
----
----
----
----
----
----
----
----
----
----
----
----
----
----
----
----
----
----
----
----
----
----
----
----
----
----
----
----
----
----
----
----
----
----
----
----
----
----
----
----
----
----
----
----
----
----
----
----
----
----
----
----
----
----
----
----
----
----
----
----
----
----
----
----
----
----
----
----
----
----
----
----
----
----
----
----
----
----
----
----
----
----
----
----
----
----
----
----
----
----
----
----
----
----
----
----
----
----
----
----
----
----
----
----
----
----
----
6119
9839
9840
38564
9810
26733
6204
6317
6319
6280
6288
24833
6811
6813
23479
3821
17380
7186
9416
2863
34638
7853
6828
6985
6846
15729
6888
6899
6900
6911
20456
6937
6973
7001
7032
7034
7040
7029
14330
7203
6430
38675
7427
6898
7582
7575
7576
7578
7579
7600
22294
7642
9271
15167
7712
7713
7716
7718
7708
7709
7826
7837
8156
8154
7885
7895
7893
946
29491
8020
9139
9140
11919
37739
33583
37699
11222
8226
8236
8238
8327
2294
2234
22391
20667
8449
8552
34847
29021
35843
8495
10689
8536
38025
8615
8617
8700
8702
21765
4853
19787
10225
17650
23043
17679
14814
13944
13945
9048
9060
9094
9095
9110
9151
15238
15239
36632
9307
9372
9398
14281
12079
9514
9516
9543
17171
17693
24691
9708
9710
21475
30629
12888
9941
8838
36470
9916
9991
9993
27106
16475
16245
10195
28959
10263
10267
37826
23890
11535
11536
11538
11546
1998
10478
19669
30862
10366
10367
10372
10444
10445
10446
10448
10449
10459
10460
522
10455
3426
3462
10613
12711
11109
11285
11286
27971
15117
15122
10851
23302
11031
11032
964
10998
10999
11000
11001
11002
11003
11005
11006
11007
11009
11011
11012
14270
20956
11525
20941
20950
12152
7708
11272
11273
11276
11279
11263
11267
11375
11421
11429
26375
11640
11734
11809
16733
6896
27628
11890
11931
11731
34270
8867
7658
12100
20490
3461
11514
18430
12274
12763
12384
12385
12398
12402
12413
12512
12485
17007
12491
12492
12510
12515
12465
12444
26983
23251
10788
10747
10749
20751
13405
31494
24658
24695
13154
13157
13158
13165
13168
13171
13172
13146
17969
13299
6682
15372
12885
26466
19353
13542
13761
13767
13616
14611
13645
33597
13740
13749
13752
13754
13770
13771
13772
13773
13780
12351
13050
12027
31081
13850
13853
13331
13937
23797
4901
14001
14020
32580
13447
14071
21877
3584
29199
18215
14336
15170
14379
14385
14588
14589
15005
1643
17046
14631
9736
14796
5525
24216
24221
17259
17255
4004
23110
5221
16052
14902
22398
19188
14990
14997
15000
15003
15004
29034
1864
23381
15182
37071
12869
27755
15322
15324
20323
28126
22298
34218
15537
15614
27779
19172
19178
15653
15677
15693
15706
15707
16745
15824
4555
28608
32358
15839
15889
15933
15934
20764
638
36288
18310
16193
33877
16238
16239
29383
22365
36949
27057
37538
5704
17727
15451
17065
16803
16804
16832
37821
16851
24710
16949
17859
15505
17049
17089
30462
19491
36315
17180
17494
17457
17275
17276
17310
26208
31685
27348
17551
17579
35947
32575
26719
5116
18946
13214
17758
17875
17963
2297
23373
5356
23454
37935
27280
21073
18168
18287
22610
18377
18380
18382
18383
18384
18386
18389
23699
18450
26392
33948
18579
18630
18635
18636
18670
18651
24269
22954
18716
18739
28420
22969
18848
18115
36610
20851
23333
21489
21490
15435
27587
19073
19157
19164
25782
19202
19226
3269
19267
27300
19315
19316
19315
11686
19508
19547
19548
19550
19551
19552
19533
19968
38681
23356
26700
19822
25808
4513
19853
19854
17263
19952
20558
20559
20560
20561
20562
2934
33018
1963
4552
20190
20529
20534
20353
20355
20357
20361
20362
20363
20366
20368
2561
21946
21948
34909
27282
20614
25718
20641
20642
20643
20646
20647
20666
15895
21406
21625
10719
2468
3802
15747
21436
36898
36899
29011
33252
21102
32597
21163
21173
21174
21175
21176
21161
21305
21309
21314
21294
21349
21594
36755
21448
21452
24187
29967
18975
4484
25229
25011
5248
21591
21587
21571
25494
25495
25496
25497
9405
23720
21735
28899
13395
18337
21878
22501
22502
22382
22383
21974
22376
22183
12559
22282
22283
22284
22290
27843
22339
13146
18023
18904
22499
35582
31697
31699
31701
22706
22707
22712
19097
25612
22544
25861
21436
11060
27797
27738
27287
27291
27297
37114
23334
25303
15866
23073
1059
23128
34933
34934
27305
18720
23763
23765
23766
10015
11185
27348
18115
23306
33575
4236
7145
23552
23556
23584
23641
23656
23658
23651
23684
23688
23689
2234
27220
4522
6922
32829
1882
18750
38626
24883
20686
33469
5343
24071
16052
38497
24304
24266
16378
24282
31270
16366
28524
3250
34179
38148
24384
34194
26216
20174
24540
24484
20174
24591
24571
24548
37332
24694
29055
37870
24662
25724
33322
27760
29796
20965
25593
1625
38325
24734
4986
31752
27376
25432
24927
35666
1563
30166
23016
25581
25603
37119
38416
25901
34798
33992
26061
29922
28449
31572
26259
33604
36722
26281
26789
34027
26790
26837
26637
26818
26674
26558
21212
26646
24256
26656
27951
26145
26735
37165
25957
2519
4911
26868
26839
8800
20013
4426
26970
16810
26924
15560
4641
33213
37687
6694
30088
30096
23594
29393
330
27339
27383
33549
19924
27432
27574
27765
27767
27771
27772
27690
27807
22254
34116
22135
33913
36484
27892
28062
27905
27913
22012
35925
28007
28010
28011
28064
28171
23009
28298
31898
21319
28327
37953
28597
28407
28411
14711
4762
19584
23311
28634
28650
28759
29206
28673
28757
28753
28760
28821
30833
11715
32116
28921
32488
29113
29118
29119
21566
29998
18865
29221
29219
11692
18288
18887
35979
29328
38603
31366
29528
29541
30492
32542
5142
29515
29713
29750
29777
29599
29739
31840
32742
5668
29818
37427
29888
29936
30002
21442
36764
36767
36769
30080
30023
30057
29067
37127
3330
30283
30251
30296
30299
30310
30312
30439
33332
30446
30510
12857
30577
9655
35230
30891
30744
30750
30789
34861
30833
30847
30859
34511
24568
4986
31069
28153
31123
31134
36249
20226
31244
31825
31826
28511
33210
31526
31489
31521
31547
31380
10348
31476
31459
31398
25346
16144
31563
31567
31899
31568
31583
23533
31623
36621
37799
21929
31676
31677
31722
36191
15838
32252
31874
7593
32094
32095
31938
31942
31946
31947
3263
20370
5834
15339
24570
32075
36867
34850
31911
32145
5372
5381
5387
32504
36671
32256
32257
32249
38050
32685
21313
32311
32348
32386
32431
21677
32494
32518
32500
29509
32698
32700
32624
18526
32642
38332
32933
32794
32801
32825
32826
32828
32810
32813
32814
1218
32867
37184
29274
32900
32902
32953
32954
32959
32963
27253
33012
33013
36931
33097
32675
33141
33214
33217
33230
11810
17353
33286
33319
33363
20611
33408
33421
35418
33498
33528
35136
33689
33724
33708
33965
33966
33861
33862
33201
35754
35763
38045
38166
18248
32006
24949
34150
34152
34175
23885
1660
20832
34400
34402
27971
2611
37244
34497
34498
34499
34500
34467
34564
34565
34569
34570
34578
19634
34724
27280
34691
34755
35543
35533
35773
31337
34906
34907
18964
6527
34975
27787
25181
1093
30689
30154
19923
13851
17578
9738
35200
35247
35248
35261
35262
35263
35264
35266
35100
35378
5171
35460
16260
35129
35506
35497
35239
37324
37966
35565
35566
36017
35605
15790
36299
35817
35818
35819
35824
35826
35831
35834
35800
35802
35808
35812
35873
27519
35901
35902
35903
35904
35905
35906
33272
26847
35919
35989
35921
10219
26388
36058
36062
36077
36112
36113
36114
36116
36117
36118
36120
36123
36125
36130
27542
36207
36213
36220
36253
36266
36279
36330
36340
36376
27064
36465
4136
36534
36537
20249
37475
36619
36665
36666
36685
36715
36713
36735
37179
29985
5248
37610
36922
37714
37744
37746
37783
37759
37651
37677
37680
37659
37766
26256
37160
37143
37140
37153
37151
37169
37173
37226
37228
37229
37240
37241
37246
37251
37234
37235
37238
37255
37256
37258
37259
37260
37296
37301
37302
37345
37354
37394
37405
4509
32798
29993
3158
36999
2234
37881
37939
35526
16356
37993
38004
27096
38030
21313
30229
31383
16697
38269
38272
38227
38264
38265
38267
2066
38350
38375
38376
38390
38475
38485
38486
38487
38488
38548
38574
4843
----
----
----
----
----
----
----
----
----
----
----
----
----
----
----
----
----
----
----
----
----
----
----
----
----
----
----
----
----
----
----
----
----
----
----
----
----
----
----
----
----
----
----
----
----
----
----
----
----
----
----
----
----
----
----
----
----
----
----
----
----
----
----
----
----
----
----
----
----
----
----
----
----
----
----
----
----
----
----
----
----
----
----
----
----
----
----
----
----
----
----
----
----
----
----
----
----
----
----
----
----
----
----
----
----
----
----
----
----
----
----
----
----
----
----
----
----
----
----
----
----
----
----
----
----
----
----
----
----
----
----
----
----
----
----
----
----
----
----
----
----
----
----
----
----
----
----
----
----
----
----
----
----
----
----
----
----
----
----
----
----
----
----
----
----
----
----
----
----
----
----
----
----
----
----
----
----
----
----
----
----
----
----
----
----
----
----
----
----
----
----
----
----
----
----
----
----
----
----
----
----
----
----
----
----
----
----
----
----
----
----
----
----
----
----
----
----
----
----
----
----
----
----
----
----
----
----
----
----
----
----
----
----
----
----
----
----
----
----
----
----
----
----
----
----
----
----
----
----
----
----
----
----
----
----
----
----
----
----
----
----
----
----
----
----
----
----
----
----
----
----
----
----
----
----
----
----
----
----
----
----
----
----
----
----
----
----
----
----
----
----
----
----
----
----
----
----
----
----
----
----
----
----
----
----
----
----
----
----
----
----
----
----
----
----
----
----
----
----
----
----
----
----
----
----
----
----
----
----
----
----
----
----
----
----
----
----
----
----
----
----
----
----
----
----
----
----
----
----
----
----
----
----
----
----
----
----
----
----
----
----
----
----
----
----
----
----
----
----
----
----
----
----
----
----
----
----
----
----
----
----
----
----
----
----
----
----
----
----
----
----
----
----
----
----
----
----
----
----
----
----
----
----
----
----
----
----
----
----
----
----
----
----
----
----
----
----
----
----
----
----
----
----
----
----
----
----
----
----
----
----
----
----
----
----
----
----
----
----
----
----
----
----
----
----
----
----
----
----
----
----
----
----
----
----
----
----
----
----
----
----
----
----
----
----
----
----
----
----
----
----
----
----
----
----
----
----
----
----
----
----
----
----
----
----
----
----
----
----
----
----
----
----
----
----
----
----
----
----
----
----
----
----
----
----
----
----
----
----
----
----
----
----
----
----
----
----
----
----
----
----
----
----
----
----
----
----
----
----
----
----
----
----
----
----
----
----
----
----
----
----
----
----
----
----
----
----
----
----
----
----
----
----
----
----
----
----
----
----
----
----
----
----
----
----
----
----
----
----
----
----
----
----
----
----
----
----
----
----
----
----
----
----
----
----
----
----
----
----
----
----
----
----
----
----
----
----
----
----
----
----
----
----
----
----
----
----
----
----
----
----
----
----
----
----
----
----
----
----
----
----
----
----
----
----
----
----
----
----
----
----
----
----
----
----
----
----
----
----
----
----
----
----
----
----
----
----
----
----
----
----
----
----
----
----
----
----
----
----
----
----
----
----
----
----
----
----
----
----
----
----
----
----
----
----
----
----
----
----
----
----
----
----
----
----
----
----
----
----
----
----
----
----
----
----
----
----
----
----
----
----
----
----
----
----
----
----
----
----
----
----
----
----
----
----
----
----
----
----
----
----
----
----
----
----
----
----
----
----
----
----
----
----
----
----
----
----
