1
68
33210
34381
9
33302
16961
33180
32576
12942
36143
34821
35453
5957
16425
36317
491
22144
10263
18223
35824
343
28414
32812
18399
12448
482
20459
3745
12183
35671
25938
8634
7711
4409
34695
11037
8247
21669
27983
9401
12976
36306
4372
17829
30730
10637
7255
34676
9153
10098
18508
35411
933
22821
14884
33735
33250
32462
36154
28659
25462
1603
18746
18969
28750
10673
17164
2853
31666
34417
30332
28993
14123
28297
18936
33598
16551
36409
12225
25
24904
35373
36359
10369
23230
1209
34408
16682
2036
24015
9815
20568
26491
32713
6856
1312
22469
7204
25747
6915
33014
1786
11071
36378
15315
34655
12313
35495
15905
36577
8865
26
750
19471
3132
12307
36152
20992
17980
22564
33557
16668
4953
35020
1683
9381
10154
20303
35234
32642
2974
3737
6380
21434
4155
8528
34650
52
892
27209
12484
19413
14945
16597
11783
36626
36212
10460
12464
2483
30
10302
9144
4551
11665
13422
8301
36618
15976
16307
23042
28902
11894
17374
21555
22961
15412
6917
14966
26063
32794
17199
11476
3488
34508
16213
3820
24008
33679
12472
19173
23484
34173
7613
12726
31808
12120
21228
30864
401
13264
17063
22408
9398
9440
12077
14184
27028
29884
26223
503
1155
26492
31411
18635
23566
2847
6583
36310
21918
24257
31263
13590
27874
28
14751
33104
13303
33093
140
24171
35
358
19546
12871
2856
6796
8072
25315
30863
2026
8714
28287
29682
15803
24179
30480
6560
10431
28916
10025
14139
17454
9839
33486
36372
2309
12953
31622
38
175
10325
6706
10503
11848
15385
2052
17891
27868
11918
20794
6235
4642
17514
19890
21331
93
22682
25605
34675
35589
5674
6435
33449
264
15995
32405
6131
15963
17422
23132
29361
34130
2511
6520
6523
15993
26943
30286
34774
15102
15535
15880
24645
31563
7328
7823
12243
34799
21310
28795
36442
11824
11930
14634
14861
160
15791
23024
24145
9202
10808
16063
19313
23643
6501
7500
8871
17285
19727
36110
9352
28138
33761
553
7849
8420
10905
36123
1458
8585
14437
15012
16165
18136
20855
22736
27359
2756
5652
14754
17996
23040
29706
4494
12111
34923
12071
22659
23456
9960
10863
22298
26155
27590
30942
31207
7726
9029
11928
14008
14665
26205
8617
11437
27134
12724
26562
35394
350
2098
12258
13371
14120
20745
33997
1953
8944
11229
25525
27248
31786
1350
1592
3005
4425
6747
8560
11304
12714
15561
17148
20871
21207
28197
5551
7657
9788
11858
28270
35410
5169
17390
24246
27515
30506
33349
5971
9243
13927
15093
16750
23783
24852
29317
833
1566
1682
4993
6693
11130
13806
17531
17742
19126
31776
6551
7417
8082
14666
16607
18375
18777
20569
26960
28561
29173
4332
7102
8423
18037
19540
32182
35118
1564
3257
12648
14662
23560
25007
28114
32409
15068
17041
25489
30948
3931
4884
7270
11849
14749
15091
25125
34914
36254
1110
2200
2746
10585
12523
12593
14602
17666
19339
19773
19925
20857
25276
25609
31175
33623
2388
3408
8910
14638
16392
20394
25420
25830
28255
32220
32538
3196
4701
12166
14709
19539
22588
23092
23342
26779
29285
35614
2512
3570
6322
11085
11829
11873
23223
29699
29827
319
1954
11083
11514
11885
12083
12603
14695
14794
19157
21076
21373
22768
25115
32973
34269
7652
7772
9805
10189
10764
17369
18139
18386
18636
19344
19523
21911
25158
25499
35247
3541
5540
7157
8595
10152
11626
11838
12302
16916
20055
20457
24005
24968
26711
31762
31867
32879
330
1424
2120
2528
3246
3361
3562
4971
6847
7603
8241
9003
9193
10445
10868
13228
14121
14317
14359
18154
20970
21994
22189
23053
23085
25480
27474
28571
30796
35412
36191
36548
36652
1400
2248
6861
7540
11247
20628
23607
25530
26057
28532
28820
32774
34617
36147
4448
6001
7195
11338
14093
18700
21744
21799
24646
25787
26405
27175
28139
33929
440
2434
7995
11803
15268
16252
17158
17201
17982
18118
18394
19301
20948
21725
22473
22717
23149
25649
27351
27873
28884
30051
31374
31840
35040
1435
2235
3398
4866
7398
8979
9659
9861
11470
11955
12675
16084
17649
17840
19405
22351
24947
25180
27342
28166
28396
31185
35697
36389
36557
2328
2844
2951
3052
3792
6673
7003
7403
9245
11127
11600
12449
12532
12791
13534
18342
23865
24927
26030
31024
35274
1289
4527
4986
5226
5463
7004
8549
10737
14239
14683
14937
17929
18304
18421
19012
20668
21629
22908
23079
23519
24421
33846
33985
34163
34294
1454
2138
2795
3345
4198
4283
4368
6284
7062
7392
11778
12344
16872
17064
19247
20248
20349
21013
24593
25121
25368
25962
31767
35681
36601
181
1171
1783
2874
4659
5984
6178
7616
7830
8077
9729
11839
12131
15180
17766
17977
19050
19406
20484
20842
21005
24690
27880
29337
30962
31455
32433
32984
34233
34723
197
839
909
2915
3186
3335
3882
4478
5043
5051
5476
7535
8703
10584
10888
11468
13419
14644
18808
18816
19857
20077
20736
22113
24993
25073
25177
26980
27781
27948
309
1534
2040
6312
6676
6873
9289
9565
11090
11825
11851
12103
12155
12665
15655
16568
18167
19951
20607
21585
22459
22683
23193
31486
32849
33652
35073
35703
36397
36438
955
1089
4470
5382
5843
7378
7833
8713
10159
10286
11983
12104
12281
12804
14412
16175
16660
17696
17921
18334
18416
18514
19820
19949
23832
23850
25041
25175
26652
27715
28044
28911
29100
29852
30607
31686
32465
32597
34349
35692
36642
749
1240
2724
2863
3726
5096
6229
6241
7695
8672
8911
9014
10578
11785
12170
12254
12292
13052
14366
14771
15476
15891
16357
18786
19874
20344
20865
21580
21922
22313
22678
23476
25738
26274
27004
27117
27479
28097
28242
28855
31644
32531
32985
34278
35052
36226
1891
2044
2860
3164
3845
3890
4066
4934
5286
5730
6308
7006
7758
8339
8380
8846
9197
9631
10901
11923
12113
15418
16681
17332
17571
17870
19128
23614
24243
25486
25628
25841
26507
26714
29322
29857
30736
31230
31967
32092
33857
34657
34857
36099
2435
3350
3376
4615
5421
5659
6190
7128
7167
7590
7663
7892
8190
9354
9595
10054
10236
10294
10323
10330
10724
11841
12468
14407
14830
15504
15780
16229
17605
17791
19124
19250
19292
20000
20039
20793
22409
22419
24395
26145
26545
28926
31148
31228
31505
31702
32391
33694
34351
35487
35511
36453
217
2687
2762
3511
5389
6100
6403
6430
6914
7553
8169
8710
8945
9392
11526
12759
14043
14756
15038
16671
17464
18017
18779
19282
20255
20392
20712
20797
20956
21935
22631
22744
23179
24033
24152
25160
27346
28776
28985
29334
30400
30765
32300
32962
33548
33551
33749
34691
35067
35545
35896
1000
2240
3760
4735
4817
4909
5452
5642
6823
6956
7783
7880
8113
8541
9047
9064
9269
9563
9770
9819
11879
11909
11943
13600
15772
16118
16211
17338
17395
17498
18299
18380
19053
19226
19369
19765
20285
20504
21102
21325
21627
22572
22796
23211
23894
24111
24832
24893
24962
25174
25307
27336
27463
28355
28892
29676
29869
30109
30533
32283
33372
33527
33860
34881
35775
36533
630
2043
3795
3932
4456
4567
4933
5740
6180
6778
6786
6854
8950
9730
9810
9832
10116
10430
11459
11872
12395
12401
13108
13698
14051
14315
14759
14856
15078
15306
15639
15822
15930
16008
16313
17658
18420
18519
19133
19302
19417
19948
20447
21097
21481
21860
22938
23195
23463
23524
24150
24155
25284
25925
26952
28339
28423
29518
29875
30041
30596
30822
31841
31959
32552
34433
35444
36149
36690
372
565
954
1223
2046
2109
2726
3564
3777
4226
4273
4285
4736
4956
5521
5743
6005
6246
6275
6464
6704
7056
7258
7552
7809
8030
8057
8210
8355
8797
9077
9223
9395
9558
10162
10296
10535
11089
11536
11929
12279
12713
12735
12832
12991
13026
13701
14752
14893
15393
15528
15551
15572
15736
15852
16233
16632
16690
16718
16885
17010
17511
17779
18833
19201
19271
19372
19557
19561
20151
20675
20926
21062
21127
21589
22036
22284
23548
23577
23612
23628
24161
24326
24337
24917
25696
25807
26036
26070
26579
26624
27509
28089
28494
29311
30005
30376
30931
31007
32100
32715
32726
33119
33144
33819
34134
34647
34913
34996
35170
35223
35925
36000
36291
36476
119
1090
1143
1824
2060
2348
2591
2637
2850
2869
3043
3453
3695
4210
4601
5108
5285
5668
6090
6250
6298
6703
6857
6892
6953
7311
7626
7742
8544
8554
8867
8904
9039
9094
9732
10365
10777
11282
11781
11999
12257
12333
12348
12581
12660
12823
13203
13255
13611
13790
14168
14294
14375
14504
14563
15438
15529
15545
15546
15570
15802
16036
16043
16303
16364
16533
17114
17337
17385
18178
18396
19142
19525
19828
20267
20750
20813
21335
21412
21791
21837
22170
22665
22889
22966
23520
23845
23989
24336
24611
24940
26110
26410
27024
27394
27433
27504
27562
27634
27696
27818
28049
28263
28849
28942
29007
29204
29388
29479
30000
30050
30260
30296
30305
30432
30433
30457
30537
30774
31342
31743
31902
32446
33131
33297
34608
34740
34972
35304
35419
35448
35538
35600
35674
35935
36210
36555
36665
515
1228
1429
1521
1860
2038
2504
2569
3428
3755
3764
4386
4893
4968
5457
5575
6209
6274
6339
6591
6776
6960
7214
7334
7494
7579
7642
7670
7814
7850
8315
8511
8561
8940
9317
9364
9677
9816
10062
10274
10492
10950
11826
11945
11969
11972
12188
12246
12370
12376
12964
12966
13140
13260
14156
14682
14702
15065
15177
15405
15414
15578
16086
16292
16465
16848
17249
17414
17611
17842
18405
19127
19196
19300
19645
19649
20070
20345
20702
20774
20889
20955
21082
21399
21847
22121
22193
22587
22819
22928
23317
23341
23651
23675
23899
23981
24025
24262
24431
24667
24728
24841
24924
25304
25567
26154
26556
26601
26615
27283
27460
27508
27560
27622
27886
27922
28322
28336
29486
29535
30428
31045
31302
31456
31546
31783
32025
32581
32855
33070
33164
33234
34373
34490
35027
35338
35391
35502
35741
36013
36216
36311
646
880
990
1189
1364
1787
1821
1830
2303
2361
2438
2525
2721
2775
2914
2960
3153
3268
3351
3390
3565
3610
3854
3994
4093
4373
4381
4566
4984
4992
5195
5199
5235
5237
5310
5371
5504
5515
6016
6099
6266
6323
6600
6657
6691
6840
6986
7162
7180
7189
8080
8390
8410
8441
8603
8654
8753
8889
8915
8921
9025
9040
9351
9551
9981
10134
10314
10633
10663
10780
10792
10960
11069
11534
11548
11678
11723
11922
12322
12329
12330
12336
12615
12729
13084
13139
13173
13813
13884
14096
14255
14356
14465
14526
14672
14782
14891
15072
15257
15296
15308
15649
15933
15970
15971
16015
16081
16167
16179
16407
16430
16499
16713
16737
17056
17068
17079
17106
17252
18333
18624
19006
19097
19720
19761
19984
20260
20726
20959
21154
21239
21870
22540
22618
22652
22685
22809
22892
22971
23028
23313
23347
23493
23507
23555
23898
23931
23968
24174
24272
24363
24391
24458
24461
24502
24916
24985
25000
25011
25342
25467
25906
25960
26801
27212
27296
27591
27598
28793
29015
29183
29214
29294
29316
29346
29572
29722
30088
30098
30442
30748
31113
31133
31254
31388
31433
31791
31957
32256
32305
32801
32806
33056
33072
33675
33914
34022
34404
34413
34782
34870
36252
36437
36560
36602
662
705
754
969
1059
1133
1183
1269
1443
1465
1555
1588
1913
2045
2192
2246
2430
2461
2496
2664
2667
2697
2708
2832
2976
3046
3090
3224
3234
3273
3333
3362
3380
3442
3446
3448
3465
3519
3568
3605
3619
3684
3718
3742
3866
3886
4009
4058
4064
4423
4445
4451
4471
4725
4919
4990
5254
5267
5306
5376
5615
5640
5658
5712
5798
5837
5882
5976
6055
6155
6194
6242
6426
6535
6544
6578
6584
6617
6718
6775
6831
6885
6961
6971
7044
7158
7305
7421
7537
7580
7763
7804
8060
8116
8438
8523
8783
8786
8966
9136
9210
9327
9357
9438
9596
9719
9800
9937
10016
10191
10444
10517
10664
10838
10855
10943
10944
11020
11148
11530
11656
11886
12160
12196
12298
12380
12420
12510
12538
12795
12896
13043
13475
13522
14189
14191
14342
14419
14424
14558
14881
15109
15127
15280
15429
15588
15629
15664
15746
15859
15863
15879
15888
15914
15928
16156
16628
16697
16741
16774
16869
16890
17054
17149
17228
17434
17764
17817
17838
17859
17951
18072
18325
18652
18806
18828
18895
18965
19070
19074
19077
19092
19284
19317
19335
19341
19346
19416
19521
19527
19992
20112
20295
20348
20483
20693
20876
20886
21068
21152
21171
21230
21249
21405
21493
21543
21695
21736
22024
22103
22116
22304
22308
22327
22350
22527
22550
22569
22570
22607
22617
22623
22876
22973
22999
23389
23457
23487
24471
24480
24810
24980
25302
25356
25500
25655
25672
25730
25733
25793
26047
26202
26407
26456
26532
26537
26548
26635
26644
26683
26905
26974
27153
27167
27230
27618
27740
27807
27843
28162
28320
28500
28574
28599
28802
28903
28949
29077
29199
29245
29421
29703
29715
29742
30068
30173
30299
30704
30705
30932
31009
31193
31202
31428
31430
31473
31532
31553
31627
31661
31727
31818
31945
32043
32112
32139
32205
32284
32308
32343
32429
32439
32871
33150
33313
33578
33753
34062
34514
34525
34547
34601
34851
34942
34955
35056
35270
35641
35734
35810
35884
35952
35974
36101
36220
36304
36387
299
862
916
930
1227
1463
1471
1547
1568
1645
1702
1831
1958
1982
2065
2090
2136
2201
2202
2210
2215
2217
2393
2460
2490
2523
2524
2554
2606
2633
2636
2680
2790
2791
2836
2842
2855
2861
2862
2865
2884
2975
3187
3325
3339
3595
3643
3662
3732
3775
3830
3842
3948
4291
4318
4357
4370
4396
4443
4459
4520
4728
4882
4892
4917
4972
4999
5076
5091
5092
5094
5173
5209
5217
5240
5251
5398
5455
5501
5503
5528
5623
5638
5746
5804
5877
5995
6018
6052
6053
6054
6056
6071
6123
6347
6375
6377
6411
6453
6498
6507
6550
6572
6620
6713
6744
6760
6766
6824
6825
6826
6827
6835
6907
6916
6919
6924
6946
6959
6978
7071
7133
7146
7359
7471
7517
7630
7787
8095
8104
8147
8165
8216
8223
8256
8340
8345
8448
8529
8532
8566
8605
8754
8764
8795
8887
8949
8982
9010
9209
9370
9420
9742
9872
10042
10068
10092
10133
10142
10287
10289
10357
10375
10495
10534
10548
10603
10653
10665
10674
10874
10913
11074
11221
11354
11451
11482
11521
11827
11831
12004
12023
12033
12040
12066
12069
12152
12167
12178
12210
12215
12365
12385
12481
12548
12597
12900
13038
13054
13095
13131
13311
13386
13442
13476
13542
13577
13612
13705
13710
13722
13739
13746
13893
13962
14094
14113
14264
14274
14410
14478
14501
14527
14557
14606
14612
14678
14740
15106
15207
15272
15422
15423
15439
15592
15625
15705
15720
15721
15805
15911
16021
16092
16144
16188
16281
16402
16489
16630
16673
16792
16923
16924
17113
17213
17257
17265
17351
17375
17404
17449
17456
17570
17616
17726
17795
17879
18005
18023
18028
18045
18142
18190
18232
18296
18322
18536
18592
18654
18682
18683
18684
18801
18860
18913
18998
19004
19095
19103
19280
19308
19319
19330
19363
19429
19632
19653
19686
19846
19873
19914
20066
20111
20258
20355
20614
20882
20911
21115
21173
21222
21298
21341
21347
21357
21425
21513
21639
21655
21751
21788
21789
21821
21826
21844
21863
22194
22236
22301
22305
22307
22310
22395
22468
22671
22679
22773
22860
22907
22974
23002
23019
23020
23022
23030
23110
23202
23283
23491
23502
23565
23642
23788
23838
23852
23862
23902
23903
23914
24047
24071
24129
24199
24216
24227
24279
24359
24365
24488
24498
24661
24687
24689
24743
24801
24939
24958
24974
24981
24983
25360
25389
25478
25809
25896
25927
26064
26083
26085
26087
26213
26372
26413
26419
26479
26585
26590
26611
26751
26839
27089
27121
27217
27382
27449
27484
27514
27741
27890
27950
28104
28105
28190
28373
28522
28558
28565
28577
28645
28657
28772
28809
28905
28995
29000
29064
29074
29275
29283
29319
29333
29389
29447
29475
29503
29606
29658
29771
29785
29794
29850
29871
29948
30055
30078
30083
30146
30151
30197
30210
30265
30282
30345
30593
30650
30903
30982
31023
31071
31074
31075
31088
31089
31112
31191
31265
31267
31492
31512
31541
31575
31593
31611
31617
31618
31634
31660
31664
31712
31756
31766
31801
31815
31868
31869
31955
31994
31995
31996
32083
32128
32340
32413
32560
32568
32727
32802
32818
32843
32886
32948
32954
33051
33078
33118
33152
33160
33300
33305
33333
33399
33419
33437
33672
33673
33711
33968
34092
34206
34211
34451
34472
34492
34673
34685
34750
34788
34789
34947
35176
35182
35296
35332
35720
35782
35845
35847
35862
35980
36041
36053
36124
36125
36290
36345
36367
36454
36630
36662
294
295
522
794
944
1176
1218
1255
1362
1692
1697
1714
1772
1795
1837
1856
1875
1944
1973
1976
1980
2004
2027
2153
2213
2218
2220
2301
2327
2354
2431
2432
2503
2527
2539
2577
2580
2586
2634
2645
2651
2653
2660
2671
2720
2758
2786
2794
2798
2805
2817
2824
2826
2848
2864
2871
2885
3084
3144
3274
3278
3427
3431
3432
3434
3518
3550
3578
3622
3625
3636
3666
3671
3672
3674
3685
3694
3703
3711
3727
3771
3774
3785
3812
3843
3927
3951
3953
3961
4062
4065
4073
4074
4082
4083
4103
4107
4108
4111
4166
4167
4168
4169
4171
4172
4174
4205
4218
4278
4279
4324
4405
4457
4460
4524
4530
4542
4543
4613
4733
4782
4809
4883
4903
4905
4994
5038
5072
5111
5119
5131
5161
5184
5192
5211
5214
5218
5238
5239
5314
5329
5330
5356
5403
5437
5461
5464
5468
5469
5470
5490
5506
5526
5532
5569
5576
5582
5583
5610
5621
5670
5680
5779
5782
5805
5813
5827
5828
5848
5856
5857
5875
5889
5901
5936
5941
6078
6126
6128
6130
6136
6137
6153
6189
6191
6192
6195
6196
6206
6207
6225
6238
6248
6259
6260
6330
6378
6379
6382
6395
6400
6409
6441
6443
6496
6539
6541
6542
6626
6633
6647
6649
6660
6705
6707
6719
6720
6721
6723
6726
6737
6738
6739
6792
6858
6862
6868
6904
6909
6910
6923
6939
6943
6954
6958
6974
6976
6977
7020
7027
7093
7103
7113
7126
7142
7164
7205
7237
7238
7248
7306
7318
7320
7361
7371
7381
7382
7389
7390
7393
7405
7412
7414
7427
7431
7446
7472
7554
7617
7623
7674
7698
7791
7808
7813
7897
7898
8017
8078
8079
8129
8149
8179
8204
8211
8217
8235
8263
8405
8556
8606
8609
8636
8641
8652
8681
8730
8741
8800
8873
8875
8876
8892
8895
8896
8953
8986
9002
9011
9012
9050
9057
9070
9127
9134
9164
9239
9297
9377
9450
9456
9510
9521
9575
9594
9603
9654
9658
9712
9746
9774
9781
9799
9813
9858
9873
9919
9929
10047
10067
10099
10145
10193
10219
10242
10291
10298
10305
10319
10366
10413
10420
10423
10587
10605
10614
10615
10730
10799
10801
10810
10853
10872
10923
10932
10933
10966
10992
11087
11091
11162
11218
11220
11222
11223
11295
11297
11298
11301
11326
11401
11417
11463
11466
11477
11515
11541
11794
11799
11813
11816
11924
11925
11926
11932
11936
11964
12012
12016
12018
12019
12043
12046
12048
12051
12074
12119
12123
12216
12366
12367
12388
12403
12421
12461
12543
12544
12545
12549
12574
12601
12695
12702
12704
12707
12708
12709
12710
12712
12716
12718
12719
12722
12725
12727
12733
12739
12802
12863
12908
12935
12975
12977
13015
13029
13039
13041
13049
13055
13059
13061
13111
13135
13136
13142
13145
13159
13193
13460
13481
13505
13579
13585
13587
13607
13633
13676
13767
13830
13838
13864
13881
13967
14030
14034
14099
14111
14193
14196
14214
14267
14405
14406
14418
14428
14525
14528
14541
14549
14553
14636
14813
14839
14876
14880
14943
14950
14972
15051
15088
15262
15311
15321
15324
15332
15333
15365
15367
15374
15424
15426
15431
15433
15437
15482
15505
15537
15566
15687
15704
15717
15725
15726
15728
15809
15935
15936
15939
15944
16026
16073
16103
16207
16291
16299
16309
16315
16332
16343
16398
16423
16502
16575
16588
16589
16625
16626
16638
16693
16698
16773
16775
16776
16789
16793
16851
16853
16866
16904
17007
17014
17020
17038
17043
17049
17053
17101
17103
17109
17121
17193
17195
17230
17238
17260
17279
17310
17314
17323
17335
17383
17398
17488
17502
17506
17563
17590
17716
17738
17758
17807
17808
17844
17845
17926
17943
17948
17988
17998
17999
18033
18035
18044
18069
18114
18141
18157
18158
18161
18175
18184
18224
18255
18295
18358
18406
18418
18428
18476
18533
18537
18552
18569
18572
18573
18577
18663
18694
18734
18735
18790
18795
18826
18871
18986
19069
19072
19163
19165
19179
19180
19204
19273
19277
19332
19377
19397
19410
19441
19466
19530
19532
19542
19564
19568
19585
19619
19635
19648
19658
19659
19679
19724
19747
19947
19955
19956
19987
20016
20086
20088
20109
20153
20169
20216
20234
20250
20411
20519
20580
20581
20649
20650
20665
20699
20707
20762
20764
20784
20834
20880
20888
20893
20895
20896
20900
20905
20906
20907
20910
20969
20979
20982
20985
20990
20991
21020
21057
21099
21103
21123
21153
21158
21159
21163
21166
21174
21218
21233
21260
21295
21305
21313
21339
21353
21430
21456
21468
21508
21531
21547
21550
21590
21599
21637
21682
21688
21692
21696
21697
21734
21742
21754
21781
21864
21880
21898
21954
21963
21992
22049
22050
22055
22056
22058
22190
22201
22237
22256
22257
22261
22262
22446
22486
22543
22608
22609
22613
22614
22636
22674
22681
22817
22841
22898
22902
22904
22985
23018
23023
23025
23026
23060
23084
23153
23155
23182
23251
23270
23355
23356
23358
23361
23373
23415
23426
23452
23475
23495
23576
23606
23623
23661
23816
23829
23833
23884
24016
24034
24042
24044
24046
24052
24060
24088
24099
24153
24176
24200
24226
24242
24252
24313
24341
24364
24467
24476
24477
24478
24492
24528
24535
24606
24677
24715
24722
24726
24729
24730
24731
24766
24767
24803
24858
24955
24972
25009
25034
25061
25220
25303
25327
25328
25329
25352
25367
25421
25443
25444
25496
25522
25676
25701
25728
25764
25766
25802
25811
25836
25893
25894
25903
25904
25921
25923
25930
25968
26037
26084
26204
26236
26267
26347
26356
26371
26374
26392
26425
26500
26528
26540
26546
26576
26583
26586
26591
26603
26730
26736
26780
26799
26810
26907
26926
26946
26947
26948
26972
26976
27033
27042
27054
27159
27168
27224
27246
27286
27368
27378
27549
27600
27607
27649
27654
27680
27685
27701
27708
27717
27723
27746
27760
27840
27883
27918
27998
28030
28043
28050
28131
28174
28278
28328
28379
28383
28443
28465
28541
28555
28564
28667
28671
28675
28677
28729
28757
28761
28771
28778
28906
28939
28951
28968
29140
29154
29195
29303
29310
29324
29363
29381
29396
29400
29418
29435
29438
29446
29462
29544
29580
29638
29688
29732
29770
29787
29797
29824
29828
29843
29856
29864
29870
29890
29933
30011
30013
30021
30154
30279
30379
30385
30429
30438
30439
30440
30443
30465
30490
30496
30561
30651
30689
30702
30724
30729
30790
30807
30832
30846
30869
30875
30897
30920
30970
31036
31090
31091
31101
31109
31190
31197
31204
31217
31227
31438
31461
31485
31511
31514
31528
31639
31662
31663
31740
31800
31805
31806
31843
31865
31879
31892
31898
31914
31938
31944
32005
32066
32127
32143
32165
32166
32214
32301
32348
32351
32375
32380
32382
32383
32389
32556
32607
32610
32627
32628
32629
32630
32632
32667
32695
32764
32811
32841
32865
32964
33096
33205
33212
33216
33218
33289
33336
33343
33398
33420
33460
33616
33626
33649
33676
33681
33687
33698
33700
33726
33803
33814
33832
33841
33925
33957
33959
33974
34077
34080
34081
34093
34095
34180
34182
34193
34241
34246
34321
34342
34402
34440
34442
34444
34454
34471
34483
34531
34619
34684
34719
34727
34734
34736
34754
34780
34787
34795
34835
34850
34912
34932
34945
34994
35060
35071
35097
35195
35198
35261
35276
35302
35468
35506
35518
35605
35700
35727
35737
35816
35825
35828
35832
35842
35846
35848
35853
35854
35857
35916
35931
36033
36035
36085
36108
36157
36168
36332
36360
36412
36430
36440
36462
36463
36465
36544
36680
36688
36689
213
214
215
316
405
552
718
802
822
902
927
996
1216
1367
1440
1452
1455
1456
1461
1464
1472
1477
1485
1486
1490
1519
1520
1553
1554
1562
1570
1573
1575
1576
1696
1698
1724
1725
1728
1741
1853
1854
1911
1912
1915
1916
1917
1918
1920
1931
1935
1938
1940
1946
1948
1955
1979
2005
2006
2007
2009
2011
2012
2017
2020
2021
2022
2031
2039
2108
2204
2222
2260
2266
2324
2325
2355
2357
2436
2478
2479
2480
2485
2489
2491
2549
2570
2581
2589
2590
2592
2593
2631
2638
2639
2640
2642
2643
2665
2684
2722
2742
2807
2810
2812
2814
2834
2835
2840
2843
2845
2994
3021
3117
3118
3120
3157
3171
3174
3178
3179
3181
3182
3184
3188
3193
3198
3199
3220
3225
3227
3255
3263
3265
3327
3353
3354
3415
3436
3439
3440
3459
3462
3471
3498
3574
3584
3601
3608
3609
3611
3635
3639
3640
3641
3644
3646
3648
3649
3652
3653
3654
3659
3661
3663
3664
3665
3667
3668
3675
3678
3679
3680
3681
3682
3683
3688
3689
3696
3697
3698
3699
3701
3702
3705
3706
3707
3708
3709
3710
3712
3713
3715
3762
3768
3769
3776
3779
3780
3781
3782
3783
3788
3789
3790
3791
3796
3802
3803
3804
3805
3806
3807
3832
3840
3841
3846
3847
3855
3858
3877
3888
3902
3935
3937
3943
3950
3952
3968
3972
3989
3995
3997
3999
4041
4059
4061
4068
4069
4072
4075
4078
4109
4129
4137
4150
4184
4187
4194
4201
4213
4242
4243
4244
4265
4322
4327
4339
4377
4380
4384
4391
4395
4398
4399
4402
4434
4436
4437
4438
4440
4441
4504
4506
4510
4516
4518
4522
4526
4532
4535
4556
4560
4582
4590
4608
4640
4779
4783
4800
4805
4808
4877
4886
4900
4901
4918
4952
4955
4959
4964
4980
4989
4996
5013
5037
5039
5044
5046
5050
5052
5055
5058
5082
5089
5097
5106
5107
5110
5112
5118
5127
5128
5129
5130
5137
5140
5147
5159
5162
5164
5168
5171
5202
5204
5205
5207
5213
5246
5249
5287
5298
5309
5311
5313
5316
5318
5323
5324
5325
5326
5331
5335
5348
5354
5390
5391
5392
5393
5395
5420
5423
5433
5449
5453
5500
5510
5511
5513
5529
5530
5534
5541
5542
5543
5563
5564
5566
5570
5572
5573
5586
5592
5594
5595
5596
5604
5620
5649
5650
5667
5681
5715
5754
5755
5767
5781
5791
5794
5812
5831
5832
5833
5834
5835
5836
5839
5842
5846
5849
5855
5864
5880
5905
5918
5926
5943
5944
5945
5949
5951
5952
5956
5961
5963
5964
5975
5979
6033
6068
6074
6075
6077
6081
6082
6084
6085
6086
6087
6097
6098
6113
6115
6118
6122
6127
6133
6149
6156
6167
6168
6176
6199
6201
6202
6204
6205
6230
6236
6237
6254
6256
6270
6278
6279
6281
6309
6310
6325
6327
6336
6358
6393
6396
6399
6444
6456
6466
6474
6478
6479
6480
6489
6493
6494
6495
6499
6500
6506
6513
6534
6536
6548
6552
6558
6575
6581
6586
6598
6603
6604
6612
6634
6650
6653
6709
6724
6725
6727
6731
6745
6748
6749
6779
6782
6783
6788
6803
6805
6806
6807
6809
6810
6814
6841
6842
6844
6845
6850
6853
6859
6888
6889
6890
6891
6893
6895
6901
6918
6922
6925
6928
6930
6932
6933
6934
6937
6940
6962
6963
6964
6972
6979
6984
6993
6994
6996
6999
7001
7002
7005
7009
7013
7015
7016
7021
7022
7032
7033
7034
7039
7040
7041
7046
7059
7064
7065
7066
7068
7074
7076
7077
7079
7081
7084
7088
7089
7092
7098
7105
7117
7118
7119
7135
7136
7140
7144
7147
