2562
23853
32730
11186
37476
26720
17441
37386
35288
19005
31296
17699
34955
28570
6565
5207
28428
21405
25949
27392
33318
27664
24935
20415
3817
34602
7330
26932
25664
26568
14561
34487
29742
32435
3995
28872
18792
13748
37035
13083
27211
21439
7181
26776
37389
11725
34016
31061
10911
19595
6828
17008
33698
2916
31717
37716
30369
38476
25749
6768
35162
34219
31079
21795
9121
29743
31136
28964
23023
9588
27651
11915
19061
8466
6617
28220
11779
36830
34895
33688
26146
27483
19
32229
26395
33768
11350
16746
13522
8708
18955
31370
17339
24122
13596
12420
9124
5308
11381
23791
12576
22632
35390
30088
34619
37325
8169
25793
38129
22596
28378
31384
5489
5515
11324
7418
37552
36944
37623
37082
16222
26241
2633
28589
37672
5530
30274
35513
15163
23302
16721
37567
26655
31250
30487
2402
2225
20933
912
16583
12385
36140
19183
22863
2205
16068
33284
9053
10959
27521
32212
35406
22708
31957
24851
25321
32352
33010
29912
27955
33365
1286
5064
14518
4519
7731
14981
36556
37515
15831
7387
30433
9889
16421
26390
34615
4259
9130
20455
27360
36506
28834
5029
35362
37605
24202
7483
9600
14824
35064
2470
13245
15081
7197
1223
7837
17920
18363
28177
9514
23482
27203
3694
6876
28778
35430
18234
6909
9118
16798
26697
34677
18603
23210
24943
580
3327
24176
19892
2677
6461
34499
36899
34237
2011
5518
23321
28529
37754
2187
22987
23765
31980
36205
29803
36005
36460
8618
14320
28791
36845
9606
18960
26528
30310
31425
32046
33730
7666
12570
19052
2629
6185
11608
18368
27040
5604
7333
17455
35423
24075
34132
36008
18602
29829
36567
4391
20841
32215
9452
9620
14212
14336
15080
16368
18723
38491
6073
37163
37994
1330
2682
2798
10651
11453
21379
22674
5788
6265
20668
1938
2269
5271
5566
6018
7162
9132
15994
18167
24941
28958
3700
4970
5293
5362
5706
7155
8174
9598
9715
16453
17337
25620
5290
6612
16426
17326
17774
18756
20449
23456
24134
24416
32811
36857
37656
1801
3041
16118
18329
19405
19406
23269
23274
23774
33594
2613
3348
7119
9216
9884
11389
12397
20881
22613
23572
26521
32466
32796
536
2576
4000
6493
8591
24937
25022
33783
35393
1503
5225
5295
7450
12070
14333
25906
27058
28828
28966
33021
36795
36815
37031
2744
7165
8987
11752
13735
13768
14213
18701
23680
25367
25657
26040
30693
33681
37581
339
1993
5046
5553
6836
8632
9122
10905
16007
17634
24448
27005
27266
36808
37615
37624
37888
38068
1325
1768
2750
3301
4663
6186
7561
9353
17057
17611
19981
23691
27195
29806
32038
33895
34739
35476
36195
36280
36676
36798
37051
3141
4396
5339
5644
5700
6227
9147
9876
11498
14032
14514
16528
17683
17910
21602
23495
24422
27198
29326
32957
36123
36142
37110
37230
37717
37928
1863
1937
2669
2679
3162
3911
4170
4242
5777
6813
7190
7482
8021
8506
9114
11413
11565
17117
17130
17704
18173
19443
23216
23718
23976
26488
27073
28306
28312
29333
30581
32860
34828
35085
35489
36196
36715
37016
37537
38013
2684
3011
3315
4814
4815
5532
5840
5961
5969
6780
6832
8122
8577
9143
10304
11418
11867
14640
14789
15777
16099
18910
19058
19376
19938
21702
23296
23673
24284
25077
25471
26698
27331
27848
28405
28997
31470
32318
33071
34421
34598
34708
35008
35040
35453
35468
35557
35635
36199
36262
36805
36810
36811
36846
37011
37095
37100
37331
37578
38073
38074
931
2623
2656
2662
3398
4676
5968
5976
6528
6919
6980
6983
7105
7107
7164
7232
7245
7266
8063
8490
8491
9126
9153
9404
9739
9759
10192
10206
11378
11414
11450
13935
14098
14447
14785
15715
16139
17360
18220
18376
19365
19520
21860
21869
21928
22601
27589
29298
31200
31206
31725
32050
32561
32772
33734
34599
34705
35249
36970
37092
37094
37098
37102
37105
37690
37765
37875
37945
38671
2739
3909
4624
4967
5274
5409
5490
5631
