15044
17297
9559
34253
2676
27294
10207
3456
28370
31910
17501
10576
16311
6114
22521
23240
19836
3093
25623
30875
31024
30483
21084
1868
10343
4155
28139
33477
13112
34589
26582
28895
33644
34632
10326
33528
21270
34300
2720
21483
29407
2625
10476
29621
27461
7131
16879
4855
29390
34782
32699
33926
33923
27585
33246
27922
21656
31972
10279
515
14142
32097
865
34484
24999
33297
11557
15193
29981
26508
10474
17879
34229
16466
12294
7398
18176
7987
10404
11992
7723
33398
2862
31092
31591
28676
12709
8463
17867
27955
29594
18528
22850
22219
12798
5626
14129
12241
32733
30406
18985
28150
32630
34702
15181
21246
22213
20876
16875
7869
30968
32060
3401
7067
32471
8353
25830
31291
25524
4876
22983
29187
15192
9644
9817
30737
3482
5833
12684
4754
25384
8406
26171
19889
30435
33945
11635
33262
31815
14191
14437
33292
1174
26168
10238
30212
7661
21228
30065
31154
76
4820
6724
22344
31900
14630
15864
16964
33014
9884
24605
33408
7321
33254
657
2468
10234
31750
8630
20402
31194
9541
18367
4211
78
2673
20250
29743
33883
4022
10200
10001
5026
24399
25918
33240
1062
7675
29341
31584
6598
24257
10319
13577
15973
32456
29491
2836
8219
19152
26039
12708
24670
31991
19324
22600
33263
5827
15871
29100
29552
24850
31630
34592
4117
9918
14221
23687
24429
30919
34173
7393
7940
8109
10728
27163
30298
20837
27573
28176
29300
33413
17032
20388
23105
1649
5656
8136
11981
27174
31303
32680
20617
26273
27157
15615
17407
25875
5401
5954
7320
7532
8610
13118
23178
11031
13761
18626
2262
7451
9501
10934
24809
28428
29064
15882
3189
6170
9422
15513
33410
11034
13157
20392
20638
23628
29138
31281
33617
1555
3434
20720
28655
29648
33418
33716
1288
13329
21800
26531
28716
28994
31445
8076
13807
16070
16560
19178
19929
23133
27047
28255
29091
1128
10449
11797
23846
25239
26121
28720
30113
4755
6937
7364
9001
20998
32898
33392
5638
8142
12795
16317
18555
32903
1409
4568
6458
7384
10076
13256
14089
17267
18849
18856
21501
24049
24387
31537
31879
33510
2391
6338
6449
8324
8613
10514
14573
14968
15357
17471
21140
24393
28051
31911
1608
4412
6638
9615
9928
9992
11404
12412
18966
20012
20868
23698
27386
29077
30182
33355
34117
34148
2424
4158
4937
5597
6980
7063
7073
7079
9112
11458
13494
13938
14291
16511
19047
19409
21683
23089
24119
24123
24305
25580
29432
33384
1870
2261
2591
7151
7946
9980
9982
13804
21767
23498
25031
25434
26586
33216
34273
2341
2593
5652
5698
8124
9947
10228
12240
12486
12629
12920
13024
13810
14569
15036
15545
15575
21603
28864
32492
33496
33769
2289
2336
4687
5428
5477
5493
6297
6578
7938
7965
8044
8477
12785
14029
14438
15021
15432
16071
16734
17291
18785
26399
26525
27026
28362
28886
29156
30409
31764
788
2159
3442
3779
5498
6042
6207
6217
6716
7387
8157
9866
10287
10407
11044
11763
12223
13980
14894
15498
16873
19172
19398
20524
20639
20867
21077
21706
23175
23444
23506
25287
25839
27352
27383
27508
27876
27913
27944
29199
30181
31768
31998
32609
33158
33860
34381
34591
111
2364
5707
6126
6206
7684
8386
10496
13190
13774
13805
13916
15307
15436
15584
15602
17414
17791
20014
21521
22207
23518
24092
24167
24216
24591
25385
25556
25702
25731
26202
29136
29522
33184
33426
34285
1474
2419
2875
3144
3443
5558
6030
6247
6432
7166
7385
7966
8504
8574
8986
9979
10218
10481
10483
11727
13755
13760
14124
14505
16035
16702
17115
19290
20599
20834
22165
22602
23404
23416
23633
23644
23802
24251
24599
25581
25684
27291
27965
28845
28883
29128
29278
29394
29702
29887
30114
30245
31061
31109
31965
32472
32484
33187
33387
34096
34100
34180
34255
34790
2292
3255
3304
3622
3982
3983
4671
5011
5187
5195
