94
25425
148
6566
1600
21593
25263
9852
2065
10985
26083
23098
25004
4178
26064
23826
23839
23347
9280
396
11328
3678
25989
26078
23072
8921
23604
24672
11584
3777
1630
25914
18963
25982
26023
24841
11202
22636
6112
3495
24116
11706
1388
14722
1345
4925
20797
5612
25716
25992
23084
12209
694
11
19043
22056
23254
21614
10192
15962
20243
13070
16020
25943
13047
14080
533
1307
4601
8370
9941
24166
13107
21162
12412
22119
23282
10601
22500
8512
12908
1097
25095
25920
8950
9036
24940
994
21379
8675
25554
19508
24327
13658
25357
4801
12555
14291
17759
9590
16327
13720
25271
5031
8868
17195
20529
1752
2566
1381
5405
7517
3830
19292
7986
5901
7100
9813
10511
990
15748
3874
2505
18815
20617
22925
16193
23148
7241
9269
24903
4641
9525
15971
19784
18494
21235
24636
12460
22100
3561
19020
11181
21497
3146
9089
29
21689
25326
9875
9671
20302
26099
4750
14690
15238
11031
1643
2152
9784
13133
25780
531
4374
8616
2334
4973
8961
9022
15690
15980
25613
12003
7360
18142
19450
1141
22578
5079
9907
9985
23264
24845
24917
8242
20110
23674
25396
3555
1604
5945
12142
3714
5573
11767
18460
12386
17598
25565
21778
1488
6020
7654
9730
11301
6126
9829
2464
6206
9787
13929
16801
18391
20937
25999
91
1126
2286
22107
2872
3983
2880
4340
12054
12427
13542
15791
20821
24843
5339
19165
1413
5783
19386
16334
25571
6556
14509
19686
22585
3191
4434
6702
18140
9883
461
4754
11020
12355
18726
1778
4752
7500
9924
11742
22898
656
7235
12071
22309
4406
5641
7648
9438
11425
19455
21104
1894
6080
9329
11387
16262
26094
9862
10952
13442
7422
8922
16154
18112
18962
8710
11557
16704
21093
21314
25865
3111
5856
13772
14530
17345
18258
19729
24401
26096
3750
4088
5828
11667
20568
20867
20868
23379
2536
6626
8691
12482
15579
21588
25518
5023
10111
15587
17103
22428
25671
4152
6029
6961
7046
9291
12326
16698
23152
25134
25375
6296
10734
12320
16239
19241
23593
24072
630
1343
3567
6470
7927
8367
8766
2501
3506
3625
6382
7740
20432
21077
25585
25713
1306
6107
11024
13530
21436
22957
1741
8923
13661
21080
3153
11735
13868
13883
14360
19265
4736
11795
13615
16322
25825
896
2384
3576
6736
11405
14622
18166
18206
25810
26132
212
643
1782
3869
5498
5717
15594
22498
991
2317
5988
6071
6498
8075
8592
10064
14402
16350
16558
18867
6245
7583
12546
14703
16968
18652
19965
20129
21030
187
1849
8355
8485
15945
97
8539
17863
18252
20178
4749
6051
6397
7844
8576
17404
25201
972
1374
4759
11883
13331
13889
16399
18524
25038
6341
6388
6612
9174
12203
5181
5373
5408
7764
9738
11463
14978
19606
23335
23915
3059
3706
6048
11800
23459
24272
2490
3512
3781
6047
6401
6456
10248
11783
12101
13433
14115
18469
22264
24712
2889
3011
5140
5638
7871
8506
10281
11120
12610
13046
20497
20718
23135
23446
25523
25823
502
933
1855
4009
4825
9781
9866
13135
13419
16500
18251
18924
19370
21620
22762
23560
24374
877
2378
9021
9428
9455
9849
16116
16479
19600
20088
20267
20704
22387
22730
23180
23410
23968
3321
4959
6757
9228
10717
12221
12702
14905
15070
15456
16053
17834
18434
19720
19993
20033
21466
24351
1336
3621
3812
4723
5043
6373
6628
9219
10827
14297
14675
14865
17635
19770
21625
21912
736
3764
8151
8501
8573
8645
9970
10681
11680
16221
16774
17165
19716
20424
22375
23168
25678
2336
3381
14768
17129
17411
17541
17808
17862
22017
22726
2932
5513
5879
7131
7228
7427
10589
12306
15521
16694
20533
21899
22838
24738
1373
2858
6137
7255
8147
8382
10055
10187
10258
11718
11734
11747
12693
13139
14029
16767
18470
20765
20908
21663
21733
23059
24316
25044
3123
6933
7697
8482
10057
10182
12123
12784
13001
17208
19443
19633
21744
21867
22522
22613
22618
22947
22959
25298
1023
1136
1429
2177
4385
5637
7841
9617
10479
10998
11022
11042
15344
15665
18519
18729
22180
23567
24237
25547
61
235
495
1101
1124
2814
5804
5946
7166
8779
9224
10074
12794
13689
13992
14044
15646
16381
16522
17583
17661
18558
18647
18894
19415
19634
23357
25579
603
1754
2766
4454
5762
6824
8595
9241
9659
10139
10473
11842
14447
15476
17080
17476
18298
18454
18821
18951
19872
20845
20914
21359
22651
23006
23229
24678
25138
650
857
1315
2000
3306
4699
4841
7524
7709
8212
8470
9214
9305
9955
11191
12290
13659
14020
14213
14350
16413
16478
16488
16495
16645
17083
17914
18670
19921
19987
20341
20722
20995
21943
22253
23149
23409
23421
25564
25574
126
1431
1840
2279
2453
3064
4020
6352
6952
8582
8832
9681
10116
10222
10273
10287
10302
11393
11952
13436
14032
14557
14949
15350
15605
16877
17153
17389
18795
19286
20073
20534
21294
21687
22521
22592
22926
24204
24739
25212
25915
213
751
3390
4778
4848
5027
5687
5938
6334
6395
7056
7277
7396
8860
8924
9286
9686
9915
9920
10054
10740
11723
12655
12741
13236
13389
13625
13645
13820
13882
14474
14529
14579
15261
16416
16776
19414
20017
20072
20823
21343
23284
23679
23785
24555
25016
26122
394
475
1603
1934
2310
2320
2344
3462
4572
4620
6055
6242
6627
6910
7556
8173
8514
9744
10713
10812
11885
12298
12303
12700
12714
12761
12912
13592
13637
13753
13953
14294
14756
14896
15851
16465
17356
17901
18284
18323
18718
18745
19271
19337
19339
20173
20841
20844
21617
21645
21824
22034
22701
23537
23664
24956
24974
430
1422
1438
1509
1704
2534
2641
2958
3108
3994
4675
4770
4788
5606
6006
6280
6922
7159
7821
8065
9098
9222
9318
9462
9723
9746
9764
9797
10731
10915
11441
12285
12551
12671
12900
13021
13035
13166
13669
13948
14281
14743
16121
16534
16741
17286
17601
17754
18359
19193
19876
20145
20435
20440
20496
20762
21052
21456
21731
22520
23405
23437
24014
24118
24454
24570
24694
24763
25158
25320
25809
537
899
964
1412
1724
2166
2173
2314
2691
2723
3519
3593
3599
3618
4663
5146
5236
5304
5603
5697
5800
5922
6012
6454
6468
6519
6731
6822
7582
7681
7694
8093
8111
8572
8607
9093
9544
10058
10060
10065
10429
10656
10917
10951
11525
11599
11955
12545
12984
13121
13850
13932
13938
13954
14106
15432
15576
16331
16400
17340
17341
17375
17690
18459
19230
19549
20138
20618
20830
21062
21284
21860
22182
22296
22781
23206
23287
23377
24036
24195
24243
24343
24760
25191
25582
635
680
1298
1364
1579
1802
1985
2012
2019
3491
4045
4165
4187
4296
4345
4877
5009
5159
5200
5572
5890
6024
6033
6091
6203
6288
6520
6848
7515
8015
8237
8577
9148
9655
10587
10705
10922
11234
12217
12249
12419
12607
13667
13842
14065
14327
14470
14531
14785
14830
15538
16530
16838
17072
17074
17184
17351
18078
18089
18635
18980
19014
19275
19430
20609
20756
20801
20831
20953
21714
21841
21908
22720
22788
22969
22987
23086
23172
23292
23323
23436
24479
24530
25664
25685
25860
45
390
392
622
648
796
1451
1537
1610
1611
1817
2109
2325
2604
2934
3027
3043
3224
3255
3326
3410
3580
3614
3620
3674
3755
3808
3888
3902
3967
4063
4066
4148
4416
4543
4586
4931
4940
5347
5404
5753
5796
6153
6196
6241
6400
6405
6563
6944
7461
7526
7785
7818
7822
7849
7914
7960
7992
8215
8249
8299
8336
8358
8929
8932
8978
9330
9611
9755
9954
10020
10108
10435
10835
11196
11246
11646
11752
12169
12431
12665
12679
12792
13122
13227
13374
13410
14004
14047
14183
14310
14473
15060
15147
15465
15565
15573
15669
15789
15942
16125
16469
16565
16881
17283
17331
18064
18552
18557
18600
18715
18764
19001
19278
19294
19333
19348
19501
19620
20694
20852
22606
22668
23074
23412
23487
23533
23987
24263
24692
24888
25157
25328
25592
25695
25912
25976
605
819
843
849
1080
1081
1349
1575
1925
2155
2227
2333
2702
2938
2953
2985
3094
3151
3163
3294
3377
3451
3573
3658
4012
4050
4157
4169
4175
4189
4250
4267
4376
4481
4579
4619
4653
5050
5456
5642
5911
5916
5944
5979
6268
6353
6569
6596
6674
6986
7156
7168
7442
7668
7772
7924
7990
8025
8100
8191
8200
8587
8634
9000
9431
9463
9471
9743
10032
10080
10598
10666
10765
11093
11233
11249
11305
11353
11389
11459
11543
11710
11733
11741
12276
12494
12658
12695
12773
12788
12888
12978
13006
13899
13916
13939
14321
14448
14514
14526
14711
14800
14822
14903
15046
15458
15532
15804
16172
16657
16810
17061
17222
17337
17431
17684
17729
17871
17945
17957
17959
18450
18966
19329
19641
20118
20878
20929
21225
21327
21332
21355
21361
21575
21790
21903
21949
22039
22443
22656
22748
22934
23115
23216
23293
23425
23591
23637
23828
24392
25084
25315
25364
25449
25656
25771
26080
26123
362
649
812
959
966
1090
1218
1234
1304
1335
1434
1472
1618
1883
1990
2013
2186
2193
2235
2327
2331
2356
2403
2474
2619
2654
2701
2707
2730
2786
2793
2897
2996
3018
3352
3504
3662
3796
3814
3838
3925
3972
4318
4444
4459
4534
4602
4670
5029
5102
5291
5350
5416
5619
5649
5680
5954
6278
6342
6511
6538
6649
6748
7230
7346
7505
7528
7629
7747
7794
7878
8003
8007
8060
8305
8383
8388
8420
8519
8709
8858
8895
8925
9223
9279
9380
9508
9513
9607
9706
9772
9977
10043
10442
10546
10549
10574
10619
10638
10749
10941
11073
11089
11300
11496
11499
11521
11686
11692
11693
11737
11738
11968
11975
12070
12126
12180
12192
12225
12701
12899
13051
13224
13407
13462
13595
13840
13949
14014
14025
14052
14130
14160
14173
14241
14264
14296
14371
14453
14600
14621
14701
14765
14784
14789
14838
14888
14923
15327
15695
15782
15849
16074
16406
16521
16644
16840
16843
17043
17167
17238
17285
17687
17780
17782
17785
17954
18292
18377
18437
18675
18723
18798
18872
18900
19031
19124
19223
19270
19540
19548
19807
19825
19842
19952
19966
19989
20150
20189
20190
20388
20541
20828
20936
20945
21000
21179
21565
21615
21859
21870
21896
21921
21947
22117
22123
22152
22319
22414
22612
23023
23154
23331
23428
23439
23569
23726
23859
23974
24059
24396
24646
24651
24677
24730
24773
24832
25054
25259
25490
25544
25647
25729
25844
25881
26036
460
530
553
716
865
900
918
956
1120
1199
1220
1232
1237
1238
1326
1328
1369
1384
1416
1435
1439
1442
1446
1584
1586
1705
1736
2022
2117
2126
2149
2184
2209
2215
2252
2275
2276
2328
2410
2454
2700
2846
2863
2866
2883
2894
2895
2963
3028
3029
3065
3068
3127
3196
3261
3310
3419
3434
3517
3564
3641
3783
3792
3801
3802
3837
3839
3847
3920
3921
3922
3957
4137
4188
4211
4275
4280
4420
4441
4456
4483
4488
4497
4506
4507
4564
4604
4615
4690
4872
4874
4878
4902
4909
5016
5034
5088
5112
5322
5324
5325
5341
5439
5499
5523
5662
5726
5761
5779
5787
5790
5809
5824
5865
6016
6018
6019
6256
6262
6264
6266
6269
6270
6357
6508
6527
6624
6635
6719
6743
6798
6826
6862
6969
6970
7113
7173
7198
7204
7306
7426
7459
7503
7666
7676
7788
7842
7856
7891
7897
7907
7962
8117
8156
8187
8227
8251
8310
8418
8558
8757
8816
8848
8850
8896
8981
9001
9053
9432
9452
9459
9461
9467
9481
9495
9538
9630
9735
9745
10003
10121
10197
10292
10305
10320
10361
10389
10500
10506
10522
10590
10688
10707
10738
10750
10865
10907
11091
11122
11214
11324
11756
11874
11991
11993
12028
12267
12289
12310
12378
12383
12389
12471
12475
12512
12516
12756
12767
12914
12955
12960
12966
12974
12985
13086
13140
13212
13259
13289
13329
13396
13412
13479
13484
13512
13524
13537
13722
13804
13807
13843
14009
14017
14178
14188
14306
14381
14406
14445
14539
14739
14783
14786
14844
14852
14930
15137
15176
15178
15179
15180
15193
15361
15420
15433
15442
15443
15455
15468
15482
15535
15551
15554
15604
15691
15778
15784
15818
15835
15855
15856
15872
15949
15953
15978
16023
16092
16174
16351
16368
16408
16410
16561
16567
16805
16972
17084
17161
17169
17194
17212
17225
17359
17388
17495
17508
17548
17639
17652
17680
17783
17923
17944
17969
18074
18257
18279
18481
18492
18808
18843
18877
18899
18941
18971
18973
18986
19192
19239
19248
19261
19417
19528
19755
19765
19771
19896
19948
19999
20011
20047
20079
20115
20126
20202
20206
20228
20257
20296
20455
20508
20532
20538
20646
20655
20700
20775
20822
20886
20911
21027
21194
21208
21307
21349
21368
21432
21528
21661
21662
21702
21721
21888
21981
21982
21983
21985
22080
22118
22226
22266
22307
22308
22446
22458
22516
22538
22542
22699
22717
22772
22873
22878
22941
22965
22973
23155
23200
23213
23235
23298
23427
23434
23628
23701
23722
23725
23730
23775
23796
23848
23851
23873
24002
24143
24214
24333
24345
24346
24652
24743
24777
24842
24909
24965
25008
25010
25033
25050
25141
25304
25325
25476
25497
25542
25682
25730
25777
25907
105
106
108
288
384
385
513
688
815
855
911
923
999
1070
1093
1094
1172
1173
1221
1222
1269
1273
1291
1302
1325
1339
1402
1405
1406
1414
1415
1419
1420
1423
1424
1444
1445
1447
1456
1461
1462
1514
1520
1582
1587
1661
1758
1761
1805
1843
1858
1860
1863
1877
1879
1910
1912
1933
1941
1954
1960
1967
1968
2031
2048
2064
2073
2101
2108
2171
2191
2216
2217
2218
2219
2220
2221
2257
2273
2277
2313
2318
2321
2324
2329
2381
2394
2412
2414
2448
2482
2588
2639
2657
2670
2673
2809
2902
2962
2965
2979
2986
3005
3010
3044
3046
3047
3048
3053
3067
3138
3175
3250
3271
3277
3301
3302
3345
3375
3400
3482
3484
3493
3525
3526
3527
3535
3568
3609
3616
3642
3643
3644
3650
3651
3732
3739
3747
3748
3749
3763
3767
3816
3820
3834
3850
3893
3904
3905
3906
3907
3923
3932
3969
3982
3984
4015
4034
4047
4069
4074
4103
4145
4232
4234
4264
4279
4306
4328
4362
4363
4365
4366
4371
4372
4378
4384
4510
4532
4536
4587
4617
4792
4820
4846
4861
4886
4892
4946
4951
5049
5075
5154
5220
5250
5272
5316
5326
5345
5362
5377
5417
5418
5428
5429
5455
5631
5634
5661
5694
5729
5786
5798
5835
5924
5960
5964
5966
5987
6002
6004
6088
6096
6098
6099
6104
6216
6217
6259
6263
6267
6335
6350
6380
6506
6548
6677
6681
6701
6706
6720
6738
6753
6867
6868
6869
6870
6924
6956
6963
6967
6997
6998
7035
7066
7073
7074
7076
7087
7134
7185
7203
7294
7344
7521
7647
7650
7656
7671
7672
7726
7730
7749
7770
7774
7775
7778
7780
7789
7820
7837
7838
7839
7840
7845
7847
7875
7915
8082
8116
8159
8162
8164
8182
8235
8270
8277
8300
8301
8302
8304
8306
8308
8309
8329
8357
8471
8499
8504
8515
8517
8542
8565
8585
8792
8812
8907
8908
8915
8930
8962
9050
9067
9132
9162
9216
9267
9294
9299
9369
9450
9460
9465
9466
9469
9539
9547
9623
9657
9665
9805
9931
9952
9972
10017
10034
10052
10067
10072
10075
10085
10095
10098
10100
10101
10102
10137
10263
10332
10376
10390
10497
10504
10505
10507
10817
10818
10826
10843
10846
10897
10904
10905
10987
11015
11018
11070
11097
11115
11186
11283
11291
11303
11306
11307
11308
11347
11354
11355
11422
11457
11470
11471
11485
11520
11523
11541
11547
11566
11612
11672
11674
11716
11751
11794
11816
11831
11869
11935
11960
11996
12001
12090
12093
12151
12152
12181
12185
12210
12257
12278
12328
12330
12337
12369
12370
12377
12464
12498
12499
12500
12634
12723
12754
12798
12809
12830
12831
12842
12844
12847
12924
12950
12954
12977
13004
13145
13148
13187
13234
13280
13330
13340
13364
13373
13420
13422
13423
13450
13451
13529
13534
13641
13697
13699
13738
13769
13826
13878
13959
13961
13962
13981
14031
14035
14036
14057
14062
14156
14164
14165
14174
14175
14244
14330
14354
14374
14375
14377
14384
14385
14386
14388
14463
14472
14492
14535
14563
14584
14597
14598
14613
14624
14657
14705
14814
14846
14847
14884
14902
14922
14960
14990
14994
14998
14999
15002
15004
15154
15157
15224
15232
15309
15333
15369
15399
15422
15440
15441
15452
15467
15473
15542
15555
15618
15647
15737
15780
15781
15785
15786
15787
15798
15864
15865
15954
15955
15998
16014
16015
16075
16095
16105
16113
16122
16124
16128
16135
16139
16152
16157
16191
16230
16234
16249
16261
16278
16315
16359
16392
16444
16481
16544
16568
16630
16635
16636
16653
16687
16702
16738
16803
16804
16820
16822
16847
16898
16916
16983
16984
16985
16988
16998
17010
17123
17146
17193
17209
17288
17325
17335
17378
17462
17471
17498
17588
17616
17636
17638
17688
17692
17696
17727
17773
17830
17845
17866
17877
17890
17921
17922
17928
17946
17948
18080
18117
18159
18265
18291
18319
18320
18332
18368
18383
18387
18393
18395
18396
18413
18451
18509
18517
18527
18641
18761
18817
18959
18977
19012
19015
19086
19110
19132
19142
19143
19196
19268
19269
19306
19409
19572
19614
19749
19814
19947
19982
20021
20045
20098
20155
20170
20172
20221
20222
20226
20258
20295
20389
20406
20527
20547
20554
20567
20580
20629
20640
20645
20647
20723
20729
20746
20749
20794
20809
20850
20856
20875
20895
20905
20930
21051
21322
21348
21393
21395
21555
21557
21583
21601
21604
21606
21609
21644
21652
21665
21722
21789
21809
21874
21919
21927
21928
21959
21986
22007
22012
22081
22082
22222
22230
22267
22286
22287
22303
22305
22306
22323
22371
22395
22453
22471
22529
22537
22541
22557
22630
22674
22683
22768
22824
22843
22844
22874
22897
23097
23125
23166
23251
23303
23309
23467
23504
23611
23625
23849
23883
23884
23885
23888
23902
23954
23998
24016
24021
24120
24126
24180
24226
24227
24229
24230
24234
24258
24300
24348
24403
24492
24498
24500
24501
24524
24571
24572
24574
24626
24632
24643
24688
24715
24716
24720
24725
24805
24882
24907
24929
24969
24971
25031
25040
25041
25079
25144
25159
25177
25184
25205
25264
25268
25324
25349
25359
25360
25379
25447
25448
25451
25452
25454
25480
25548
25618
25650
25655
25843
25852
25857
25889
25916
26012
85
107
112
344
356
463
504
528
587
614
621
623
641
642
652
685
686
687
690
691
692
693
737
738
739
741
750
838
839
867
868
870
880
897
901
903
905
908
909
910
920
925
926
930
931
932
935
936
937
938
940
947
948
951
953
954
955
1000
1096
1098
1102
1159
1171
1174
1175
1200
1247
1248
1251
1253
1305
1309
1310
1327
1329
1330
1331
1338
1342
1375
1403
1407
1410
1425
1427
1428
1433
1436
1443
1524
1525
1573
1574
1601
1609
1615
1616
1621
1652
1653
1706
1755
1762
1765
1766
1771
1783
1799
1800
1839
1859
1861
1862
1873
1874
1875
1891
1892
1897
1899
1900
1901
1903
1906
1907
1908
1909
1911
1916
1917
1920
1922
1923
1924
1926
1927
1929
1930
1932
1935
1936
1937
1938
1939
1943
1944
1947
1951
1952
1953
1955
1956
1958
1959
1962
1964
1965
1970
1971
1972
1973
1974
1975
1976
1977
1979
1982
1983
1988
2016
2017
2023
2024
2025
2026
2028
2029
2030
2036
2040
2041
2042
2058
2062
2063
2068
2071
2081
2087
2096
2118
2125
2128
2130
2131
2132
2139
2142
2151
2158
2160
2164
2192
2194
2196
2197
2200
2201
2202
2237
2255
2261
2263
2264
2267
2269
2270
2274
2291
2293
2308
2357
2376
2377
2379
2380
2382
2383
2385
2386
2388
2389
2390
2400
2408
2409
2439
2440
2442
2444
2445
2449
2450
2458
2459
2463
2484
2493
2494
2600
2602
2644
2651
2659
2662
2674
2690
2694
2710
2716
2722
2728
2731
2761
2762
2763
2764
2765
2772
2776
2800
2808
2817
2820
2825
2833
2834
2835
2836
2840
2843
2848
2855
2856
2857
2870
2881
2885
2886
2887
2901
2945
2946
2951
2955
2956
2964
2969
2978
2993
2994
2995
3013
3019
3024
3038
3072
3076
3082
3090
3091
3093
3101
3102
3104
3105
3106
3110
3115
3116
3117
3122
3125
3142
3158
3159
3172
3173
3265
3270
3278
3279
3281
3282
3283
3284
3285
3287
3290
3311
3334
3335
3365
3366
3368
3369
3370
3371
3374
3376
3378
3380
3383
3385
3386
3392
3399
3431
3433
3435
3438
3439
3441
3442
3448
3453
3465
3466
3479
3480
3498
3502
3530
3531
3533
3557
3559
3562
3565
3579
3612
3626
3633
3649
3652
3655
3672
3682
3701
3703
3705
3710
3711
3715
3716
3717
3718
3719
3720
3723
3730
3731
3740
3753
3756
3762
3776
3791
3803
3806
3807
3823
3824
3845
3849
3879
3894
3895
3909
3942
3943
3948
3964
3968
3970
3974
3976
3979
3981
3987
3995
3997
3998
4000
4001
4004
4006
4013
4016
4021
4028
4033
4035
4039
4058
4062
4090
4095
4096
4100
4101
4102
4105
4108
4112
4121
4123
4127
4132
4139
4140
4143
4149
4153
4154
4155
4158
4159
4180
4183
4191
4201
4202
4203
4210
