1
40072
13
39957
38950
38991
38182
36795
31006
38079
3013
26398
39058
36806
39847
38890
7636
3496
8014
17797
8646
16412
39157
3425
23788
38740
4715
35654
6543
40261
40610
9112
30599
37318
39603
30003
1359
24453
40881
36942
21493
9153
39454
27005
2811
40264
16414
40188
40283
38195
40933
9888
14645
39942
15756
1667
6880
10322
39086
39424
31297
22992
1216
26806
34915
269
37007
38914
16687
10661
34100
9910
40572
23454
40605
2626
2302
40509
76
37252
8308
11310
11324
19385
37829
40450
12262
26257
40491
11668
8354
40769
16746
15633
10446
40679
15670
21772
32486
3920
39709
33201
31436
38814
40829
15546
20349
2420
10455
6904
18376
22627
27201
13989
21555
22780
18897
25917
33249
10454
23513
16405
8287
46
16340
4095
8112
37865
2892
16335
19328
25
1244
40507
40949
16293
18398
15124
29948
2763
8993
31759
33787
40709
16684
27164
561
35626
26624
32727
31703
35441
35044
32981
16647
24447
26485
4389
20301
6641
24623
29988
8266
9258
14983
34992
15121
37312
32971
30391
3646
16166
22763
32638
7669
11544
28776
3588
32578
36017
13141
30241
30765
11904
19624
32270
36129
16123
17933
143
15668
5898
20984
39318
11458
12977
7975
14212
1628
3642
8045
12158
13246
20374
8750
29560
30167
33829
1047
7042
6811
23674
40920
22954
23666
2530
10038
10245
11388
7844
26730
38634
39164
13803
15731
17448
25515
11482
17532
9804
11928
36314
40344
8685
40413
4319
23440
23991
21792
35443
34494
39530
15113
13342
16426
40791
4573
14142
19541
23145
27054
21270
25050
5027
27430
29466
31753
39555
37818
39442
22744
29422
36011
16563
1839
11253
33658
40202
8022
16407
33217
36506
40532
10273
13169
39219
981
1785
10269
11911
13407
31285
8029
16728
31416
33440
15552
16391
34908
1016
13881
30856
17708
18586
25627
32763
13115
13635
14023
15849
16701
19775
29482
5705
5865
37753
1891
23381
27046
33335
10830
14106
16400
29057
34259
22828
23298
23655
31165
2540
13000
15518
15718
15743
21345
24388
19790
2291
9452
9620
14110
15370
24002
34812
38384
1725
7159
8923
10643
12971
15336
27310
6476
8048
29207
31874
39681
40467
40611
1943
4732
4758
17294
23727
25547
33620
9874
4281
6027
15190
20090
28212
78
1940
9359
16434
29426
874
2621
9644
10739
28472
34578
1180
21534
30724
3472
4007
4765
20921
21117
21205
21724
24379
3938
4771
5873
13297
18757
33942
34369
34911
11350
17323
25127
25504
33278
1064
6387
13675
25521
26964
31127
31978
34448
10764
15347
3923
7107
29377
32529
34978
2492
3336
15829
21847
22094
27245
27784
30588
31056
6343
6742
9856
14451
16313
19708
5622
8830
12310
17203
19146
20083
23796
26536
29836
40746
4660
4853
15952
18901
32867
2846
3825
13121
13818
14266
16677
20888
21726
21912
25422
27458
31691
4118
8693
10810
16632
18554
23829
24326
28868
33819
39742
8791
9705
12370
13145
16973
18978
24898
28935
30422
36002
36735
2546
9396
16633
24050
31562
34175
36686
38884
39258
39438
1593
12848
13049
19670
19990
22552
24857
32890
34758
35222
40568
40942
3681
5340
6206
7469
14398
14499
23556
26575
27041
28018
28149
28754
34354
35134
36690
38635
40510
506
4535
11183
14125
23351
36167
39023
8886
9996
12962
15041
16282
18265
21136
21537
28143
29654
613
1605
3281
9115
17881
20202
20209
20236
21471
24737
25027
25959
26192
30405
1591
5028
15609
15779
16930
21578
22497
22799
28489
28578
29414
40150
220
459
2771
3295
5570
10600
17114
17541
20751
20922
23546
26705
28598
35491
2236
6030
10852
11845
13774
15125
16401
18206
19466
26428
28520
29292
31090
33287
33290
34355
34969
1022
1797
5742
6609
7629
12576
13096
18100
20129
27836
30578
32667
40183
40996
3750
7871
7912
9261
11501
11812
16783
18417
20155
20522
20957
22829
24887
26871
30100
38068
1249
2882
4568
6866
14016
19356
20698
21565
24793
25178
25190
26151
28475
33113
34251
40250
2064
4679
10363
11538
16723
20693
21599
22487
23611
23940
27630
31271
31442
35776
36353
1793
4762
5175
5877
5914
7816
11659
11934
14493
15396
15899
17930
19077
20027
23887
24149
25021
26610
26745
28752
30787
31338
35681
307
885
1873
4213
5894
6152
10965
11616
12187
13392
13880
14199
15492
16445
18173
21796
24311
33355
35099
35586
38972
39620
39911
1896
2206
3162
3746
5830
6844
7084
7937
8910
9536
14859
15001
15741
15744
16337
17127
17898
23233
24257
26438
27791
28257
33007
33211
33954
34132
1639
2629
3932
5030
5324
6202
10060
12928
13273
14218
17526
21869
22989
23587
28250
30220
30888
31441
31662
32677
33155
37513
39582
39888
40502
604
1201
1277
7089
9963
11329
11658
13163
13434
13666
13982
15705
16497
19108
21300
21638
33337
33482
35230
36386
38301
38428
40720
623
1484
5202
5394
6350
8434
8816
9598
10278
13843
15747
16039
16971
18735
23547
26469
28038
29336
30812
30973
32892
39009
40966
189
965
1026
1988
2787
2909
3870
4838
5514
7448
7539
7815
7914
8769
11057
13123
16238
16308
17350
18058
21292
21733
25687
25780
26370
26723
27184
30292
34623
37404
3599
4211
5910
6274
6786
7753
8817
13113
14925
16890
17295
18652
19004
21945
22680
24751
27147
29326
29882
34457
37388
38419
118
788
1434
1747
1763
2157
2298
2392
2648
3181
3824
5648
5834
6336
6654
7382
11434
11685
11903
13984
14231
15441
16791
18888
20412
20730
22102
30821
31415
33986
34458
36042
36860
37158
37593
38395
386
1869
1938
2414
6693
7103
8024
10290
12879
13894
14497
16164
16217
16377
17551
18205
18235
20148
21335
21664
22248
23712
24322
26078
29918
29977
31358
32524
32843
33024
33400
34262
34580
35235
35721
36204
37733
38823
41008
1255
1409
1989
2583
5057
6234
6449
7233
7575
7808
8036
9160
10468
12572
12714
12769
13095
13958
16909
16949
17208
19600
21582
22779
24239
24459
27237
27953
29053
29360
29465
29646
30237
30294
30742
30908
33280
37189
37884
38781
996
2030
2945
5562
6372
7126
8985
9064
9743
11011
11062
11158
11529
11890
12247
12518
13949
14026
15192
15801
17364
17829
19002
21615
23988
24328
25094
25215
26109
28096
28451
28457
29325
29684
30166
30287
30807
32949
36039
36315
37767
38279
38617
39190
39336
40322
40360
1172
1573
2156
4855
5227
5451
5512
6743
7720
7829
7938
8123
8230
9389
9995
10001
11060
12825
13223
15039
15652
15859
17018
17844
18632
19154
19169
20204
20777
21400
22544
22695
23098
23545
25553
26219
27800
28742
29043
30356
31425
32068
33304
33784
35458
35502
36729
37149
38288
39329
39432
2051
2673
3423
3935
4173
4534
5038
5293
5646
5836
6521
6525
6952
7612
8323
9821
11401
12375
13109
13293
15239
15558
16250
16290
17414
19242
19258
19740
20736
21259
21436
21732
23893
24192
24558
24835
24942
26246
26540
27129
29700
29808
30268
32298
33733
33991
34212
34843
36289
36826
37132
38624
803
1425
1732
1976
3535
3730
3838
7264
7452
7598
9494
10569
10658
11181
11422
12059
12666
13546
15099
16183
16720
16788
19550
19738
22667
22793
23273
23603
23812
24349
26206
26261
26336
26502
26950
27827
28282
29303
29484
29693
29737
29938
30517
31025
31435
32241
32491
32539
33775
33933
34300
34577
35716
36517
36710
37238
37740
37897
39784
40561
41017
1475
1843
2731
2792
3965
5342
5436
6373
6515
6727
6821
7687
7830
8070
8291
8690
8889
10759
12051
12794
13065
13282
13577
15196
15725
17632
18123
18659
20296
21374
21731
22163
22330
22463
22623
23158
23189
24786
25433
26116
26351
26696
26789
27507
27754
27803
28157
28464
28747
29615
30630
32531
34661
35456
35763
37185
37614
38780
40739
573
679
1034
1215
1531
1582
3164
3525
4405
4688
4795
4880
5225
6130
7758
7963
8222
8600
8730
8953
9094
10022
11096
11178
13157
13180
13268
13276
13463
13631
13636
13801
13867
14096
14370
15237
16202
16430
16513
16777
16883
16916
17265
17482
17669
18319
18333
18731
18845
19331
19566
21498
21821
21842
22118
22885
22929
22979
23237
23795
24982
25166
25512
26029
26293
26812
27095
28090
28371
28642
29112
29730
30089
30902
31460
31668
31669
32569
32793
33238
33255
33257
34139
34273
34351
34388
34438
34490
34612
34694
35022
35772
35853
36120
37846
38946
39284
39368
39389
1153
1640
1703
1871
2088
2603
3380
3777
4067
4212
4449
4636
4649
5140
5285
5438
5571
5631
6038
6259
6309
6317
6997
7057
7299
7436
8610
8948
9116
9367
9373
10051
10500
10791
11231
11587
11669
11732
11808
12007
12722
12961
13521
13691
13866
14071
14363
14385
14507
14910
15173
16318
16716
16848
16923
16933
17697
17821
18807
19099
19329
19500
19646
19760
19837
21096
21233
21373
21379
21895
22815
23313
23976
24034
24348
24803
24804
24920
25093
25475
26894
27714
27743
28456
28648
29386
29687
29690
29747
30454
31298
31654
32849
34238
34923
35782
36203
36712
38292
38373
38784
38828
38994
39104
39149
40951
41012
1876
2431
2638
2919
3139
3391
3400
3489
3802
3954
3992
4395
4444
4802
4836
4929
5307
5312
5708
5761
5835
5979
6195
6886
7120
7170
7336
7679
7747
7797
8398
8425
8599
8850
8855
9091
10101
10170
10711
10998
11091
11947
12654
12687
12757
13072
13409
14171
14270
14616
15189
15297
15931
16292
16813
16826
17224
17478
17577
17585
17657
17678
17880
18211
18283
18423
18749
18753
18865
19209
19244
19597
19801
20138
20587
20967
21383
21541
22151
22512
22967
23124
23652
24185
24256
24420
24805
24923
25055
25353
25453
25506
25818
26092
26095
26119
26166
26265
26527
27189
27335
28014
28047
28537
29041
29324
29350
29455
29613
29796
30012
30216
30684
30722
30884
30953
31059
32132
32222
32249
32871
33527
33794
34234
34240
34338
34367
34378
34622
36116
36137
36550
36652
37157
37193
37877
38053
38463
38527
38533
38691
39278
39604
39902
40001
40575
40690
40730
338
888
1073
1082
1217
1528
1615
1641
1746
1827
1899
2111
2469
2571
2706
3076
3267
3324
3673
3705
3797
3837
3901
3987
4112
4161
4217
4377
4666
5206
5647
5685
5709
5864
5928
6111
6129
6349
6464
6565
6583
6795
6916
6936
6978
6988
7095
7134
7203
7362
7372
7441
7625
7661
7677
7934
8400
8432
8697
8725
8925
8994
9100
9459
9696
10102
10213
10262
10573
11013
11180
11190
11625
11867
12167
12206
12339
12396
12590
13002
13011
13575
13581
13592
13690
13734
13890
13906
14088
14236
14500
14543
14641
14933
15384
15933
15996
16261
17084
17321
18125
18450
18468
18771
19196
19236
19293
19309
19527
20189
20308
20705
20795
21447
21548
21549
21665
21926
22119
22258
22434
22464
22882
22986
23144
23220
23303
23327
23560
23647
23660
23842
23863
23886
24159
24361
24657
24710
24801
24860
24874
24978
25132
25143
25204
26335
26569
26652
26675
26834
27008
27101
27515
27736
27875
28023
28945
28946
28976
29091
29092
29214
29782
30323
30374
30747
31015
31035
31071
31135
31164
31256
31509
31647
31779
32346
32379
32678
32735
32844
33300
33319
33469
34035
34071
34361
35408
35655
35743
35979
36053
36747
36955
36957
37121
37122
37363
37594
37741
37751
37799
37996
38136
38332
39027
39128
39197
39446
39749
39846
39878
40533
883
1171
1847
1884
1893
1918
2061
2330
2601
3078
3832
3963
4052
4068
4074
4131
4237
4515
4958
5127
5249
5279
5405
5499
5563
5810
5991
6176
6226
6232
6352
6375
6413
6465
6467
6529
6830
6993
7024
7064
7323
7329
7401
7430
7434
7602
7624
7660
8010
8327
8405
8448
8626
8818
8873
9022
9023
9567
9638
9687
9729
9848
10239
10342
10424
10557
10979
11250
11376
11565
11700
11745
11967
11978
12245
12312
12380
12425
12681
12994
13253
13362
13606
13633
13693
13746
14468
14773
15201
15220
15342
15394
15695
15727
15740
16020
16205
16255
16875
17524
17741
17965
18008
18141
18379
18741
19098
19413
19472
19480
19526
19535
20074
20109
20188
20197
20254
20485
20600
20634
20779
20949
21104
21105
21278
21290
21294
21606
21619
21695
21940
22104
22133
22510
22632
22825
22913
22917
23028
23107
23810
24048
24054
24263
24374
24648
24754
24837
24881
25070
25205
25382
25396
25618
25621
25800
25827
26108
26148
26165
26334
26365
26561
26772
26891
26934
27344
27675
27679
27820
28302
28637
28830
28985
29072
29093
29351
29521
29526
29600
30145
30156
30862
30940
31050
31062
31099
31397
31681
31915
32409
32427
32557
32623
32624
32625
32674
32770
32781
32989
33044
33406
33408
33511
33581
33947
34590
34816
35043
35187
35277
35602
35609
35770
35872
36266
36579
36635
36764
36805
37191
37200
37258
37367
37626
37668
38150
38261
38369
38370
38481
38796
38844
39548
39653
40025
40182
40390
40492
40586
40682
40904
40968
625
815
1222
1243
1330
1383
1584
1684
1696
1765
1929
2053
2135
2286
2341
2463
2504
2628
2740
2767
2912
3034
3093
3146
3263
3399
3407
3526
3689
3727
3741
3752
3853
4087
4123
4305
4434
4518
4634
4783
4786
4878
4955
5223
5275
5310
5379
5486
5516
5641
5744
5838
5911
5954
5959
6265
6686
6780
6794
6910
6948
6959
7012
7019
7087
7099
7102
7123
7235
7278
7424
7617
7646
7680
7935
8220
8258
8588
8604
8737
8747
8884
8904
8983
9001
9052
9053
9080
9111
9194
9296
9410
9628
9643
9790
10008
10009
10069
10109
10590
10616
10893
10918
10922
11014
11100
11271
11359
11386
11690
11725
11942
12054
12062
12075
12235
12249
12272
12304
12434
12499
12559
12566
13012
13039
13254
13289
13317
13333
13427
13519
13849
14105
14170
14201
14244
14276
14285
14574
14671
14707
14740
14743
14815
15089
15257
15341
15677
15864
15906
15984
16043
16131
16157
16617
16700
16962
17010
17251
17298
17463
17672
17765
17860
18064
18113
18140
18207
18420
18502
18675
18791
18895
18902
18945
18966
19137
19303
19344
19387
19575
19743
19846
19959
20003
20010
20305
20311
20325
20394
20712
20745
20803
20851
21103
21116
21321
21428
21464
21516
21519
21735
21862
22131
22477
22479
22675
22726
22869
23050
23403
23407
23444
23595
23597
23698
23856
23884
23896
23902
24051
24142
24187
24232
24412
24616
24824
24833
24864
24877
24888
24971
25054
25099
25107
25113
25442
25495
25614
25615
25634
25713
25731
25948
25967
26017
26090
26122
26296
26535
26587
26614
26627
26656
26731
26910
27081
27084
27092
27268
27332
27419
27441
27559
27804
27981
28051
28516
28703
28773
28988
29071
29084
29131
29151
29296
29304
29356
29369
29472
29611
29672
29696
29831
29989
30245
30258
30431
30486
30488
30542
30556
30845
30900
30909
31052
31112
31274
31329
31386
31458
31467
31543
31608
31752
32123
32191
32246
32475
32545
32580
32711
33012
33085
33112
33160
33363
33407
33446
33471
33481
33505
33512
33647
34003
34004
34707
34800
34881
34904
34964
35032
35034
35035
35204
35377
35411
35507
35515
35679
35838
35995
36069
36151
36190
36247
36341
36355
36437
36568
36724
36869
37015
37020
37183
37208
37228
37340
37453
37466
37555
37587
37640
37670
38122
38519
38561
38579
38660
38666
38722
38743
38771
38879
38900
38911
38958
39063
39089
39129
39206
39276
39392
39429
39646
39658
40085
40340
40562
40649
40761
40768
40980
946
1003
1041
1202
1262
1496
1499
1500
1611
1677
1760
1775
1878
1974
1986
2071
2072
2168
2229
2358
2367
2501
2537
2613
2636
2709
2712
2736
2737
2751
2861
2908
2915
2918
2924
2967
3137
3144
3145
3154
3206
3218
3256
3383
3394
3420
3422
3445
3519
3550
3562
3610
3660
3664
3710
3715
3743
3776
3794
3817
3862
3898
3951
4019
4038
4160
4162
4167
4183
4193
4195
4220
4326
4341
4365
4366
4398
4468
4493
4637
4843
4864
4975
4997
5052
5085
5134
5170
5256
5263
5380
5433
5488
5501
5532
5554
5588
5615
5642
5733
5748
5822
5824
5869
5909
5921
6041
6070
6079
6134
6135
6137
6142
6144
6179
6191
6204
6251
6291
6394
6395
6396
6402
6460
6475
6519
6523
6541
6591
6605
6612
6700
6763
6774
6775
6776
6777
6797
6805
6841
6957
6963
6989
7010
7049
7116
7166
7215
7229
7287
7289
7422
7427
7449
7476
7525
7604
7606
7633
7712
7743
7787
7822
7862
7872
7952
7995
8065
8121
8186
8265
8303
8381
8444
8505
8529
8565
8743
8781
8797
8820
8842
8905
9103
9104
9176
9254
9325
9403
9491
9492
9493
9531
9560
9685
9706
9760
10024
10167
10192
10335
10430
10495
10585
10604
10718
10848
10849
10932
10946
10957
11105
11116
11157
11299
11494
11502
11511
11693
11699
11749
11750
11781
11794
11925
11980
11991
12030
12044
12127
12156
12229
12250
12433
12531
12536
12623
12638
12747
12748
12749
13092
13120
13122
13300
13322
13328
13331
13332
13373
13461
13484
13562
13596
13597
13720
13739
13791
13929
13931
13971
14059
14172
14190
14434
14524
14665
14668
15025
15065
15217
15256
15401
15480
15748
15951
16021
16028
16030
16031
16032
16042
16099
16100
16262
16376
16421
16618
16825
16970
17013
17062
17094
17100
17110
17121
17187
17229
17231
17245
17250
17346
17351
17392
17544
17667
17677
17721
17825
17832
17842
17845
17935
17940
17943
18179
18355
18415
18467
18474
18475
18569
18668
18740
18746
18886
18937
18951
19087
19173
19179
19184
19204
19206
19237
19276
19301
19378
19384
19474
19488
19507
19554
19736
19851
19935
20192
20279
20370
20407
20481
20603
20630
20999
21016
21030
21079
21131
21182
21315
21322
21328
21355
21375
21396
21398
21404
21456
21488
21492
21523
21642
21648
21761
21788
21791
21957
21959
21975
22005
22009
22025
22129
22157
22188
22221
22265
22309
22457
22468
22485
22594
22595
22642
22694
22741
22822
23065
23147
23152
23154
23262
23404
23445
23475
23508
23634
23804
23805
23882
23885
23919
23931
24031
24039
24178
24244
24304
24342
24389
24602
24603
24664
24716
24789
24806
24910
24931
24953
24963
25101
25102
25168
25207
25209
25214
25219
25314
25317
25331
25401
25415
25430
25497
25511
25604
25606
25702
25714
25752
25815
25878
25978
26055
26100
26126
26132
26134
26262
26297
26298
26383
26436
26504
26584
26704
26785
26799
26892
26904
26968
26997
27024
27080
27145
27153
27499
27589
27669
27839
27992
28031
28055
28126
28234
28275
28395
28539
28557
28623
28639
28706
28763
28805
28807
28836
28853
28991
29277
29365
29413
29454
29551
29578
29635
29709
29728
29964
29993
30000
30041
30049
30081
30125
30136
30141
30283
30290
30394
30546
30612
30707
30792
30797
30913
30924
31021
31026
31092
31098
31183
31219
31272
31334
31457
31576
31682
31699
31878
31904
31927
31929
32214
32286
32347
32390
32489
32506
32584
32716
32732
32767
32818
32837
32870
32894
32920
32926
32927
32935
32947
33020
33144
33178
33260
33323
33339
33340
33604
33663
33675
33691
33715
33752
33804
33921
34010
34050
34080
34147
34196
34204
34248
34282
34292
34326
34444
34603
34701
34722
34727
34730
34741
34801
34824
34825
34852
34888
34950
34990
35020
35137
35215
35231
35240
35401
35486
35511
35534
35607
35707
35715
35779
35820
35871
35941
35974
36046
36060
36196
36316
36557
36567
36651
36697
36734
36736
36871
36883
36981
37026
37051
37057
37059
37109
37190
37249
37266
37294
37361
37373
37394
37412
37450
37608
37728
37736
37758
37968
37970
37971
37981
37999
38190
38208
38267
38287
38290
38339
38345
38424
38461
38479
38480
38558
38574
38831
38974
38996
39103
39211
39331
39465
39522
39771
39782
39783
39892
40078
40138
40241
40244
40357
40402
40451
40591
40615
40673
40691
40704
40705
40731
40880
40889
544
592
619
620
765
814
818
1030
1031
1065
1067
1203
1212
1214
1221
1312
1313
1314
1412
1437
1466
1491
1562
1567
1568
1596
1598
1599
1645
1662
1686
1697
1890
1922
1966
1967
1982
2003
2005
2228
2230
2325
2379
2423
2487
2497
2535
2596
2659
2705
2733
2754
2777
2816
2817
2900
2901
2914
2933
2944
3035
3086
3119
3149
3156
3193
3325
3326
3431
3480
3520
3717
3754
3835
3840
3873
3884
3942
3964
3979
4039
4041
4085
4105
4109
4126
4159
4163
4166
4176
4177
4178
4180
4181
4186
4187
4188
4189
4190
4201
4223
4277
4372
4386
4390
4457
4458
4465
4482
4487
4488
4495
4595
4597
4724
4725
4736
4737
5122
5178
5184
5247
5248
5252
5295
5304
5314
5352
5359
5366
5371
5393
5417
5434
5469
5494
5496
5536
5547
5548
5555
5557
5558
5585
5665
5666
5755
5775
5798
5819
5827
5833
5848
5862
5893
5902
5916
5918
5943
5949
5950
5952
5977
5992
5996
5999
6061
6087
6090
6124
6125
6143
6149
6166
6177
6178
6240
6242
6279
6280
6321
6379
6380
6459
6461
6470
6471
6478
6492
6510
6545
6546
6547
6549
6552
6569
6571
6573
6578
6579
6580
6581
6582
6584
6585
6586
6599
6616
6653
6672
6673
6705
6720
6726
6772
6773
6823
6827
6851
6873
6876
6887
6919
6930
6946
6986
6996
7022
7026
7037
7038
7053
7074
7137
7143
7148
7155
7173
7174
7186
7207
7237
7273
7275
7305
7306
7345
7347
7348
7360
7361
7363
7383
7387
7419
7450
7491
7501
7647
7649
7664
7667
7693
7700
7705
7754
7778
7804
7827
7836
7864
7890
7895
7896
7928
7929
7930
7936
7964
8011
8015
8038
8053
8097
8133
8304
8382
8383
8487
8503
8522
8525
8561
8575
8586
8587
8593
8601
8609
8621
8627
8675
8687
8691
8715
8728
8782
8801
8839
8843
8844
8854
8875
8893
8906
8908
8928
8929
8930
8995
9048
9165
9185
9193
9246
9251
9297
9308
9320
9342
9356
9371
9426
9470
9674
9676
9677
9686
9689
9703
9711
9712
9737
9757
9780
9828
9831
9832
9914
9952
9957
9958
9959
9966
9974
10043
10055
10177
10256
10299
10319
10321
10328
10341
10378
10420
10451
10467
10486
10494
10523
10524
10646
10675
10698
10746
10771
10853
10888
10895
10896
10897
10898
10901
10931
10937
10940
11066
11095
11111
11112
11115
11122
11144
11182
11215
11241
11244
11282
11286
11296
11380
11384
11522
11564
11574
11600
11604
11606
11640
11649
11667
11687
11705
11706
11714
11720
11760
11763
11771
11784
11817
11835
11840
11848
11896
11914
11940
11964
12055
12118
12137
12153
12161
12198
12202
12226
12241
12258
12288
12388
12412
12417
12491
12503
12624
12634
12682
12768
12772
12912
12913
12927
12941
12949
13018
13051
13063
13099
13128
13131
13137
13212
13215
13218
13243
13257
13263
13285
13296
13318
13321
13371
13397
13437
13443
13512
13516
13680
13689
13701
13733
13753
13821
13846
13851
13875
13887
13892
13895
13896
13897
13907
14042
14132
14133
14134
14135
14136
14137
14140
14143
14146
14153
14154
14155
14156
14157
14159
14160
14163
14164
14165
14167
14168
14169
14208
14250
14275
14314
14349
14375
14523
14528
14534
14536
14539
14540
14547
14552
14553
14558
14559
14561
14572
14635
14659
14663
14666
14667
14675
14682
14702
14783
15114
15202
15229
15252
15298
15306
15321
15397
15421
15463
15497
15540
15581
15613
15716
15805
15839
15840
15881
15884
15897
15903
16029
16034
16035
16040
16049
16142
16151
16152
16158
16161
16169
16172
16176
16187
16191
16193
16239
16257
16295
16299
16317
16380
16419
16463
16469
16486
16575
16652
16807
16841
16879
16945
16998
17027
17028
17052
17060
17104
17111
17113
17129
17154
17167
17179
17332
17381
17394
17401
17409
17427
17456
17461
17466
17468
17476
17484
17505
17535
17536
17537
17579
17628
17676
17729
17734
17752
17806
17843
17925
17964
18096
18159
18160
18161
18170
18191
18212
18229
18250
18272
18366
18413
18414
18418
18447
18473
18482
18584
18585
18598
18607
18655
18658
18686
18697
18702
18709
18710
18815
18852
18855
18868
18876
18942
18944
19072
19076
19078
19081
19085
19086
19096
19167
19177
19185
19190
19201
19205
19226
19245
19321
19333
19362
19374
19381
19490
19533
19546
19612
19651
19744
19757
19767
19771
19778
19836
19871
19877
19903
19926
19942
19960
20012
20014
20061
20067
20103
20156
20191
20206
20233
20234
20237
20265
20293
20295
20321
20340
20377
20408
20411
20442
20552
20560
20566
20623
20663
20664
20707
20708
20766
20772
20774
20820
20824
20828
20882
20953
20965
20976
20977
20978
21135
21254
21255
21264
21266
21272
21275
21394
21426
21466
21482
21515
21528
21547
21560
21668
21684
21728
21814
21818
21927
21974
21998
22031
22046
22072
22112
22143
22152
22185
22199
22203
22266
22292
22301
22345
22411
22413
22441
22442
22481
22484
22518
22631
22640
22688
22757
22758
22784
22804
22953
22955
23003
23030
23055
23061
23114
23136
23182
23269
23270
23278
23280
23282
23285
23370
23371
23372
23373
23374
23375
23376
23377
23378
23379
23380
23382
23411
23500
23521
23532
23581
23599
23626
23717
23746
23747
23748
23768
23769
23815
23836
23841
23892
23903
23910
23915
23952
23972
24000
24052
24053
24065
24067
24135
24136
24150
24155
24160
24225
24266
24320
24327
24395
24445
24474
24475
24575
24576
24659
24756
24757
24783
24785
24788
24791
24829
24883
24889
25090
25100
25104
25123
25134
25146
25147
25149
25150
25158
25189
25217
25249
25258
25259
25293
25303
25342
25346
25358
25398
25420
25499
25524
25543
25568
25579
25580
25590
25600
25601
25612
25619
25640
25643
25660
25769
25813
25814
25938
25965
25982
26004
26026
26030
26038
26041
26088
26107
26110
26133
26147
26170
26212
26263
26272
26287
26299
26315
26321
26323
26324
26325
26510
26577
26629
26653
26671
26672
26688
26719
26742
26744
26902
26922
26956
26957
26970
27026
27083
27090
27093
27094
27099
27151
27242
27243
27251
27261
27303
27306
27426
27436
27493
27498
27512
27518
27522
27579
27586
27587
27637
27638
27680
27748
27838
27860
27924
27935
27939
27950
27964
27984
28020
28049
28057
28061
28147
28184
28206
28232
28233
28235
28238
28258
28341
28349
28357
28455
28470
28496
28541
28543
28553
28591
28731
28733
28738
28772
28792
28799
28813
28826
28837
28838
28839
28898
28905
28915
28924
28967
29049
29217
29262
29315
29327
29381
29416
29428
29434
29457
29459
29504
29524
29527
29528
29530
29533
29591
29630
29675
29727
29745
29746
29755
29845
29920
29952
29997
30011
30013
30184
30206
30296
30302
30315
30368
30397
30417
30435
30447
30448
30449
30468
30469
30497
30526
30557
30558
30560
30626
30689
30716
30748
30763
30776
30801
30939
30946
31007
31011
31017
31030
31037
31045
31064
31102
31185
31221
31231
31235
31238
31316
31320
31431
31451
31586
31642
31643
31646
31648
31649
31655
31674
31701
31714
31750
31758
31796
31832
31866
32039
32069
32099
32103
32106
32174
32208
32209
32215
32243
32287
32317
32402
32436
32452
32453
32457
32461
32478
32540
32684
32691
32701
32743
32748
32769
32782
32824
32826
32831
32836
32845
32847
32869
32873
32874
32893
32906
32938
32953
32988
33055
33067
33078
33142
33162
33176
33207
33248
33289
33385
33394
33405
33457
33494
33506
33521
33622
33640
33725
33759
33796
33809
33848
33849
33853
33856
33879
33880
33881
33885
33889
33892
33893
33894
33899
33943
33992
33993
33999
34039
34040
34072
34184
34235
34271
34274
34279
34308
34309
34310
34337
34343
34345
34350
34397
34409
34418
34431
34435
34462
34468
34508
34525
34571
34586
34597
34621
34629
34631
34632
34712
34719
34721
34759
34774
34776
34882
34941
34959
35003
35017
35025
35050
35082
35147
35205
35223
35225
35242
35244
35305
35321
35366
35381
35399
35426
35428
35505
35528
35532
35533
35573
35575
35580
35582
35636
35709
35768
35904
35931
35945
35965
36043
36068
36073
36080
36115
36123
36202
36280
36282
36283
36347
36349
36357
36374
36378
36486
36644
36693
36695
36719
36737
36756
36760
36765
36768
36771
36781
36810
36817
36827
36876
36892
36930
36952
37001
37002
37043
37071
37083
37099
37110
37129
37148
37151
37159
37207
37232
37264
37286
37291
37355
37368
37397
37461
37462
37464
37503
37558
37563
37574
37575
37597
37598
37603
37610
37713
37778
37858
37932
37933
37934
37938
37940
37941
37951
37967
38060
38102
38103
38104
38105
38152
38177
38214
38293
38341
38344
38346
38365
38376
38402
38412
38430
38459
38464
38472
38478
38487
38488
38514
38520
38521
38552
38577
38585
38586
38592
38656
38657
38747
38763
38769
38778
38792
38798
38801
38924
38975
38990
39066
39113
39139
39177
39178
39180
39192
39220
39317
39385
39491
39586
39599
39614
39615
39638
39647
39669
39687
39705
39717
39725
39765
39807
39808
39859
39860
39870
39871
39898
39912
39952
40004
40012
40024
40033
40034
40035
40038
40117
40126
40147
40149
40159
40171
40213
40277
40280
40299
40307
40333
40401
40433
40493
40500
40506
40642
40644
40648
40687
40694
40701
40744
40775
40778
40779
40811
40856
40879
40922
40990
41020
193
194
297
298
299
376
377
378
379
380
571
572
655
656
657
658
737
738
739
776
812
836
943
1182
1194
1205
1206
1207
1230
1269
1311
1366
1483
1485
1486
1489
1490
1493
1494
1495
1497
1498
1504
1510
1514
1544
1546
1547
1552
1553
1554
1581
1583
1588
1589
1590
1597
1607
1674
1685
1687
1689
1690
1702
1705
1706
1708
1710
1713
1714
1715
1716
1717
1720
1721
1800
1801
1802
1803
1900
1901
1944
1947
1948
1950
1962
1979
2006
2027
2028
2040
2041
2042
2043
2050
2052
2055
2115
2122
2171
2245
2301
2349
2352
2353
2354
2355
2382
2385
2393
2443
2455
2456
2510
2532
2533
2534
2551
2552
2553
2554
2555
2556
2558
2559
2560
2561
2562
2563
2564
2565
2566
2567
2568
2569
2570
2721
2746
2747
2748
2757
2776
2781
2842
2874
2878
2879
2880
2883
2888
2897
2922
2923
2932
2995
3033
3083
3084
3089
3090
3102
3117
3118
3134
3138
3161
3179
3180
3199
3200
3201
3203
3209
3210
3216
3221
3222
3223
3228
3250
3251
3252
3253
3254
3255
3257
3258
3259
3260
3261
3262
3268
3272
3277
3297
3298
3299
3300
3307
3309
3381
3382
3412
3432
3433
3434
3435
3436
3437
3474
3475
3507
3511
3517
3559
3609
3615
3651
3687
3723
3724
3728
3753
3755
3756
3758
3760
3761
3765
3772
3774
3778
3781
3782
3784
3786
3787
3789
3790
3792
3793
3799
3841
3843
3844
3847
3851
3852
3859
3863
3867
3871
3885
3886
3887
3895
3910
3916
3921
3929
3930
3931
3934
3948
3950
3969
4010
4011
4022
4023
4033
4034
4044
4045
4048
4051
4064
4155
4156
4157
4158
4168
4169
4170
4171
4175
4184
4185
4194
4197
4200
4202
4206
4207
4210
4214
4218
4219
4228
4231
4235
4241
4243
4258
4274
4311
4312
4329
4371
4374
4375
4380
4382
4383
4384
4385
4387
4388
4391
4396
4404
4414
4415
4486
4520
4524
4527
4536
4547
4567
4580
4581
4593
4600
4601
4628
4642
4645
4646
4647
4648
4651
4653
4656
4712
4721
4738
4739
4745
4766
4772
4782
4784
4785
4821
4830
4831
4865
4868
5019
5023
5145
5159
5161
5163
5166
5167
5168
5169
5173
5177
5179
5183
5194
5217
5219
5226
5231
5240
5241
5242
5246
5258
5260
5264
5268
5271
5343
5344
5348
5367
5368
5373
5374
5376
5381
5382
5383
5384
5413
5414
5415
5416
5419
5420
5431
5432
5437
5439
5440
5444
5449
5458
5459
5461
5468
5470
5471
5473
5474
5492
5500
5503
5506
5517
5519
5520
5535
5538
5539
5540
5541
5543
5546
5551
5556
5559
5560
5561
5579
5591
5672
5673
5674
5675
5678
5681
5686
5696
5702
5703
5735
5736
5737
5738
5740
5741
5754
5767
5768
5780
5787
5809
5841
5850
5858
5860
5861
5863
5878
5883
5884
5888
5889
5890
5891
5896
5900
5907
5908
5917
5919
5922
5923
5924
5925
5926
5927
5929
5935
5945
5946
5947
5951
5963
5970
5989
5990
6001
6037
6076
6086
6104
6117
6118
6119
6131
6145
6146
6162
6168
6171
6181
6186
6187
6203
6231
6252
6260
6261
6272
6273
6278
6300
6301
6312
6320
6332
6333
6334
6360
6382
6383
6384
6385
6411
6414
6415
6416
6417
6419
6420
6431
6444
6450
6454
6458
6469
6489
6493
6497
6498
6501
6557
6561
6566
6567
6570
6588
6589
6604
6607
6608
6610
6634
6642
6648
6649
6651
6674
6696
6697
6698
6699
6704
6721
6728
6729
6731
6732
6813
6819
6826
6833
6848
6852
6857
6860
6861
6863
6864
6865
6867
6883
6889
6891
6913
6914
6920
6937
6945
6949
6964
6969
6971
6972
6987
6992
6994
6995
7021
7028
7036
7041
7054
7055
7117
7142
7145
7147
7151
7152
7153
7154
7156
7182
7187
7196
7219
7220
7223
7224
7227
7228
7241
7248
7250
7252
7253
7254
7255
7291
7292
7300
7332
7333
7334
7335
7339
7350
7353
7357
7369
7375
7381
7389
7390
7391
7392
7393
7394
7395
7396
7397
7398
7399
7405
7407
7408
7409
7413
7415
7416
7417
7423
7426
7454
7456
7457
7458
7459
7460
7464
7465
7466
7467
7468
7472
7480
7481
7490
7494
7498
7500
7512
7513
7517
7519
7520
7521
7524
7529
7541
7543
7544
7545
7546
7551
7552
7553
7554
7555
7564
7567
7578
7588
7589
7590
7591
7596
7601
7618
7619
7622
7630
7631
7650
7651
7652
7655
7673
7689
