17839
22552
9582
18281
----
24973
9887
----
16709
25331
27818
17470
16338
26852
29303
19565
19399
----
25626
30846
31004
18593
20021
----
10422
----
28232
33484
13090
34580
5754
27621
5226
11543
3383
33570
14228
15418
----
14338
13038
----
10507
4263
27499
23692
16877
----
29328
34232
5165
14547
33356
27595
18425
28563
27853
31981
20466
----
11561
17688
----
28082
24838
29636
14139
26068
29214
26420
10430
18031
2554
30948
22292
9916
18193
7988
34461
9368
7078
33964
----
25234
31495
25175
12775
8469
17984
15235
29744
18692
28930
20053
22742
5585
4041
29365
32756
32795
33204
28184
32661
6657
30170
14186
34483
24244
21811
12425
30952
27993
----
28758
32483
25733
5630
21553
1842
----
20784
29189
4103
32450
9804
10083
----
20832
10178
----
25410
21555
28623
19900
30473
16405
11640
4339
20832
14178
26063
4767
----
28743
18648
30197
22299
17743
30056
17728
----
----
12507
17898
23501
14625
16620
21821
15408
24956
25644
33909
32021
33267
----
----
5039
31754
8622
4024
4376
12044
34330
----
----
----
6085
29790
31874
----
19560
9854
----
24392
25216
18421
----
9797
29343
16401
6271
20715
10256
13662
15978
17194
19268
----
9831
22715
5845
12774
24691
21315
10636
24423
25471
32252
29782
20285
33891
24863
31618
34600
----
26720
14244
23666
15967
20626
34176
13305
7939
8097
23556
4809
30363
14059
27593
28210
1988
33930
17033
28830
23254
----
24099
8173
25892
28822
31412
32685
15546
30620
34069
19706
32894
25876
25421
25396
34157
14292
5001
13096
17076
27340
21850
1591
----
16388
20863
10958
9944
29166
13639
16470
----
9528
13222
14969
33912
5150
7643
31901
4965
31724
29130
24993
7176
----
----
21145
20329
15465
33935
26047
----
5079
13915
5662
16713
33340
29431
26671
3276
13490
12887
27926
7826
20573
1041
4067
33027
----
935
11955
23741
8257
22725
29775
7113
----
7768
10378
10066
21025
26635
33885
33299
8175
15124
16370
21453
4544
----
----
6463
6348
9970
7504
33940
7090
8212
18810
19386
16220
24939
31932
31818
33543
----
12739
20048
6225
24834
25077
15008
15520
15371
27843
25077
27321
4076
15621
----
----
5046
31410
7108
7069
9290
7801
16663
29172
27258
32791
7489
13656
20902
33973
28611
27081
----
----
----
31388
7801
6628
1167
33790
9079
11479
27007
20983
33181
13492
14508
19403
29638
23067
4241
20642
26902
4905
12462
12293
----
----
----
7161
15577
20666
21545
13865
20592
23636
25038
24182
29493
3780
34289
----
----
3647
31883
31823
10079
10446
4925
32808
12736
21285
12425
13841
2941
22234
21184
11540
17685
9818
30120
33531
33776
----
----
----
5467
20061
12096
6940
23099
25308
33802
18646
14589
27382
3874
29635
15523
14361
1664
16706
16630
31413
33335
31340
4495
8949
28906
7057
23799
31788
----
----
----
----
19287
25837
12517
8103
21161
33978
31159
10018
12217
29723
5661
11904
24814
3973
28744
8400
18084
19177
19835
3381
13773
13913
21060
31096
23177
12742
23554
25501
33195
24048
12177
4041
34786
33814
9585
8976
25231
33080
32005
32616
33784
29666
25308
34599
----
----
29304
27299
8325
28964
8394
10247
23722
13866
13837
5467
15312
22598
30767
33379
5141
22934
24100
17813
2970
23566
33166
13887
3577
15168
25411
23179
15190
9798
33671
8151
29538
33850
32451
23456
----
----
----
----
----
6516
24057
6254
7383
11362
21279
12917
14420
31801
10052
23587
21137
18397
26175
19090
29449
21299
33763
28905
27612
25537
1967
8168
5926
10546
21331
34397
7680
15581
27154
31108
17811
23179
24608
11691
33819
19288
26975
10233
2775
26659
29158
29312
21161
25993
2531
31560
20048
33317
24090
8196
30120
5320
33897
18737
27505
32633
4925
6018
----
----
----
----
----
----
----
----
----
----
