22815
23105
19671
3820
18538
8713
25689
107
19107
24143
21097
4127
21651
25924
4614
16002
18590
19159
8313
18294
8810
11752
23296
21285
2463
1425
20885
14570
15164
23827
17671
5326
3113
11727
7791
6437
26091
8052
22126
2112
18364
6394
22619
3380
9629
4963
10803
24640
12620
11314
11388
11835
4048
7154
23099
7845
24824
9830
4812
8957
23767
3024
11721
9648
1410
10541
16308
21562
5025
22134
7454
8601
19867
2994
25000
10199
6625
14559
5178
6497
24096
8300
9637
15138
23809
23383
22032
17766
10208
8849
22768
6699
16726
18559
15257
22829
24845
21023
5008
6404
10663
6386
23327
22873
1331
3842
25834
4561
8896
4096
15542
7774
19
4342
24037
25553
17599
25692
13988
13885
16543
7902
25133
10183
24762
24707
6091
23279
25040
9654
10654
18979
8965
23200
6425
7977
16592
2459
11821
14548
24140
11467
13258
18703
3643
2354
8328
384
21002
15843
6707
6506
18940
25797
19313
4145
9771
11158
8134
11527
16258
16333
23312
12816
13722
11233
13382
24537
7660
14483
23649
9334
23954
25682
25917
14387
3142
15826
11359
3165
3923
7065
10149
12824
24831
9050
9632
25916
4013
15217
25951
23932
25887
4047
12785
4898
20434
20912
4908
8042
8303
14587
14240
16578
25343
11384
16345
24573
25219
5812
20522
20888
5363
6466
9802
16942
18257
18325
20609
23599
16630
25679
11865
21557
25826
9380
11070
11145
11892
21186
7823
9887
14418
16921
19355
19982
22476
4438
18716
26046
2571
5020
11759
11829
17206
21660
24826
2118
3563
5940
13752
15673
19117
20643
2357
5989
7698
10040
19692
20656
24891
6537
22242
22736
10434
14572
18888
4250
8051
8479
10746
17951
21544
21591
23560
15204
18331
19838
20612
9116
10667
21764
23545
25285
25294
2001
2731
6267
8958
13573
19291
19480
19829
22519
56
10461
17374
18354
26113
1080
3324
6099
7796
9622
9851
11504
11535
12953
20170
21936
843
9621
24339
25255
25313
4543
5207
14762
24965
377
2013
5073
11797
22807
24626
25859
3290
5359
14600
19803
21481
25013
741
5862
7814
8252
15660
17147
21406
22451
23464
25712
4378
5740
7658
14417
15154
15653
19477
20408
20678
20786
23076
23298
1872
3370
3921
4418
6673
6689
7398
8309
10019
10745
14586
14872
16792
18165
18509
4034
4537
6986
7934
9094
11920
13422
14540
14742
15657
18561
21506
23401
24405
24595
25394
126
3412
4542
4611
6189
7638
11086
13275
14566
14804
15799
17096
18854
19182
19362
1800
3720
6259
7637
8477
11071
11911
13304
13383
14546
14547
14783
15735
16341
16384
22410
938
2809
4319
4748
5636
5772
7780
11670
11969
13411
16171
19518
21551
25074
213
647
1310
1755
3104
4292
5832
7391
9332
11496
13524
14260
14904
15465
15786
20530
22490
648
1574
3694
3815
4744
7987
13970
15311
19356
25840
605
1081
1582
2866
3151
4210
4910
4947
5282
6243
7448
7503
8044
8079
8362
8466
8634
9205
11780
12330
13921
14629
14934
15181
16068
16089
16797
17226
18878
18879
20818
21234
23587
23742
24065
24855
25857
1985
4370
4476
4869
5188
5440
5455
6447
6815
6934
9162
9204
10439
10531
11487
12210
12595
14820
15180
15630
15817
17130
17229
17293
18360
18486
18714
18758
19005
19143
19404
20265
22612
23003
23112
23291
23884
24758
390
680
1232
1805
2071
2164
3102
3533
3638
3926
3927
4541
4811
5057
5220
5310
5384
6346
6523
6656
9207
10260
11299
12245
12267
12592
12725
12800
13676
14520
14716
14718
16831
16979
17046
17267
17362
17452
17764
19384
20091
21011
22446
23118
23684
24048
24509
25110
25215
749
819
1762
2638
2722
2819
3047
3655
3791
3816
3850
4402
4494
5033
5189
5456
5878
6335
6828
7450
8159
8330
8456
8547
9816
9902
10395
11080
11283
12004
13672
13821
14165
14318
14375
14885
15790
16544
16545
17511
18189
18707
18834
19060
19841
20054
20059
20078
20659
21265
21994
22468
23533
23703
23883
24767
25101
25214
25287
25650
347
362
855
954
1238
1384
1407
1977
2048
2108
2654
2700
2765
3270
3502
3591
3970
5064
5191
5197
5872
6286
6446
6830
7034
7400
9539
10198
10496
10505
10635
10861
11970
12025
12255
13386
13536
13918
13973
14750
15222
15429
15833
15899
15903
17218
17352
17860
17975
18638
19476
19746
19769
20693
20877
21125
21253
21405
21415
21457
21927
21964
21967
22305
22868
23891
23998
24730
25033
25177
919
1159
1200
1445
1705
1839
1932
1954
2096
2120
2215
2235
2439
2619
2897
3105
3466
3740
4015
4448
4456
4459
4886
4964
5227
5306
5324
5665
5686
5776
5787
5790
5939
5960
6687
6691
7000
7426
7514
7525
7842
8040
8076
8108
8397
8565
8774
8823
9465
9533
10376
10387
11063
11096
11308
11668
11785
12063
12272
12767
13420
13636
13641
13878
14019
14157
14717
15195
15395
15633
15727
16182
16280
16283
16286
16606
16660
17444
17702
17815
17966
18417
18422
18722
18891
19277
19393
19577
19809
19905
20523
20757
20837
21185
21238
21263
21407
21543
21759
21822
21844
22117
22118
22427
22461
22465
22537
22538
22598
22844
23004
23081
23101
23221
24120
24209
24241
24491
24495
24794
25190
25205
25374
25730
26124
460
716
815
1096
1237
1339
1433
1461
1584
1758
1858
1923
1959
2017
2117
2149
2209
2217
2267
2408
2410
2600
2833
2895
2902
2995
3067
3172
3277
3385
3498
3579
3609
3642
3711
3748
3749
3823
3920
3957
3958
3969
4081
4108
4143
4201
4258
4301
4302
4404
4939
4996
5034
5173
5365
5496
5509
5523
5685
5786
5876
6088
6109
6269
6308
6605
6924
7066
7145
7169
7186
7198
7203
7204
7652
7843
7848
8161
8162
8276
9043
9155
9458
9460
9640
9903
9921
10029
10329
10391
10468
10553
10750
10864
10897
10974
10987
11015
11164
11188
11296
11354
11626
11666
12465
12593
12758
12759
12873
12939
13084
13088
13240
13256
13394
13907
14042
14438
14472
14492
14545
14877
15002
15179
15648
15785
15802
16071
16230
16523
16654
16663
16707
16902
17373
17453
17480
17567
17611
17722
18074
18260
18379
18886
19148
19247
19378
19417
19718
19749
20045
20049
20126
20293
20294
20493
20603
20720
20935
20986
20987
21003
21119
21555
21786
21863
21986
22072
22108
22229
22232
22273
22283
22307
22464
22863
22906
23413
23468
23829
24168
24371
24373
24706
24810
24817
24955
25879
106
587
690
738
739
903
925
1093
1173
1302
1329
1406
1587
1661
1901
1909
1936
1967
2026
2036
2063
2131
2132
2192
2219
2220
2221
2255
2257
2274
2318
2412
2670
2674
2728
2761
2946
2955
2979
2986
3046
3110
3115
3265
3278
3302
3399
3433
3479
3482
3525
3527
3530
3535
3612
3649
3650
3651
3652
3739
3747
3895
3904
3905
3906
3907
3932
3942
3982
3997
4154
4183
4232
4316
4338
4372
4751
4775
4806
4810
4861
4896
4946
4965
5019
5024
5084
5225
5316
5380
5383
5418
5429
5444
5483
5777
5871
5961
5990
6092
6105
6151
6152
6215
6338
6561
6609
6617
6780
6811
6827
6869
6913
6923
7036
7294
7377
7672
7691
7699
7776
7819
7839
7911
8045
8297
8301
8304
8311
8530
8583
8584
8585
8836
8843
8956
9067
9543
9923
9925
9945
10204
10230
10325
10448
10543
10751
10895
10898
10996
11157
11162
11352
11362
11363
11457
11509
11790
11793
11853
11960
12152
12337
12498
12499
12500
12501
12547
12619
12624
12629
12654
12706
12730
12831
12864
12866
12869
12889
13038
13118
13119
13123
13247
13248
13283
13354
13516
13535
13569
13570
13618
13805
13961
14035
14127
14174
14175
14246
14256
14323
14374
14380
14382
14383
14389
14409
14490
14582
14682
14846
14884
14998
14999
15012
15110
15148
15155
15221
15401
15411
15509
15511
15559
15645
15650
15733
15797
16015
16093
16159
16180
16185
16344
16419
16533
16535
16536
16585
16683
16722
16724
16803
16804
16822
16825
16835
16962
16963
16980
16983
16984
16985
17028
17198
17254
17471
17472
17573
17838
17866
17921
17922
17946
17961
18011
18179
18368
18386
18387
18395
18396
18414
18506
18665
18666
18667
18844
19070
19163
19184
19225
19242
19367
19439
19527
19572
19685
19736
19826
19900
19963
19967
20144
20166
20303
20490
20653
20698
20739
20780
20896
20959
21158
21164
21231
21255
21322
21329
21363
21393
21400
21410
21416
21536
21554
21688
21723
21746
21818
21929
22131
22204
22218
22284
22303
22322
22435
22449
22462
22477
22524
22633
22670
22803
22822
22823
22824
22843
23028
23043
23044
23104
23407
23462
23562
23698
23838
23887
23912
24021
24121
24126
24238
24239
24347
24348
24499
24500
24588
24590
24618
24628
24716
24717
24748
24808
24812
24813
24818
24882
24906
24928
24969
25070
25174
25264
25365
25438
25488
25595
25596
25602
25677
25740
25957
26109
85
614
641
737
838
839
867
868
870
897
926
930
931
935
936
937
947
955
1247
1248
1251
1305
1327
1375
1524
1573
1601
1609
1616
1621
1652
1653
1706
1765
1766
1862
1874
1891
1899
1900
1903
1907
1911
1916
1917
1920
1922
1927
1929
1930
1935
1937
1938
1939
1944
1947
1955
1956
1958
1972
1973
1974
1975
1976
1979
1982
1983
1988
2023
2024
2025
2028
2029
2040
2041
2042
2058
2062
2068
2081
2087
2196
2200
2202
2269
2379
2383
2385
2440
2442
2449
2659
2762
2800
2808
2820
2835
2881
2886
2951
2964
3072
3091
3116
3158
3279
3282
3284
3334
3374
3383
3386
3435
3438
3439
3441
3442
3562
3565
3715
3717
3719
3753
3762
3803
3806
3807
3943
3948
3995
3998
4001
4006
4035
4062
4100
4101
4102
4121
4123
4140
4153
4180
4191
4202
