----
----
15566
----
49180
----
14462
7931
41229
47023
29260
35444
17905
13610
13581
25968
23284
2445
25762
----
37643
26551
42956
12877
31634
47165
47408
14115
21926
39488
2017
36615
36780
19531
25452
19137
29399
9598
9107
----
35002
10942
39356
21991
47356
22609
40131
3577
25299
26692
42554
----
37082
6506
807
2510
48127
3949
3573
15906
41845
10173
12378
4405
8038
46383
36359
14597
18835
36578
14808
----
3384
27681
22363
33210
26889
49078
25884
42212
18941
45191
15143
42335
32843
42663
16206
36077
17814
32707
21174
30603
25296
24864
----
17831
39077
34837
----
43777
39152
18333
39752
10936
16995
----
7289
10785
17388
16110
27778
----
33641
23080
43219
----
24165
25797
36349
46319
1823
43053
9115
17321
17382
32301
18123
9454
5440
8188
39496
----
----
4143
33019
20572
28473
----
38951
45641
46511
29055
22719
36522
1058
35208
1444
----
31136
----
35679
42144
11717
26938
16341
36721
48266
----
41546
34723
3720
36778
35075
10726
48803
41795
20724
44766
----
10073
25345
40593
29046
11434
22245
----
19024
984
21104
----
11678
6048
----
37075
44516
28978
----
43925
----
----
46544
1775
4855
20720
----
31648
23500
29451
42317
22859
33083
----
17448
27715
11833
35775
7155
19556
2227
45185
19466
41745
45463
26888
49008
----
39293
16455
37026
1486
43158
42173
1808
38860
23656
40841
12928
34201
32648
193
18912
47185
5072
20823
28635
4039
39263
33964
45562
----
46391
41823
5605
38579
11015
16285
----
24773
7391
35952
48332
49191
41406
1066
----
31093
8778
40585
26575
46914
34984
16491
43360
36117
----
24916
24293
29217
24066
31734
11397
48592
33764
43022
46744
----
19141
28549
43214
----
26877
27752
10841
13408
43494
2396
48207
1271
----
7529
25268
35634
30766
6029
8209
24900
36187
19716
48198
48983
----
40219
----
19073
38587
42517
45537
3120
36026
34487
20711
16153
30265
44870
48205
----
----
32822
39373
14247
49123
----
15550
26790
41399
----
32865
8857
47878
----
20560
2576
19799
13539
8657
45990
4945
42063
49100
----
14909
19291
33107
33694
43590
46816
4767
44378
33659
530
----
29210
36608
4743
14616
30559
12032
----
----
----
48482
----
10849
8962
36594
26093
7305
34730
28935
39913
43748
38533
17399
16681
39790
8747
35732
----
2175
38281
42375
30569
5426
----
----
----
36046
32872
----
6659
27582
----
4766
24113
35071
33056
5185
9173
----
11466
16889
27880
42901
----
----
----
----
26969
36728
35084
43833
11713
26696
23554
37696
29130
8863
27566
36117
44055
9166
46298
----
----
16624
23837
28451
26569
14943
32592
12218
44220
----
15697
34479
32167
39548
24202
30748
30967
39347
31969
47508
9545
22032
16546
21014
46426
26026
32746
44336
37125
9311
----
----
3961
47923
27812
47327
----
----
----
41516
24614
41226
14559
34142
28835
30059
36515
46748
----
10853
27805
16078
24801
15028
37756
43537
25294
47349
48376
28364
29469
45842
24832
----
----
5363
13633
15152
15501
29258
35144
22295
10593
22465
24161
44769
31267
31506
34464
34601
15639
41619
27128
----
----
11848
45517
21003
20722
6622
29661
9547
9824
49233
49035
----
12928
38541
42937
25644
36580
37157
23528
34301
48478
37660
24139
13909
----
----
----
10039
12441
2406
16941
46974
27047
29753
28698
7311
43377
11319
----
----
26853
31578
16467
18904
21754
18702
7495
41439
37323
42170
42068
45544
37942
40529
48224
----
----
----
----
3461
34269
15260
28821
7573
20934
25937
48415
46090
----
----
24403
10684
3194
11714
4955
23489
19617
22689
24217
766
26581
9398
33040
35707
10915
41538
47833
43067
43387
45230
----
11342
39973
16483
20718
21532
11098
31295
31593
20172
10888
47669
46704
43405
----
----
----
----
18138
17254
19685
33644
31769
43192
30568
45799
34288
37124
47140
----
----
----
----
30614
15710
23474
20655
26766
33510
34833
8993
40314
48381
45215
8781
49294
----
----
44637
23945
25719
24706
31339
29662
31999
38666
16327
12971
47596
44224
44283
44604
45206
9889
46286
40523
48606
----
----
----
----
45268
36508
14344
15885
36360
29199
38661
25407
46975
47647
40811
37085
13729
24983
46332
7718
38968
45815
47881
----
----
----
23055
26009
12484
24821
31717
19070
23702
19705
21638
21296
46375
44023
24471
7077
35387
14879
42649
47615
23657
35152
44804
46654
42596
41940
25261
41808
44135
11790
6542
----
----
----
----
----
----
----
----
17240
13915
42673
14074
44698
14138
14127
26532
16632
6561
31456
41598
22564
7355
1924
29581
8918
715
10122
38534
7589
18493
28982
29727
37770
31151
18374
44352
25337
38312
24405
6595
35840
25689
42294
35160
8028
43138
45124
46813
27424
7132
----
----
----
----
----
----
----
----
----
----
----
11334
12529
33959
9109
5517
12290
13718
29958
14421
1807
10123
19525
13709
42923
19547
5340
22738
6918
40862
28983
31809
36961
15608
48769
28749
38836
38585
41591
42916
37084
28742
47514
43375
32540
47713
16150
42090
----
----
----
----
----
----
----
----
----
----
----
----
----
30457
11985
12578
14363
26954
24385
41980
17973
23936
19486
45335
21364
8058
21637
42160
24521
22053
18509
26144
38343
47718
48325
28570
28411
19963
24084
6778
9081
42761
3673
45661
8754
47978
31770
45691
47226
48593
48607
----
----
----
----
----
----
----
----
----
5829
----
----
12956
11849
14336
12924
38585
5404
14350
18285
3773
16296
5352
22959
36279
24212
48370
31276
22153
31380
15251
33645
28447
29461
42000
28664
20982
31052
21843
31958
34697
31490
13905
48110
37295
46278
44135
38871
26123
27430
42363
11397
37207
46291
46377
37501
29585
48165
8929
48588
8921
----
----
----
----
----
----
----
----
----
----
----
----
----
43941
----
----
14021
25549
36671
11362
12318
14436
33375
44667
14401
14366
20525
5835
21595
20552
39750
16456
16457
17918
24910
31144
22898
28802
27323
33912
26433
26932
23436
27946
27471
28472
32811
45709
45301
22029
31814
32852
34505
34587
8259
4517
35739
35740
37504
4556
30299
14456
41061
38343
39197
46719
39484
30793
31197
3460
25845
43102
44782
41461
46247
38902
36691
47786
----
----
----
----
----
----
11711
----
----
----
----
----
----
----
----
----
----
48279
10807
45826
11699
15662
13252
35116
23252
38746
47298
14170
14385
30596
29958
4851
27456
15748
15385
24938
2174
37304
29067
43788
3762
22283
47840
43156
19149
43896
38043
46616
25270
6926
9249
48379
26822
46324
36621
31370
6683
35830
28808
13399
13402
19425
10789
32813
29448
29442
31266
31386
31027
8356
13841
3055
4940
8034
8013
36494
45666
4515
49217
48499
35782
35791
31270
38300
37513
34874
16804
22318
41004
48769
45798
42386
28643
45177
45216
29645
45968
34740
45810
46130
48459
46264
13654
27260
9550
----
----
----
----
----
----
----
----
----
----
----
----
----
----
----
----
----
----
45508
35124
29911
13633
11012
6737
11851
26018
12627
12923
39672
32097
14308
16068
33375
8685
27454
31036
14427
21215
25488
17437
17951
34464
18944
19572
25139
32556
21397
21659
21526
4399
23821
48189
22282
25519
31060
22563
24780
24838
24751
47460
28488
35746
36280
48630
25472
49133
11616
13981
41340
28465
35825
43696
46110
45633
18976
5495
30060
30062
37084
30700
36288
31117
34844
43910
44366
32716
46280
40173
15638
35233
27822
46342
23814
14809
9735
34489
12751
41720
4883
47851
16731
33991
16659
42384
43394
11283
44690
40782
44844
44845
4294
40861
40874
45122
45470
46536
31602
5051
48687
9038
46289
12965
25478
47253
33513
45795
48611
48631
48705
48875
36978
----
----
----
----
----
----
----
----
----
----
5455
----
----
----
----
----
----
----
----
----
----
----
----
----
----
----
----
----
----
----
----
38423
10973
10978
10965
29425
11027
45829
12859
13841
11366
46524
4874
26828
4937
22112
36705
11998
15400
24740
12626
14476
9697
46617
5570
15590
27000
28926
37298
36440
34911
14396
3980
35972
10086
27457
24939
41925
4303
40451
40685
15557
40478
18301
36205
18675
19050
24801
19632
36490
19073
21571
22367
22601
22908
22672
28741
33989
36268
26725
23480
46974
15073
28656
14445
24763
26797
9042
31080
4088
5641
26899
48113
31528
42454
9499
44768
32993
28265
28461
8473
13403
28999
17849
38708
5280
29275
28082
32812
34373
4327
30729
34943
29303
30926
31821
24781
27575
8140
32476
32729
39484
32823
35756
34023
36449
3284
12947
45967
36262
47387
35706
21168
47923
48051
38255
15736
6017
18647
41062
5159
40439
22927
45663
7292
40985
28350
45661
45547
41535
41789
10577
43166
26931
6322
44532
44895
44855
47325
5050
46325
47843
46646
46751
43124
13146
34180
42076
49023
----
----
----
----
----
----
----
----
----
----
----
----
----
----
----
11719
----
----
----
----
----
----
----
----
----
----
----
----
----
----
----
----
----
----
----
----
----
----
----
----
----
----
----
----
30586
9951
9963
10001
26018
10907
21115
11306
14730
12081
13006
39266
30829
15211
24874
11510
4909
22111
36041
47515
11789
10207
19174
4894
15001
33565
13404
13545
13506
13514
29338
49157
21927
14361
25642
22366
14767
36002
28397
37847
49275
46750
15108
27486
49083
31269
39400
25578
26805
49114
10637
28476
16474
16635
3761
19435
27912
40549
35461
18217
18219
33485
18599
42930
11332
18322
18945
28950
43419
39125
20424
8566
19642
30930
22016
35126
22902
23486
22927
46528
27232
7195
22735
24497
24595
10385
36271
36616
6686
27220
45025
26145
33545
32188
30124
30150
30137
45305
41826
38282
48627
26423
4705
17100
27544
22631
29645
28249
30453
43699
40413
47894
42631
23305
29555
29596
29597
29885
9584
28640
2342
43222
19001
31304
30673
32593
27120
40147
45648
24782
39786
32722
44352
12676
33300
34081
27480
33616
42743
25971
47022
34382
34506
8271
35219
40855
35925
35926
36736
28469
34795
35786
4785
36528
45765
18331
40713
41477
37356
17309
46364
43743
39484
41337
26427
46150
44933
33938
41005
41625
41627
49006
15556
42325
42766
9355
43732
37426
43233
24084
39719
28656
42208
41817
45816
46358
44588
38707
45123
45186
45187
45151
45195
45213
45308
45639
45657
12703
44895
46129
46246
46302
46738
47229
47230
43282
47564
47910
48058
48058
49276
4834
42446
14924
45716
49290
----
----
----
----
----
----
----
----
----
----
23262
----
----
----
----
----
----
----
----
----
----
----
----
----
----
----
----
----
----
----
----
----
----
----
----
----
----
----
----
----
----
----
----
----
33578
----
----
----
----
----
----
----
----
----
----
----
----
----
----
----
----
----
----
----
----
----
48720
20826
9962
42495
34793
22112
40431
11305
14401
40415
13915
10761
10780
42859
22640
10872
10956
10957
28655
9394
12638
36245
4197
25173
42966
27931
47968
8071
9370
26860
27162
18881
40429
15134
34505
38461
22465
5504
29777
38658
8296
12184
25125
27337
38474
45652
28098
30051
34057
27368
26042
27651
13505
48142
43514
43642
26846
29308
14243
20595
34080
14545
25740
14286
46412
22347
15233
26593
21993
41033
48504
22393
17762
17763
17764
16243
16302
16303
18277
7463
7463
31999
32344
23235
25718
23332
17424
37256
37716
31163
45818
18222
19819
18152
31197
47888
34558
34491
18727
18550
3313
36436
38992
40448
44614
21027
20713
20719
25140
21335
21318
36697
48481
4784
21583
21171
3714
27058
25132
48822
39719
37830
37832
37361
40179
48481
22556
22557
22602
30622
22960
28868
18785
8064
44778
28560
29211
23210
36646
23456
7355
10497
44925
28418
28419
28408
26550
15740
2174
37004
48209
25158
24496
24498
24484
24740
38735
43101
41343
42808
46154
45973
24637
36048
45760
34005
27925
27926
26138
26139
30126
26759
26760
4929
19211
28644
40777
47641
23262
27228
27229
27230
9668
42631
27239
27240
12689
44576
44578
45499
29199
36735
4866
28140
28142
28146
28186
28257
28262
28471
28486
28487
47797
28832
28857
28859
28860
48148
29107
36361
29428
29443
29456
5262
11258
26563
13508
715
31625
42608
35455
49054
30859
34245
5620
37460
31511
31312
31229
31694
44206
40993
49234
6799
43244
20267
43802
11846
41265
26502
13679
38285
33247
26487
45315
33509
33511
33966
33615
41910
14127
38112
48210
37404
15736
5051
47071
8262
35217
49216
35914
44630
36572
34831
43251
43426
42840
43209
35559
35560
35814
35804
35822
5153
36040
36042
43181
28375
37505
37506
36513
44094
40468
24707
38272
39532
37390
11969
47456
32586
9038
20608
9001
28461
43096
11968
41773
41182
8190
44343
36379
38843
22415
19306
43920
20014
42615
39068
38901
49261
47945
37502
24779
10709
12639
8993
38103
26943
43808
34815
44934
44949
44950
44951
44956
43976
34728
41624
41626
33672
41790
41806
41807
43307
37801
43528
42357
47063
42824
9484
34740
34843
36616
4879
16008
12535
27813
44165
19949
33097
34240
47350
37010
32091
44879
14890
33623
33672
45324
7132
15731
46045
45629
45630
45651
42748
14387
40555
47289
46241
42074
9079
26506
35178
46442
38057
46920
47272
46955
47058
47059
47873
25488
15659
21315
47604
16964
48192
47777
48177
40920
9064
32563
45718
28084
48122
31270
48158
48481
34316
43243
19586
11569
45765
31182
47679
----
----
----
----
----
----
----
----
----
----
----
----
----
----
----
----
----
----
----
----
----
----
----
----
----
----
----
----
----
----
----
----
----
----
----
----
----
----
----
----
----
----
----
----
----
----
----
----
----
----
----
----
----
----
----
----
----
----
----
----
----
----
----
----
----
----
----
----
----
----
----
----
----
----
----
----
----
----
----
----
----
----
----
----
----
----
----
----
----
----
----
----
----
----
----
----
----
----
----
----
----
----
----
----
----
----
----
----
----
----
----
----
----
----
----
----
----
----
----
----
----
----
