----
34657
35498
32710
3085
20177
----
33142
446
22451
14218
26590
----
9767
15226
10196
19095
22778
19313
35479
35407
25231
2564
3237
----
1890
17657
14758
332
----
27693
18922
35715
324
3394
14096
2614
23238
3429
27121
3630
30991
----
10423
----
25794
597
35874
1231
3067
36062
25245
17010
217
----
2084
31241
2064
----
8335
4279
20948
77
29202
22572
30555
15817
2612
18777
30733
36538
8603
31279
23063
35522
27722
240
----
----
----
2521
----
----
10972
25238
576
8683
7909
27956
----
----
835
26508
8931
16242
----
3312
4520
4796
24507
----
----
72
117
14279
3621
----
----
----
----
2671
14427
27600
36187
10053
1763
13784
26231
36
18719
----
----
35236
27286
29256
13319
26977
22058
4975
2334
20979
31110
4999
----
15989
4834
3687
4980
23847
22128
1033
2211
14480
17540
242
23224
29061
1392
33916
33586
15028
2222
7900
15496
31886
23398
----
6295
18300
15911
30343
----
7594
8492
3356
3715
----
----
26750
23840
24502
34940
6693
35880
10808
6696
12106
18164
2921
----
36089
4494
25957
33093
2221
35343
----
7025
33969
1226
4257
27581
----
26843
----
----
849
27165
17977
36631
9562
21936
33760
23964
20378
22095
31721
20055
140
----
----
2409
----
22476
27751
23220
2141
30516
2299
210
30383
16237
22098
21377
34043
36269
2275
24488
----
18238
25772
----
34788
34880
16825
33949
24661
16005
20864
24457
604
17039
21747
----
----
4025
6189
35583
28028
36526
35457
16726
21544
23383
7519
30850
----
9249
14466
15769
36110
34409
9710
1926
27386
11155
11088
33791
850
----
----
----
25469
11941
24492
36597
32149
13669
9270
20722
6163
----
8675
17548
1742
13339
28571
----
----
----
5826
25522
33073
22186
35614
31530
24367
30147
14050
35142
----
----
19078
11489
13978
34763
17041
32839
2455
19130
2642
7812
20590
25062
17117
----
----
2367
13970
1725
----
9870
20779
----
10009
184
21100
----
35460
21417
427
31796
30536
23737
26244
----
1859
----
6136
10606
27884
2366
32897
9730
12076
9327
20755
24658
2179
28456
30107
25770
515
34617
1964
21880
2270
4690
20313
----
----
28876
19362
8275
33717
30228
441
699
15963
9464
33973
----
----
26952
19666
17100
3675
30622
----
2400
----
----
12041
6737
13961
5125
816
----
----
5613
15195
2331
32960
----
----
27212
24314
13086
29858
2031
30387
11221
----
----
----
4594
18875
20833
4715
27826
----
7031
3904
35575
28136
29908
8530
18635
16459
17127
33557
----
27069
13698
20674
3301
11898
23382
6086
3556
19203
15901
2089
8555
1673
2009
15124
25171
26098
----
27525
34669
21417
31860
25072
21634
26199
28322
12744
31071
----
----
29612
5479
24684
15622
21382
5119
29641
4607
----
494
32636
----
33415
23764
24681
27201
21772
18430
2264
4423
5611
16469
16401
23543
29201
36124
26497
33653
17622
15694
1192
17727
2392
28726
31559
27317
11271
12948
18518
19911
22663
----
15275
11743
14154
16297
16483
19512
8644
10513
34923
31902
----
21923
32209
10079
15240
26843
141
25430
35370
283
27485
5356
22756
15787
24242
3036
36342
34911
744
----
1576
6748
14176
19832
27838
19301
24477
25228
26182
22909
1664
32688
25074
31038
27853
----
----
----
14753
12731
10460
12283
19842
5813
17042
2204
24297
4400
30110
29227
35259
35339
----
----
2335
23274
14809
4595
17917
11645
32420
18429
24006
19352
31566
20190
4838
----
----
36089
6885
10903
5598
36072
8476
2750
25858
27696
----
----
29822
850
11295
35907
15621
12687
31508
4278
12316
32935
14629
32488
25341
----
----
----
17113
11320
30204
16956
27731
24512
26353
23246
20466
22914
32757
17670
367
4797
27754
----
----
----
----
----
13089
536
20165
855
16579
33429
3210
34259
35046
24112
27968
16979
29382
----
----
31831
7797
15033
22433
24165
19321
36079
36236
21635
22373
20709
24320
26426
31861
17261
3502
23021
----
----
6820
17021
3817
9729
8231
13501
3323
15146
27860
24649
17687
21794
28839
2426
28229
34970
7175
32130
21621
4288
----
----
----
6124
12340
12877
5608
30594
22521
20216
21985
24740
4320
35091
28629
33608
36429
----
302
14751
32170
25910
1356
12917
15715
9445
31741
12936
24189
7095
1222
10010
29471
16838
24161
17136
23236
23071
36292
----
----
13793
388
30253
33077
6123
17085
29257
24319
18086
25816
3376
11428
30996
31539
5074
27297
22088
----
----
----
----
5639
23767
32998
11336
19331
14563
22754
30108
8305
22295
19910
25399
5449
16318
30608
2303
15795
28623
33440
30993
23735
33311
----
----
----
----
3513
7405
65
3805
1880
15206
34544
23102
13773
12642
2195
18873
24587
30737
25587
4322
24986
1399
28915
24108
34341
35924
1491
----
----
----
----
----
----
2879
17176
1227
4226
14496
112
31242
21665
27470
987
23545
30092
7505
35573
----
----
----
5245
21552
9304
3087
30982
15661
18158
2638
22307
18103
18141
21753
19925
34911
22905
30126
7715
19317
34804
4952
----
----
----
----
----
----
----
----
28453
1115
25773
1606
12453
13127
11101
13778
22019
2391
15987
24149
35521
25580
33160
35790
----
----
----
----
27710
2201
8203
6554
20132
35753
8925
5001
1633
14798
7080
10801
27185
3018
1309
3797
765
15020
21378
20620
2639
2062
22339
7079
36467
30024
24167
35426
17561
20972
27218
994
4794
31274
7442
35396
5131
33241
34960
----
----
----
----
8007
9228
31166
23176
2532
15223
16767
11585
12315
28817
36415
27673
3733
34747
4431
5269
17881
20649
16372
21547
21660
30270
2417
24909
611
16541
10506
27731
30997
20521
1472
34944
19914
26516
34997
----
----
----
----
----
----
----
----
----
----
----
----
30903
25403
13493
11284
3278
2139
33153
21248
11635
24177
29074
13281
27674
3168
20548
4159
2295
1992
6421
30508
9712
2706
4319
9230
6956
29474
34562
34930
31218
29637
33155
29625
3377
----
----
----
----
----
----
----
----
----
6652
15672
5491
10371
10102
12469
12498
9621
13813
9686
8574
13338
1199
19052
21622
25139
28785
23135
28733
4606
34130
7813
23259
28093
28555
35644
28847
31636
1375
36153
33297
29383
4913
33430
27497
313
----
----
----
----
----
----
----
----
7631
4132
29995
16296
28649
28317
25075
11180
3274
22841
16609
31607
1748
14091
593
20688
23276
14791
26662
28329
2591
22218
28813
34854
12749
28498
26676
32876
33199
35901
----
----
----
----
----
----
----
----
----
----
----
5939
18499
13927
23969
14070
15663
19717
7113
9517
14125
33792
30475
1977
18729
5786
621
17669
16913
25438
31882
1271
33696
32770
14872
4042
30360
2177
23399
21255
4593
1429
9464
24346
654
25798
4664
29613
26834
25125
27086
18376
28974
27918
30072
32002
33596
20186
27992
27032
27777
----
----
----
----
----
31081
11375
8854
5109
32661
3049
23248
35924
9312
4407
8285
31279
3290
8148
26968
19582
36322
30118
24307
4353
2411
5696
6189
32449
5825
3886
23209
14779
3907
27843
11097
4839
17687
22006
18065
14957
26169
15733
10086
19792
21356
8193
16772
8681
1341
32815
4391
6973
24257
24574
26845
2316
30117
29132
29632
25073
2418
23078
32836
28647
32935
4858
2176
36635
----
----
----
----
----
----
----
----
----
----
----
----
----
31077
6936
7821
8115
8928
21365
1110
20493
27472
1518
20365
10974
12825
11501
11740
11926
12202
12914
27065
31430
3872
11219
15734
18651
4327
16803
16856
2033
7832
21042
2083
17446
20849
21263
21856
27799
30447
25295
23874
19730
33149
5123
14088
27576
27703
27629
34057
3201
29151
28912
21505
23665
4827
35946
----
----
----
----
----
----
----
----
----
----
----
----
----
----
23842
14148
48
2336
36129
31806
11829
25023
30369
18285
9988
36539
25370
20646
32860
13316
11359
10971
1820
12865
11671
22842
11193
12060
13211
13216
19841
22866
32998
30955
28895
31424
17620
25981
23101
34634
23705
26390
19006
19502
28242
33438
28791
22275
26456
17165
27927
20192
15654
22130
30200
4401
23605
24595
25825
12537
26238
28131
26857
21815
27692
24647
9001
20521
20007
28848
4911
4977
4062
9661
21096
634
31374
31373
31450
28011
30836
32455
36331
32903
13718
33458
16306
32073
25841
34858
28866
16116
34854
----
----
----
----
----
----
----
----
----
----
----
----
----
----
----
----
----
----
----
----
----
----
7106
3894
57
12166
9288
6933
7129
7170
28513
1101
10077
9311
29527
4304
3081
946
9899
1939
10826
3290
1242
10970
11648
4246
11768
11904
12424
566
9651
511
13872
18244
14036
31277
17329
25473
34772
17288
28075
25815
20109
31937
30597
21124
31629
21289
1924
23610
34302
3918
22133
24186
36132
27833
4805
28493
26257
23688
26858
27137
27890
22798
30935
4720
28826
28777
29050
4901
32280
4971
9600
30386
34312
10152
18479
4617
30496
32474
25300
21752
21663
35492
34995
5303
35296
36548
30287
----
----
----
----
----
----
----
----
----
----
----
----
----
----
----
----
----
----
----
----
----
----
----
----
----
----
----
----
----
----
----
----
----
----
----
----
----
----
10061
3178
952
11989
18832
6937
9657
9678
12390
568
20137
8471
24515
10076
1886
10399
9893
13309
13312
21631
11791
11943
12022
27654
12359
17437
13212
28542
21915
12936
35051
28212
2553
15933
14523
15660
28365
2339
16888
16851
340
9676
36614
32082
22348
16846
24258
24107
18205
20776
35789
13855
36336
20013
12197
20570
20639
4158
18534
25918
34770
21262
34675
21177
21657
21822
27945
26246
20352
23164
23455
20485
34499
13758
19217
24481
18946
32420
25800
19912
816
24403
27010
4808
4809
30623
25544
14680
32144
35310
21672
17431
30750
34945
30950
27474
29792
32431
32514
32545
32639
32439
15701
33292
33585
17444
94
1773
4846
35921
36035
5879
1373
18098
----
----
----
----
----
----
----
----
----
----
----
----
----
----
----
----
----
----
----
----
----
----
----
----
----
----
----
----
----
----
----
----
----
----
----
----
----
----
24872
28004
13901
2824
7366
12196
36102
18410
6698
2895
7600
6113
33416
8349
16774
8533
19681
11577
10366
16320
29174
13492
13498
9879
10943
7757
11115
32277
11944
11897
14908
12584
22393
14608
6327
3453
24482
12718
24892
3309
31178
13772
33891
14840
14398
14347
14571
27466
36372
21405
25325
36476
2727
1246
12656
14988
16427
19590
16802
2639
23108
1273
3986
5604
10279
2287
2221
30512
18221
26185
26666
19165
27125
23409
24593
13494
20006
4034
28887
20333
20586
29688
3224
18489
21396
24231
32911
28589
23137
23118
15618
28568
23256
23334
23663
20469
8512
23796
24379
24110
24099
31852
27689
18156
6365
36188
5935
35274
27049
29141
2698
14085
35908
27216
26341
27436
27663
17944
963
15892
29167
19209
29631
24213
262
25082
28680
34608
35739
31408
4397
1467
31515
23051
14598
34032
27905
35674
32412
32503
5129
32902
33167
33258
33310
23347
14906
35003
34539
34532
34875
35793
35341
35439
5427
35797
35918
36152
3615
----
----
----
----
----
----
----
----
----
----
----
----
----
347
----
----
----
----
----
----
----
----
----
----
----
----
----
----
----
----
----
----
----
----
----
----
----
----
----
----
----
----
----
----
----
----
----
----
6463
6047
28207
13960
5991
2840
1054
7408
29613
9433
7551
7761
7306
1642
8886
8866
35243
16327
20965
32911
18692
20010
8615
25341
1096
17098
9324
16299
16301
20400
9738
10177
10367
10331
10384
9865
18269
9976
30638
10360
10373
10356
9891
7443
10944
10836
10913
5055
11098
22524
4330
13434
11830
11831
21030
20132
11924
12047
11928
23279
25656
1560
12288
12299
32651
12566
12995
12950
12970
10094
12717
308
33408
14551
1666
28376
14488
18301
14938
23229
16017
8763
15777
32288
30032
15034
27843
17262
16752
16806
35737
28579
23571
25261
26554
6204
18200
24195
24196
647
33532
24789
783
4682
24679
16590
2740
27799
4866
20218
20191
20684
20845
4421
20898
26725
2121
21758
21521
21777
21843
4259
22055
22017
1387
22055
8205
22277
27380
4386
22691
23550
23060
29586
24639
24150
24116
24122
24078
24594
20615
22100
25474
26295
34628
26605
16654
27353
3642
22012
30145
18021
20812
28695
2181
972
17438
14527
28043
28366
31915
20384
29118
32924
28913
28949
28937
14006
28823
28994
17957
4257
30845
29642
21815
32281
20231
36118
24138
30403
1201
26993
30597
26692
30949
30951
1332
31338
7913
35667
10206
32553
32679
32684
8849
32799
31973
33171
34129
33290
183
10085
25252
36349
24620
33676
34514
34541
34529
34841
36497
20850
35044
2689
3811
9975
35592
35794
36010
30173
36416
36470
----
----
----
----
----
----
----
----
----
----
----
----
----
----
----
----
----
----
----
----
----
----
----
----
----
----
----
----
----
----
----
----
----
----
----
----
----
----
----
----
----
----
9991
----
----
----
----
----
----
----
----
----
----
----
----
----
----
----
----
----
----
30162
31189
3848
6050
7865
18572
13963
2994
6635
9818
6673
6227
6660
6908
6929
6935
6898
2877
14762
3908
7409
3224
33686
7545
7632
7712
31522
9210
9975
16426
29187
35336
8196
17689
24512
3048
8894
15980
25852
29347
7681
31888
15668
1976
9727
6126
9977
10172
10369
9883
9887
1221
1914
10824
10906
10907
1807
10844
1806
12703
11267
13314
3267
11371
3296
3310
11923
21668
10751
1735
14372
17853
12339
36323
21855
12871
12931
933
13133
13096
13103
16196
34348
27788
4924
32516
25643
13873
14944
13870
15189
25137
14876
14839
14734
14037
36199
22509
23771
14570
14572
30631
14669
13870
21313
14837
14939
28409
27465
15134
11561
18310
16067
16068
35421
3212
18518
26585
15995
17457
16352
25783
20320
19215
19308
24440
20713
32496
30805
16765
5309
33611
19805
10075
19695
23257
19005
25884
9321
17843
26123
18125
24106
24452
21171
23975
27655
30156
17452
36504
22382
31462
26688
22456
21899
21900
21906
24674
30839
18161
19639
23875
21383
20302
20597
20706
21241
28455
21118
21119
21741
19703
968
4260
21675
21288
27653
20427
22060
22022
26914
22056
8207
22387
22220
22223
32271
21243
4337
20427
34426
17188
8650
13866
34050
28360
2167
30489
18285
26477
36201
24026
24368
24159
17830
24375
24826
2401
29890
7860
26859
2391
25782
35533
21925
26109
19911
17138
3800
1243
35659
26415
6922
26846
2554
27472
27449
27383
3547
27578
29978
28832
28675
29243
28909
28856
28933
29314
29293
2242
32195
19776
19777
29939
30058
7819
33513
30240
34040
26668
4390
30676
30853
30933
31048
31049
30911
31018
2590
31125
19050
18972
32109
31546
34618
32794
35001
35802
21934
32351
32390
33482
16461
32355
625
32697
32432
27911
23079
27817
29151
32964
36158
33176
34134
9921
25931
34524
31721
28828
654
34176
21659
34531
34533
34476
34541
5231
12968
4262
33618
34703
1350
36541
36542
22400
15779
35241
30554
9858
28656
4858
35746
35820
35819
35971
35983
36141
18166
35564
36513
25338
----
----
----
----
----
----
----
----
----
----
----
----
----
----
----
----
----
----
----
----
----
----
----
----
----
----
----
----
----
----
----
----
----
----
----
----
----
----
----
----
----
----
----
----
----
----
----
----
----
----
----
----
----
----
----
----
----
----
----
----
----
----
----
18575
----
----
----
----
----
----
----
----
----
----
----
----
----
----
----
----
----
----
----
----
----
----
----
----
----
----
----
----
----
----
----
----
----
----
----
----
----
----
----
----
----
----
----
----
----
----
----
----
5776
2715
6041
6042
11591
13215
33993
3109
9807
3224
642
51
18338
6765
7275
6054
3236
7001
6559
8779
2878
34731
21042
7301
7302
15032
7411
7413
36127
2547
2941
7537
25044
10404
7640
21505
9206
9207
10166
5449
7054
8114
8194
5695
22315
8390
8391
8392
8513
8482
8488
8522
8457
8499
30013
26033
32467
31278
8962
9312
24579
15760
15773
16295
36321
24793
158
7676
9765
10178
19014
19015
19016
10380
10171
10359
14072
22294
25091
10696
16598
12089
10904
10908
10915
1796
1810
11211
10849
33436
13136
13237
29107
12690
13229
20052
19296
15201
4702
11815
33849
11891
7765
12040
12461
15685
24648
21232
12494
12227
12338
12538
8095
12985
12990
12991
13002
13098
14269
13035
4696
938
12712
35807
19909
14032
17689
13801
13808
13823
13788
17286
29972
14859
14860
14838
16408
3595
14381
14490
14484
17341
3765
13011
14242
14468
14661
22840
28216
20783
25618
15213
15326
30045
15505
16018
15996
16069
34199
3932
2383
9575
22651
30429
30818
16020
20048
23236
11445
24995
9512
16344
36365
19752
16797
18727
16758
36193
24868
20221
28156
26090
31335
7743
32670
20118
31852
22429
17769
29877
19207
18106
27053
18148
19568
21163
21187
33918
18687
1318
11360
14752
35775
673
31248
19158
18175
24695
2323
16551
1366
12950
4390
28055
4024
19638
3703
19789
29834
19761
25974
25975
29877
20069
20078
28858
20530
25211
26137
16448
23483
22785
32777
22787
18309
20683
21739
22301
20984
12933
19028
21245
21272
19358
35864
30182
21674
17282
16480
22021
12326
2763
22216
22222
24004
23706
22511
34390
29902
13924
16072
22772
23017
23019
4384
14014
24476
18614
16200
20474
5143
23551
23720
22373
4421
35432
27924
22544
26659
20031
24046
24281
24408
12575
24434
24790
18189
24764
24765
23795
34729
25379
35534
35876
9504
28815
27919
27921
25202
29889
29777
26058
26059
26060
26067
29674
18950
19143
26350
25879
25824
25889
16985
22188
25525
30402
14822
2273
935
7471
20393
23872
28624
26894
26884
27126
26845
16920
30454
19205
26997
27140
27166
36227
26769
28643
4013
2182
30346
28049
32024
28354
28363
15690
28775
32752
19361
29116
28857
4649
29334
28725
28801
28996
29330
28975
16919
10086
29425
29630
35115
28026
33217
29522
23078
7795
29443
36023
27025
26990
30264
28656
30380
30656
30663
30661
30740
30735
30783
31630
33110
30872
30873
31016
31017
28769
31353
31401
31402
31381
31373
31454
32110
31561
5065
29161
4743
31790
31804
36068
31819
33468
17138
33481
32404
32491
32629
36597
19792
32695
35707
35537
36365
32837
17196
32961
32962
32963
32864
32982
31974
4163
33246
33248
33209
33202
33314
33449
32312
32320
33496
10080
22189
33831
33833
34070
13314
34171
34172
34184
34185
34158
34161
20376
34533
34324
24293
34831
34827
34882
34866
34919
35004
35242
23572
35314
31839
35435
35446
18610
15755
35632
2680
2681
25570
32086
35976
35977
35979
35980
35970
35954
35984
4092
36140
19874
36211
18671
36343
26051
34958
36642
----
----
----
----
----
----
----
----
----
----
----
----
----
----
----
----
----
----
----
----
----
----
----
----
----
----
----
----
----
----
----
----
----
----
----
----
----
----
----
----
----
----
----
----
----
----
----
----
----
----
----
----
----
----
----
----
----
----
----
----
----
----
----
----
----
----
----
----
----
----
----
----
----
----
----
----
----
----
----
----
----
----
----
----
----
----
----
----
----
----
----
----
----
----
----
----
----
----
----
----
----
----
22307
----
----
----
----
----
----
----
----
----
----
----
----
----
----
----
----
----
----
----
----
----
----
----
----
----
----
----
----
----
----
----
----
----
----
----
----
----
----
----
----
----
----
----
----
----
----
----
----
----
----
----
----
----
----
----
----
----
----
----
----
----
----
----
----
----
----
----
----
----
----
----
----
----
----
----
----
----
----
----
----
----
----
----
----
----
----
----
----
----
----
----
----
----
----
----
----
----
----
----
----
----
----
----
----
----
----
----
----
----
----
----
----
----
----
----
----
----
----
----
----
----
----
----
----
----
----
----
----
----
----
----
----
----
----
----
----
----
----
----
----
----
----
----
----
5806
5807
5808
5809
5784
6448
6449
6450
6461
5910
5911
5872
1232
5955
5943
9401
27572
27573
6010
7410
29525
13282
6194
35086
35087
6877
7906
21215
6069
8157
25435
6433
35091
7740
35472
6498
6522
6523
6638
5143
6547
6548
6558
6630
6631
6384
6666
6667
6656
6685
6689
6674
26998
21717
6819
6940
9269
26065
7770
7047
7133
6557
7300
7314
20852
7412
2815
7406
7407
23698
21603
36331
7543
7544
7550
7634
7642
7615
28685
8031
8033
8034
6341
6025
15878
8856
21577
9205
6236
27996
14735
22487
33174
9634
9635
9636
9637
9638
11748
8113
8119
8120
8199
8221
17789
30597
19581
4539
17889
26080
33735
12543
11810
12038
8403
8478
8516
8486
3086
8535
22364
27602
8559
4823
30847
22456
6413
12636
17389
32499
29450
29378
8851
26695
9008
9061
9063
23808
8094
9174
9219
17878
11516
14813
9304
16293
16294
16300
24652
31537
9432
9457
26348
9507
18637
9677
9721
9708
9726
9756
9790
9794
28465
19013
18783
17549
29110
10158
10166
10207
5269
17600
10234
15158
10295
10303
4479
10383
10578
10579
6012
5290
7852
10714
10720
12462
33420
16286
12086
12087
12090
12091
12100
12105
1790
23049
14047
10821
10822
10823
10834
10810
10905
10910
10911
10917
10918
10952
34581
1769
13331
2638
2135
13724
12061
13310
17123
13315
13326
11283
13225
16163
16164
16165
16173
12826
14776
11518
11526
11527
11530
11531
11534
11535
11536
11537
11538
11539
14776
15202
15203
15207
15208
1757
6362
11738
22841
22843
11816
11817
11794
11795
11805
12059
11999
7913
29547
27686
12459
1688
12635
12645
12646
25122
36468
34352
26838
9670
2768
4801
12871
12918
12919
12920
12986
12987
12992
12997
12938
3026
26678
13097
13099
13100
13101
34349
11270
11744
18638
22524
21886
30699
13434
36286
32219
30644
2011
13821
13802
13803
13804
13805
13814
13815
13819
13824
13825
13829
13830
13832
13833
13834
13835
13874
19327
14910
16409
28497
27197
14270
14559
14720
14485
14379
14380
14382
530
13412
12719
10118
7536
14574
14576
14584
14547
16287
14668
14670
10390
11714
16003
5613
33847
27458
27459
27460
27461
15147
15222
15224
15637
8903
15295
16224
15336
15337
15341
15998
15538
16002
18503
17495
17229
17230
8203
27200
15754
15757
29815
26586
26587
26588
26644
18439
18436
35098
15916
15975
15976
15977
16023
16026
26176
28949
32222
22477
32795
35735
27665
8178
8192
16388
25489
5155
33420
16721
16722
16723
16753
16754
14753
16798
16935
32235
25829
30067
25261
25904
35466
29099
27971
17303
23242
17282
17347
17348
23704
5478
34070
34071
33025
8613
8937
35267
19478
4049
14037
19566
29588
3623
18197
17935
1184
29728
17967
17968
17973
17974
17899
17915
33121
24167
18100
18182
26962
24423
18157
18223
18231
18232
20602
20610
16441
10394
18745
25766
18704
18706
18458
18461
18463
18464
18465
18515
3703
20612
18609
23544
23545
4091
18736
9485
18781
18836
29087
33133
32066
32082
32085
23806
12913
16311
33977
26317
19166
16248
33642
1118
3822
28306
24919
566
19531
19532
26462
4483
24553
24595
19609
19610
19611
19629
19793
19794
19795
19797
19798
19799
25969
19868
35046
32070
32071
32072
35906
32970
20206
20068
20071
20072
20077
20079
20080
20085
20086
4479
20200
2308
20211
21424
28326
20334
33685
23115
23095
25481
29894
29895
16398
23482
23484
23408
20579
20616
24855
18312
18313
20594
20587
20681
20692
20693
20694
20700
20752
20959
20960
20961
20938
20926
20927
27873
20987
21017
22590
21114
5136
34973
21239
21244
21749
21739
35126
34260
25626
18613
21532
21574
19210
22419
21628
21629
28174
30181
21687
21690
33291
21858
21861
36283
2083
18034
22008
23112
22386
22209
22210
22211
22215
29691
22320
22321
22329
22330
24014
24005
23705
28942
7507
21917
2079
22470
22471
32763
22492
22598
22596
29642
22615
23406
31946
25266
28806
14753
23545
32767
23206
4689
26891
15987
23207
23239
23266
23269
23270
23277
23252
23321
23322
23663
23449
23450
20499
17898
23601
23602
23598
27923
23792
23793
31749
36294
33779
23970
23971
23972
24495
24499
24057
24058
24059
12399
35339
24070
5081
24403
24377
22005
24146
24318
24435
24080
24437
18909
24571
24184
23801
33070
23767
27857
24791
18035
24769
24780
24771
24812
34737
34742
34743
29380
24861
24862
24871
22421
25000
36613
3906
12183
25041
25042
25043
31056
34822
15365
33973
25494
25495
25496
25497
25498
25499
25500
25501
29442
25305
29888
36572
36573
36579
5395
12574
26064
25543
4156
8960
25778
25779
25878
25879
9885
25907
25944
25945
25946
25947
25949
25952
25953
25955
26020
26021
17037
8755
26148
26149
29513
17234
25983
33911
27925
27235
27236
23242
24277
26444
25573
26577
35602
31182
3026
35658
20000
26903
26849
26850
26901
26885
26932
26894
26954
26955
35469
33913
30285
27167
32201
27450
30096
27444
27433
35727
22443
35164
35915
5348
31777
29977
33125
28014
28015
4120
19468
35835
28370
28372
28373
28394
18275
27509
31973
28593
28356
28357
36437
28558
28564
25470
28818
28819
28820
28626
28833
26115
20346
17814
3477
28791
34246
29114
19201
16013
28843
28844
28488
29354
28189
28626
29155
29156
2054
28918
28931
28932
28895
29002
29262
29241
29182
28725
29045
29243
29272
34044
28777
29291
28888
28999
29249
32056
29253
36084
29350
28904
29097
5171
26017
25259
31999
29638
29639
29640
26514
13558
13820
29739
30145
33777
3473
34464
33045
33046
33047
33048
33061
33062
18045
32291
29940
30664
25412
27776
29979
30089
30112
14930
30197
30198
31187
30218
30219
17845
30426
30427
30428
30432
30433
36362
30353
30454
30513
19655
14100
27365
3857
27009
26924
30577
30578
30590
30665
30666
30881
33063
31027
31406
31409
32448
31738
31578
28201
4044
35657
26665
24652
8003
31394
31380
8425
32103
32104
32115
32116
24070
32108
9453
2413
5063
30333
9023
23798
21196
31811
31812
31817
31818
31822
35151
35401
33411
31986
25470
31096
16248
33813
5103
35735
32141
32142
34301
33484
33461
1438
32472
32555
32612
30539
7776
20758
32838
32841
30539
33184
33254
33268
33269
33270
33296
22567
33299
33312
33324
33326
23753
5628
34325
33444
33451
33510
33511
32311
33595
33597
33598
33600
33601
33604
33624
34995
9920
14148
27196
33869
33871
26349
34137
34167
34168
34170
34862
34802
35770
36397
34516
16574
24859
34546
21549
34479
21981
34510
26857
4239
33054
34514
34311
11809
30323
20691
34700
34927
34928
34929
34884
30984
34904
34913
35144
35145
35146
34993
34999
35000
31806
34981
35276
18939
5328
22254
5333
5340
35250
35254
27813
35342
36343
35626
35441
35453
35543
35544
35538
10386
35647
35648
35653
35654
35655
35656
35634
35635
35717
35718
35804
35805
32457
2155
35940
35941
35930
36041
35877
19711
36126
36145
19875
30141
36250
36255
36256
29257
10345
36393
36395
36412
36417
36442
36443
36547
36503
30065
25343
36650
----
----
----
----
----
----
----
----
----
----
----
----
----
----
----
----
----
----
----
----
----
----
----
----
----
----
----
----
----
----
----
----
----
----
----
----
----
----
----
----
----
----
----
----
----
----
----
----
----
----
----
----
----
----
----
----
----
----
----
----
----
----
----
----
----
----
----
----
----
----
----
----
----
----
----
----
----
----
----
----
----
----
----
----
----
----
----
----
----
----
----
----
----
----
----
----
----
----
----
----
----
----
----
----
----
----
----
----
----
----
----
----
----
----
----
----
----
----
----
----
----
----
----
----
----
----
----
----
----
----
----
----
----
----
----
----
----
----
----
----
----
----
----
----
----
----
----
----
----
----
----
----
----
----
----
----
----
----
----
----
----
----
----
----
----
----
----
----
----
----
----
----
----
----
----
----
----
----
----
----
----
----
----
----
----
----
----
----
----
----
----
----
----
----
----
----
----
----
----
----
----
----
----
----
----
----
----
----
----
----
----
----
----
----
----
----
----
----
----
----
----
----
----
----
----
----
----
----
----
----
----
----
----
----
----
----
----
----
----
----
----
----
----
----
----
----
----
----
----
----
----
----
----
----
----
----
----
----
----
----
----
----
----
----
----
----
----
----
----
----
----
----
----
----
----
----
----
----
----
----
----
----
----
----
----
----
----
----
----
----
----
----
----
----
----
----
----
----
----
----
----
----
----
----
----
----
----
----
----
----
----
----
----
----
----
----
----
----
----
----
----
----
----
----
----
----
----
----
----
----
----
----
----
----
----
----
----
----
----
----
----
----
----
----
----
----
----
----
----
----
----
----
----
----
----
----
----
----
----
----
----
----
----
----
----
----
----
----
----
----
----
----
----
----
----
----
----
----
----
----
----
----
----
----
----
----
----
----
----
----
----
----
----
----
----
----
----
----
----
----
----
----
----
----
----
----
----
----
----
----
----
----
----
----
----
----
----
----
----
----
----
----
----
----
----
----
----
----
----
----
----
----
----
----
----
----
----
----
----
----
----
----
----
----
----
----
----
----
----
----
----
----
----
----
----
----
----
----
----
----
----
----
----
----
----
----
----
----
----
----
----
----
----
----
----
----
----
----
----
----
----
----
----
----
----
----
----
----
----
----
----
----
----
----
----
----
----
----
----
----
----
----
----
----
----
----
----
----
----
----
----
----
----
----
----
----
----
----
----
----
----
----
----
----
----
----
----
----
----
----
----
----
----
----
----
----
----
----
----
----
----
----
----
----
----
----
----
----
----
----
----
----
----
----
----
----
----
----
----
----
----
----
----
----
----
----
----
----
----
----
----
----
----
----
----
----
----
----
----
----
----
----
----
----
----
----
----
----
----
----
----
----
----
----
----
----
----
----
----
----
----
----
----
----
----
----
----
----
----
----
----
----
----
----
----
----
----
----
----
----
----
----
----
----
----
----
----
----
----
----
----
----
----
----
----
----
----
----
----
----
----
----
----
----
----
----
----
----
----
----
----
----
----
----
----
----
----
----
----
----
----
----
----
----
----
----
----
----
----
----
----
----
----
----
----
----
----
----
----
----
----
----
----
----
----
----
----
----
----
----
----
----
----
----
----
----
----
----
----
----
----
----
----
