23720
----
1527
3691
23496
15731
17318
17670
4399
----
26519
13669
17790
4295
3786
----
----
----
1916
5748
----
24409
----
730
3625
----
27296
29051
645
9224
437
7084
31032
20311
19743
969
21054
16413
----
9024
27639
12164
1401
8470
11445
28109
23373
----
2481
4352
1317
23007
39
282
14412
----
----
354
8222
6438
28154
29581
----
10726
2683
20054
1844
16307
23540
973
----
15156
347
24552
14934
2543
28884
12452
5431
----
235
4331
1348
4323
8772
14101
10960
18887
17058
26802
12475
----
22
----
2909
13445
----
4218
4248
12624
3261
19898
13488
147
25338
7561
11283
12721
----
731
28070
3734
1426
3102
187
20174
14800
----
28654
22559
31216
----
----
4405
27012
11162
3677
2600
----
4196
8365
24995
----
25852
29480
11838
28824
6914
1965
2852
27356
30557
22714
1833
11690
26784
13381
3104
29537
----
3166
23909
28492
15828
31157
24102
30055
----
8997
26009
6441
----
2168
1049
959
16191
23907
9275
24120
21935
15711
26833
----
21928
----
----
22350
22820
19232
4493
170
6942
5154
25850
20234
1984
----
4557
3986
30060
18398
7916
23872
29231
----
7766
14146
1646
1081
17782
----
8942
10945
30987
----
----
----
6893
27262
21733
----
18259
14912
----
8400
23772
1039
19400
----
14639
6445
26096
26888
28531
28205
22654
643
4274
----
----
2908
1087
30808
4359
109
4579
----
1885
11139
2469
19499
27523
----
----
25619
4003
18613
----
5723
7975
12578
20746
26929
1767
6970
26959
15028
30422
935
24775
21930
286
4560
----
9952
15273
26900
28898
4054
9894
1072
15764
12289
31097
22550
25007
25386
548
16412
4644
30051
10112
16173
----
2685
----
8379
22308
----
----
----
5387
20613
15453
29881
7441
12903
17121
28463
16414
23478
20125
----
17377
18027
18028
933
1496
31117
29580
7930
18538
22088
1983
9303
504
819
2557
5377
23420
27826
----
----
8929
17516
10629
26751
4674
30828
25204
----
4488
9842
16736
28086
31106
3511
18109
----
12223
657
20333
16266
28904
----
----
7883
4401
25913
20343
1441
25741
27213
3917
1252
4703
----
----
----
22415
22443
12851
6275
6932
16874
3622
1765
9489
12814
28497
4114
20525
21335
----
5733
15246
18609
15848
----
----
11778
38
11854
----
----
19530
15463
----
7673
13433
30893
7264
9531
3200
27089
12922
10364
19453
930
25001
----
----
4995
7976
14713
5576
15302
10904
15914
27315
----
----
----
3966
8733
9695
15993
21055
27421
16072
201
----
25487
12231
17284
27673
10196
23635
----
----
----
10913
4367
21208
17078
8765
22215
24832
8773
10750
27595
1637
14814
22674
14881
20594
----
----
16914
22103
14346
26534
16583
----
----
----
----
614
2726
4225
12810
14802
19937
12620
24704
312
----
----
----
26138
12230
17473
9742
20270
1094
4834
----
----
----
16862
6704
9132
16150
7784
27018
26696
23767
7958
17894
20126
17533
23015
29905
----
----
----
6420
17644
7470
18319
10981
18568
725
23941
14309
18804
----
20152
11781
2610
20764
29269
25484
15584
14668
25401
876
1025
17160
22354
16979
26908
4836
----
11522
29382
19592
13395
3697
21156
30097
----
----
----
30560
11671
2865
23132
22147
2941
18607
1517
2333
20067
24218
7013
----
----
7329
10261
10097
2972
23975
2876
18025
16098
15761
16306
15515
14741
18258
19586
30118
----
----
----
6533
6898
7793
13306
25872
517
122
21229
2158
30646
30953
----
----
1954
9485
12232
11835
27506
24724
31246
797
21201
15250
27146
21223
18918
----
1213
2851
1215
8028
9858
8327
19228
14033
4979
19544
3346
22341
17247
28339
23400
3940
25937
25737
3675
----
----
7022
20767
7914
10105
13754
12115
15525
23684
19977
22818
10756
13121
25325
6436
8345
487
28385
----
----
----
----
8382
10355
13678
3391
23776
29928
2022
17954
19973
22680
465
22416
26234
4454
28467
23922
----
----
----
----
28679
5971
10670
9296
11081
4238
12508
20315
13945
17212
17160
25010
21767
30858
17968
30010
24308
4154
27318
22294
24984
----
----
18203
27015
26140
25191
13605
15435
7581
16456
26270
21555
21764
1336
28175
----
----
----
----
----
8672
15120
8324
26047
9804
1889
29367
25684
4761
21133
19848
28691
14987
18481
6492
17786
880
21304
5064
----
----
----
----
25760
20195
27852
9277
7486
8155
24737
9052
13740
9960
11303
9728
13179
8452
3262
30925
17594
19308
5066
17154
14161
31272
2070
28375
2473
1552
31062
----
----
----
----
----
----
----
----
3750
14452
8730
15474
7971
29905
10296
15543
16644
17183
4004
4157
28519
29508
13209
22800
25753
22837
27599
27488
29678
29476
----
----
----
----
----
----
7678
23940
28033
8384
14259
9471
9574
27732
16776
16767
10959
25384
12521
12580
17153
12550
4017
30204
23231
29579
24339
2456
5330
----
----
----
----
----
6774
7439
19792
9610
6707
9623
16524
10938
11007
12269
28202
16072
14507
17967
19055
19700
14688
4137
21587
22810
17637
2319
14724
14413
26394
----
----
----
----
----
----
----
18478
11508
6930
20501
9419
14710
11137
11746
699
30014
31253
2477
4252
3264
22695
15717
21955
17886
27131
26256
26163
5000
25416
27088
27312
3508
23524
29668
8990
29038
5825
----
----
----
----
----
5558
28289
6250
13727
9526
9686
24780
15126
10269
22157
1218
4824
11574
9107
10929
24111
329
14449
8480
27902
3393
13329
3508
23656
16051
17131
8901
23451
22475
15400
26596
27469
3790
23152
23163
21927
26303
17657
17161
20862
26196
26737
27397
27579
26344
27749
21759
----
----
----
----
----
----
----
----
23268
28351
6934
7229
23505
8191
8251
6865
661
19887
17284
14585
11538
12256
12808
13790
13175
1490
28841
1829
14246
10326
15688
13091
2024
14523
1955
11325
16222
16458
16721
966
11717
12169
20053
22832
16715
14726
22212
21222
24967
14167
25116
21178
12587
2392
22755
26720
11510
8011
29550
29919
30164
7333
26993
----
----
----
----
----
----
----
----
----
----
----
----
----
----
----
----
5828
1676
13653
6448
27753
17740
15547
7526
1186
7997
19921
13814
22627
10084
2970
14632
19709
23766
17017
13558
28494
25710
15423
30315
12849
19513
15645
4822
27604
18715
4556
21334
4390
29722
4055
22506
9685
23911
21168
24908
10913
22492
1063
3965
2173
15054
13728
----
----
----
----
----
----
----
----
----
----
----
31154
21935
29329
8241
20043
7168
6113
2934
4098
16464
8678
8738
12721
2961
9482
18085
25696
14736
11422
25213
20362
19531
20669
18253
1100
1427
17506
1729
25402
14097
14378
19742
29610
1256
24929
17461
31002
3731
14379
16597
25290
25882
17324
19999
15112
12864
2125
21368
2226
23162
23083
26629
3207
3482
1498
24653
15004
25223
5267
25974
20137
26305
27029
28853
4097
4928
30828
29930
28907
30862
26933
2560
31189
----
----
----
----
----
----
----
----
----
----
----
----
----
----
----
----
5288
6074
1648
17877
440
7787
14220
7516
8387
12836
8667
2953
10454
10074
5477
9525
9515
9789
10371
2195
1073
16104
10964
11918
10286
1928
3426
27483
12431
18418
29882
2130
7581
12170
719
3265
26567
15072
3576
24565
26341
17531
12273
18046
14775
19281
24696
18846
2154
22219
1876
21130
28655
29785
15484
1330
28809
24109
24108
28976
17365
9073
27592
12863
9335
28465
27209
29075
29079
29472
24923
29920
30197
24207
2152
30659
25572
31078
----
----
----
----
----
----
----
----
----
----
----
----
----
----
----
----
----
1012
19342
5731
2098
6110
6486
2890
9753
9948
6522
1550
8284
8081
8386
14720
1747
10088
8940
9580
6917
20351
17196
8192
25300
12317
19667
10404
15458
28893
20091
4379
17506
16373
14855
15574
3591
30395
19675
29576
3809
7763
4244
27424
17849
17864
17938
17935
21174
15137
12919
19203
20333
16137
20071
20038
19460
21519
21499
5340
19681
22250
27488
30712
20261
23344
18814
18716
23414
1493
19157
23846
23948
23973
7421
23945
1515
23075
25423
15538
4483
30583
24367
13704
4798
1065
27339
23478
28541
19930
5784
30040
24199
30966
----
----
----
----
----
----
----
----
----
----
----
----
----
----
----
----
----
----
----
----
----
----
----
----
----
----
1111
6141
6254
24870
17583
2688
6261
7424
7465
27782
14532
6053
7628
8212
1717
8674
11444
2943
10665
22552
27576
8858
3178
27309
19298
14532
6511
13935
12288
8656
1208
13493
23727
14155
11983
3279
4504
17803
15689
25175
25368
28810
16248
18065
20495
16295
16317
17919
16608
8870
17227
27579
17953
2785
22093
18820
11158
19504
28225
21541
18588
18105
26031
30671
29999
21658
21773
25342
20901
26382
4116
24496
23325
23918
24162
24441
17416
28049
3478
25387
8365
5500
4571
29181
15756
20809
27122
27112
21653
27737
27836
15926
4308
28607
28827
29039
23520
19566
12694
31179
----
----
----
----
----
----
----
----
----
----
----
----
----
----
----
----
----
----
----
----
----
----
----
----
----
----
----
----
----
----
----
----
----
----
----
----
----
----
----
----
----
2265
2670
5350
24349
5961
25605
19020
6278
1801
6340
5815
16868
7645
17855
6929
7181
4915
6059
6658
7696
7845
11894
17047
19411
2891
8083
12081
2795
1161
9011
8696
9074
866
3195
8508
10520
9025
9031
2934
9588
9510
9420
24394
16201
28044
9216
29221
10257
10288
10346
10528
5763
10951
19681
14804
12296
14063
13344
23572
12189
10997
29465
12545
372
18079
12744
28399
19082
14848
21340
30023
16970
14537
14416
30972
3824
3483
18715
11000
15388
23566
15634
15680
19754
12499
19743
779
16359
16355
29757
16558
19239
20570
25034
31004
17119
15475
20089
4375
17840
19128
19906
19261
28554
2813
29610
20977
20341
26687
26373
20908
28418
24212
21625
3152
24360
15252
12586
19982
23113
19755
23412
26005
996
23949
23939
23944
7699
25025
13227
17375
25785
9389
26481
1421
25441
21565
5689
28416
29082
10612
23470
21561
29938
29556
30104
30644
18844
31116
31167
----
----
----
----
----
----
----
----
----
----
----
----
----
----
----
----
----
----
----
----
----
----
----
----
----
----
----
----
----
----
----
----
----
8152
----
----
----
----
----
----
----
----
----
----
----
----
----
----
----
----
----
----
----
----
----
5184
5337
4612
5408
8104
775
5975
2638
6220
4530
6298
6534
6827
12538
15242
7166
4779
15883
7728
841
18024
7597
11695
30596
8385
10727
15104
28939
11743
11155
3530
8977
10455
10597
25402
12957
1778
9622
9358
9571
9621
12554
10240
10305
10373
10376
7131
28818
9768
11413
4169
9086
3799
10833
15222
1353
4995
11598
11923
12293
4183
87
20609
12568
12573
12790
16053
13199
1000
13674
2797
31254
24439
16967
3542
26295
10995
16397
3789
14788
26875
14973
20877
14406
10831
6964
16906
15565
15616
18493
15767
16276
16602
22080
16594
24410
16840
24850
17121
28513
17177
17172
17308
621
17988
17945
17869
30426
20581
20583
2111
30866
19073
22043
20164
29978
20592
14203
14538
19642
14026
19416
22352
20298
3488
18563
31067
11143
20925
27494
802
26344
3693
21639
21627
14740
21593
5530
13910
20022
18139
22649
22807
22812
22811
27956
5731
4683
4142
23840
29858
24020
23984
4345
23971
29560
26606
3955
24505
29495
23809
3912
19725
19081
13295
25389
13757
9000
4469
25654
13220
24938
21499
2431
29995
14813
26710
8012
26742
26763
26867
13681
424
27321
27193
27301
13017
22427
27768
5082
27816
27835
27769
28692
2184
28468
27489
28602
28053
29005
28858
28826
28780
8544
16763
28686
24972
29054
27185
29209
24582
19261
14929
4609
29894
29975
30257
27605
29048
30823
30812
30791
30818
17956
31114
16097
----
----
----
----
----
----
----
----
----
----
----
----
----
----
----
----
----
----
----
----
----
----
----
----
----
----
----
----
----
----
----
----
----
----
----
----
----
----
----
----
----
----
----
----
----
----
5965
----
----
----
----
----
----
----
----
----
----
----
----
----
----
----
----
----
----
----
----
----
----
----
----
----
----
----
----
----
----
----
----
25227
----
----
----
----
----
----
----
----
----
----
----
----
----
----
----
----
----
----
----
----
----
----
----
----
8245
4700
28907
23061
20132
5339
6137
11833
14011
7552
7293
20189
11195
6154
5727
5732
2621
15215
15933
6191
6207
6208
6187
6363
6818
6540
13064
6591
6641
7633
7635
19734
1104
12533
16827
28177
7167
7139
7174
13134
7147
7183
19539
22625
6146
7703
7557
7585
5351
7659
13267
29900
26171
30905
4563
7953
11624
8265
14350
11626
3358
5639
12246
6669
8533
8731
8686
8723
8697
8706
2922
10623
9053
9022
9042
9176
22526
16538
9699
17156
10027
9988
9757
10199
9941
3710
10083
10632
10321
10342
10344
10350
10449
10301
10402
8989
10634
10950
10934
6447
20133
11140
11115
1083
11274
11393
11238
11307
10367
10848
5320
11774
11592
26127
11700
8484
9201
12294
11996
12044
4655
970
12554
26938
8469
21862
3340
13190
15321
17086
18765
27265
13563
13565
13575
24785
30063
14510
17929
13792
20046
14859
30497
25567
25342
20508
4619
23599
1249
12418
8937
17155
22928
3024
17744
19187
14960
15078
5304
15168
22323
24050
20774
15615
15618
15640
15623
15729
16280
16277
16282
16275
26059
16144
16735
3670
16227
23018
28375
7411
16244
2125
16357
589
28755
16453
16604
16565
15847
12483
16771
23435
16785
24839
1347
17562
29492
17188
17181
17331
7839
18418
20589
1490
18155
19903
17887
17913
17895
13720
17978
5304
17724
6121
26435
18296
20810
18348
14204
20584
18832
19245
18852
20003
19041
11870
17615
18723
12175
24454
27912
30306
22429
9087
22224
19970
20064
16436
22167
29511
20278
20367
20517
28761
28765
1441
7821
26366
4059
20978
20910
22940
20791
21026
21181
21883
3152
21535
18803
31179
21162
21260
22627
21344
3715
27277
21923
8293
18692
22139
1290
22382
17835
22657
22650
22652
22499
22334
22808
22887
26435
23131
22963
22964
23091
23175
23640
23634
25456
23605
22013
2045
26215
23956
23912
23469
26684
4350
24286
4360
24373
8472
24443
24499
4378
24483
26849
8132
5583
24978
24849
30844
20356
25430
2415
2013
25624
25686
4502
27974
25889
14973
31250
2085
4525
26188
30400
26671
23267
20799
26507
25975
26293
26748
26834
26868
28137
26897
26968
26979
27087
29046
19128
28792
4941
28823
30836
27392
27479
4850
25614
28217
21401
28268
28261
21299
28622
28693
20854
28862
28873
28878
28828
28845
29056
12019
30007
14927
29159
29190
29256
15273
3522
29499
30105
30106
29561
29972
29939
29946
29909
29563
30144
30189
21867
22114
30569
17083
30773
2006
30803
31046
31207
----
----
----
----
----
----
----
----
----
----
----
----
----
----
----
----
----
----
----
----
----
----
----
----
----
----
----
----
----
----
----
----
----
----
----
----
----
----
----
----
----
----
----
----
----
----
----
----
----
----
----
----
----
----
----
----
----
----
----
----
----
----
----
----
----
----
----
----
----
----
----
----
----
----
----
----
----
----
----
----
----
----
----
----
----
----
----
----
----
----
----
----
----
----
----
----
----
----
----
----
----
----
----
----
----
----
----
----
7948
----
----
----
----
----
8603
----
----
----
----
----
----
----
----
----
----
----
----
----
----
----
----
----
----
----
----
----
----
----
----
----
----
----
----
----
----
----
----
----
----
----
----
----
----
----
----
----
----
----
----
----
----
----
----
----
----
----
----
----
----
----
----
----
----
----
----
----
----
----
----
----
----
----
----
----
----
----
----
----
----
----
----
----
----
----
----
----
----
----
----
----
----
----
----
----
14933
5115
14703
8248
5263
5264
5240
5241
13473
5246
8217
8240
9243
5409
5410
12943
6655
31258
11806
5879
5797
5686
6669
5738
5754
27015
5816
5821
27847
5035
8771
5947
1823
6347
27502
6767
19952
5659
6181
6209
21952
20131
6299
6300
6294
6295
6327
13692
6435
28064
4643
10809
6531
11895
4747
7632
7449
7498
14449
6833
6837
6838
6839
5532
16263
13642
17652
7000
7001
8293
15243
7137
7173
7178
14093
27788
7223
7219
4572
28398
14341
28664
3287
2066
11524
11526
7563
7586
7602
2716
12468
12470
12471
30923
7782
7844
8604
7716
6214
13137
7922
12630
30543
7611
14349
8148
19919
10725
2556
8381
29883
13417
17808
8526
8527
10889
8602
15728
23039
9607
9608
9611
9613
1715
8751
8676
8726
8727
8728
8734
8736
8732
30462
8790
2927
10592
17546
10074
9055
12390
12392
9041
18115
14807
9166
9167
9168
9170
9172
9174
9175
9149
14277
17044
18073
9959
9386
16382
9518
9586
3938
9696
9799
9853
9782
3011
9953
9821
10016
10144
13131
10176
13551
10320
10343
10348
10349
10353
10423
10408
2570
17690
3018
30411
7718
14391
10679
28660
16941
23850
10946
10956
10966
10969
10971
10972
10973
14590
19772
27747
16188
11250
11335
11394
11405
11406
11408
25937
27729
2820
16590
18499
11736
12248
8352
11827
11863
11866
7378
12005
11970
11400
17186
15408
12152
12153
19652
14223
14019
12249
12287
12305
12306
22291
10286
14287
19786
15440
31227
12434
14873
12557
10366
16159
12735
2441
20070
27359
13142
15648
12780
12820
12821
22297
12968
12969
16893
17642
13026
14900
26546
13153
19311
13163
13195
13196
13198
27519
31101
13279
14253
14251
14252
13371
14588
31061
13845
13846
13677
13679
13681
28668
14505
20442
6905
13854
13945
13955
3392
14035
14131
23412
16062
27081
25565
23632
14224
14226
14227
14249
4542
23626
23608
4927
19413
19389
10645
3194
30651
14580
3357
22299
30673
14760
14762
14763
12935
14833
15904
14877
14969
14976
14977
14984
14985
16019
30492
24984
21466
15151
27312
15196
15197
15199
15208
15209
15210
15212
15256
15268
15293
28341
20908
15382
16663
12483
23507
17458
15388
30647
4379
13008
26580
26581
26587
15609
15642
15643
29883
29302
15672
15691
15728
15760
15722
16147
15783
15784
15788
3612
15941
15944
8137
16147
20240
16737
16225
16226
16248
16248
16364
16547
16600
16601
16605
16606
16607
7286
29684
17774
17775
4131
16774
16798
16799
16883
27738
26219
19366
17369
17412
20552
2923
4068
12428
29022
28906
17007
29700
29703
17248
17206
2150
27828
18339
24188
18924
17313
17325
29577
24284
24289
24290
16899
19527
17464
17477
20585
20586
17552
17572
17602
20406
12500
18153
18057
18058
18059
17768
17756
16640
17926
23890
17991
14351
23492
18127
25075
20222
14713
25578
29970
22338
18439
20131
18480
18469
9835
3947
20671
27350
18651
18714
28187
28188
19247
19249
4577
18848
19049
19072
20839
19125
19113
19128
19138
19168
19174
19176
19177
3152
21014
3980
16828
19516
28685
11872
29750
29370
11378
16584
13238
20172
19920
19929
19931
19954
4470
22337
20037
22364
18913
27353
20318
13981
25866
22149
28204
27384
28764
20633
23635
20928
1636
3263
30535
20890
20917
21087
21088
16261
28106
4944
27009
1042
1043
21039
3354
11126
29610
684
16874
30911
21494
2815
21726
21582
21596
16648
18110
21370
21351
23034
21422
6838
21691
27427
21615
24872
24975
24354
23794
22124
22279
22281
15104
22436
22438
22441
27466
27476
27772
22496
22582
11160
28937
23721
22587
22588
26683
18139
22653
22668
23354
22612
22874
17319
13929
26951
22943
23282
22961
22962
23404
1064
23054
23015
23105
23121
23249
23639
23199
23190
22168
23320
18284
28476
15924
2556
23461
23550
23551
22028
23726
11894
23800
25918
26932
4944
26692
15086
24271
29584
24500
24519
24520
24521
24526
12383
27616
26846
24648
27237
24753
24751
27591
24979
24981
24878
9903
24906
27748
21781
17919
24955
25165
13244
25147
25160
25154
25155
25179
25224
25225
25230
25656
25337
12445
25376
21682
22047
11972
29375
25433
25592
25640
25803
25692
25694
25865
25762
25746
24356
25894
4539
29501
25983
26665
26092
24927
28554
424
26328
26329
15451
26669
26421
26422
26425
26426
26428
4328
30004
26475
26476
26238
26506
26557
26558
26560
26574
15565
29739
26747
26988
26764
26761
26902
27000
26981
27118
29423
27128
27333
27337
27448
23941
11759
20557
27414
7255
27780
27509
27510
27761
29562
27653
27819
27820
27821
27822
27870
27874
27875
26018
28014
28638
26833
20170
24183
27015
28168
28213
28270
28301
19460
14279
28446
28455
28456
28458
916
28606
28665
28703
29234
28861
28863
28865
28854
28855
28769
28908
583
28925
28966
28969
28943
28664
29042
29053
29077
29080
29081
29084
29085
29086
29088
4225
30857
29167
16484
29199
29206
29216
29229
30873
29284
29318
29312
27853
19407
22047
29378
18254
28734
28339
1113
29505
31090
29535
29536
29533
30003
14825
30363
29716
29719
22941
30494
30479
30548
30427
30459
30431
30476
29969
29974
26063
18289
29959
29993
29996
29997
30052
30054
30056
30048
30049
30067
30071
30028
30098
24980
30154
30155
30190
30196
23898
23773
30269
30270
24315
16261
26213
29856
2815
30572
20657
30610
30663
30713
30715
22637
15136
30865
31274
19397
13850
23188
1926
9347
30963
30995
31054
31051
31141
31143
31193
31200
31212
31240
----
----
----
----
----
----
----
----
----
----
----
----
----
----
----
----
----
----
----
----
----
----
----
----
----
----
----
----
----
----
----
----
----
----
----
----
----
----
----
----
----
----
----
----
----
----
----
----
----
----
----
----
----
----
----
----
----
----
----
----
----
----
----
----
----
----
----
----
----
----
----
----
----
----
----
----
----
----
----
----
----
----
----
----
----
----
----
----
----
----
----
----
----
----
----
----
----
----
----
----
----
----
----
----
----
----
----
----
----
----
----
----
----
----
----
----
----
----
----
----
----
----
----
----
----
----
----
----
----
----
----
----
----
----
----
----
----
----
----
----
----
----
----
----
----
----
----
----
----
----
----
----
----
----
----
----
----
----
----
----
----
----
----
----
----
----
----
----
----
----
----
----
----
----
----
----
----
----
----
----
----
----
----
----
----
----
----
----
----
----
----
----
----
----
----
----
----
----
----
----
----
----
----
----
----
----
----
----
----
----
----
----
----
----
----
----
----
----
----
----
----
----
----
----
----
----
----
----
----
----
----
----
----
----
----
----
----
----
----
----
----
----
----
----
----
----
----
----
----
----
----
----
----
----
----
----
----
----
----
----
----
----
----
----
----
----
----
----
----
----
----
----
----
----
----
----
----
----
----
----
----
----
----
----
----
----
----
----
----
----
----
----
----
----
----
----
----
----
----
----
----
----
----
----
----
----
----
----
----
----
----
----
----
----
----
----
----
----
----
----
----
----
----
----
----
----
----
----
----
----
----
----
----
----
----
----
----
----
----
----
----
----
----
----
----
----
----
----
----
----
----
----
----
----
----
----
----
----
----
----
----
----
----
----
----
----
----
----
----
----
----
----
----
----
----
----
----
----
----
----
----
----
----
----
----
----
----
----
----
----
----
----
----
----
----
----
----
----
----
----
----
----
----
----
----
----
----
----
----
----
----
----
----
----
----
----
----
----
----
----
----
----
----
----
----
----
----
----
----
----
----
----
----
----
----
----
----
----
----
----
----
----
----
----
----
----
----
----
----
----
----
----
----
----
----
----
----
----
----
----
----
----
----
----
----
----
----
----
----
----
----
----
----
----
----
----
----
----
----
----
----
----
----
----
----
----
----
----
----
----
----
----
----
----
----
----
----
----
----
----
----
----
----
----
----
----
----
----
----
----
----
----
----
----
----
----
----
----
----
----
----
----
----
----
----
----
----
----
----
----
----
----
----
----
----
----
----
----
----
----
----
----
----
----
