36390
26472
16944
57266
2940
42364
39004
27905
27247
44308
51574
57430
43981
13194
43973
10035
24663
43986
6526
55279
28842
37852
27934
13638
55719
52145
53816
14789
19849
54097
8453
50663
10741
16127
57395
28481
15712
55633
6683
27512
14775
49146
42144
51458
12209
37736
44415
14013
38992
24774
16711
31294
56892
32826
45775
48607
49080
14540
37270
5666
5920
38110
10725
56617
2882
9199
42193
24619
17332
41242
27059
47600
33330
2883
13077
56332
10407
49242
11594
54489
18878
44432
49451
49562
49739
34803
40140
48279
42429
5851
58161
53802
17512
49388
18688
52647
13210
57322
19981
10484
34768
56034
46739
6364
52746
12613
14648
21559
38226
53726
33898
20025
27772
32434
44324
39224
5983
30833
38407
40026
13373
23747
19787
