----
----
155
26756
19328
16843
1166
764
17240
26178
6223
20688
2972
3451
11165
23848
2014
15150
22414
16681
5643
18644
1167
18931
----
22983
6178
16837
1245
23044
9274
25677
18708
14972
316
18422
1179
----
3576
----
10880
----
2585
26332
14475
3611
49
9312
23920
19548
11538
6422
----
14707
74
14759
11384
26539
----
8975
10429
----
----
267
2715
----
----
330
23354
340
2490
7619
20300
18093
11535
16
----
15790
15533
----
6705
8013
364
13223
13532
----
17601
17012
1639
13250
3031
4899
809
----
862
----
11501
----
----
26066
15054
13883
10975
15943
3944
7195
14341
----
17469
4061
13634
15036
16767
9166
639
20496
22490
----
11899
22077
13105
25702
16647
21347
675
19595
26434
7292
396
15129
7025
2210
18041
----
908
9165
----
8419
----
----
411
12502
11236
----
24318
----
20417
----
5918
12588
3397
18344
11760
14599
4514
15267
8354
18521
17433
4415
22375
10528
5229
3140
----
----
9134
12196
7372
8693
4675
17008
7889
----
20965
21060
13786
1287
21435
18901
2360
11605
20846
----
1286
22128
2717
22933
20995
4206
----
25503
25892
21031
562
11716
22379
25203
7289
8788
26612
22295
9115
5010
20358
2661
17367
25516
7789
7951
8660
17150
----
----
10908
25420
17815
24354
----
22305
23410
15262
10095
3360
22563
----
13710
----
20600
21938
----
1222
14652
----
25332
4004
2239
24782
----
1473
2350
----
----
12420
12677
9553
19922
15610
----
10991
12822
2218
25667
----
12303
10520
24957
5181
13828
17674
17405
4692
1114
3483
----
4839
6013
5449
17968
782
10878
889
7834
14561
17468
12662
20585
6475
17512
17171
3373
21188
17814
26299
17812
----
6845
8657
2508
19109
2983
11921
22055
6599
26760
14194
860
10636
17005
26545
----
----
21588
18702
16155
----
4456
3480
17433
9223
5899
19445
6675
19564
14781
25608
----
20980
5975
21286
20328
26726
10217
11525
15657
13429
22522
16367
----
----
15300
14096
11828
4169
18902
6586
11351
20597
9432
24231
----
----
----
----
26815
6764
20569
24871
8922
----
9469
8606
26353
----
25196
983
1395
15505
24673
20495
17925
5797
12819
22469
18216
13120
20859
----
6510
6753
14134
9173
14853
15521
25506
836
3612
----
14151
12254
18047
22619
13137
19341
7254
13179
13759
15852
15430
18578
9924
25104
----
1687
2987
22304
12656
1541
21003
2767
9151
8139
8649
20815
15386
7088
25699
----
----
----
21975
10981
13336
14676
22352
1948
4392
8811
8848
20069
16841
11609
18536
20985
----
----
----
----
----
----
4831
4044
13982
9675
26411
14183
13103
18874
11598
14037
19431
16836
676
13141
----
24973
2786
13183
9290
909
14815
158
23856
2880
19990
26827
23298
17409
3676
----
5265
7377
8287
12759
7486
16488
3405
2879
10806
1197
15804
25983
23188
3146
----
----
----
22850
22837
19859
1244
13793
19966
25637
24751
----
20489
18265
6752
10465
2625
11539
20860
18037
3080
1851
3037
8441
21054
26741
----
----
----
----
21094
24139
12607
18370
20471
2312
23707
10494
23186
23118
17348
828
22130
24999
25402
20746
----
----
3914
7572
8445
21253
7072
23777
25559
13754
17320
19339
21125
14239
13801
21301
1999
21622
1175
----
----
----
2545
4777
4792
12946
23779
10170
13166
15811
18402
800
1794
21800
19851
17776
13033
----
----
----
----
2557
5637
5800
7626
6754
9487
3275
23006
10491
1754
2795
22166
13863
14448
22103
12172
488
18532
16667
6580
20297
22774
26655
5705
13049
13639
7917
16034
20319
14981
13351
3236
16675
10984
18970
22577
1989
22940
1012
25212
25719
----
5891
2130
7736
13602
8493
1776
7798
11626
8447
916
25539
13124
16060
1705
8388
14578
18075
22517
18676
4145
17290
14508
21734
23248
10947
2530
25805
4799
----
----
----
----
----
----
----
14927
19544
8786
9129
9131
23614
4795
24527
10891
14067
3602
21512
18372
2547
3236
12458
24747
22958
25730
----
----
----
4537
5064
2186
6479
14455
7535
8067
3421
8440
20822
8580
21708
23772
23574
9651
23651
384
19293
19190
14895
15093
15130
24496
10201
19184
19448
26041
21976
20284
24639
----
----
----
----
----
----
----
----
5290
21549
21339
5329
7323
18313
14554
12159
26813
13067
13265
3957
11349
16162
4209
8269
3402
25800
15114
19980
5894
24879
3617
25480
----
----
----
----
5250
9799
24022
8569
7073
5149
5179
24154
9288
22630
12558
19345
24392
19794
25800
20352
6187
20926
24716
22373
18483
22343
22505
24984
23341
23463
7681
4800
----
----
----
----
----
----
----
----
----
17796
8104
5966
5716
6700
19414
25604
6313
6578
19606
9319
7851
9565
7052
14527
7066
457
3442
15667
13221
20162
18244
17990
10136
14512
13521
15051
25678
1817
19772
18791
20149
19962
19604
15878
18403
12213
19612
20305
22876
21149
808
3868
23492
890
2763
----
----
----
----
----
----
----
----
----
----
----
19772
6286
9318
8841
13008
24246
5048
8133
7398
3488
9210
10482
10730
17102
15906
12055
11631
17738
5888
20829
2848
19123
12808
23176
1171
12482
21822
21580
25511
17977
14717
19399
22076
1726
11425
18262
15696
25199
7091
21973
20307
2310
14063
20163
22996
4153
3625
24039
24246
26640
----
----
----
----
----
----
----
----
24163
15759
5842
20103
8866
1214
7383
9025
7390
8723
7023
15889
2900
9412
13817
18848
26455
13529
16554
23030
13791
5789
14567
13442
15141
15146
15175
15407
10668
10619
10377
10569
18347
20806
18973
19039
3497
17811
20180
22406
24964
20518
15455
1810
21905
23066
13246
22186
----
----
----
----
----
----
----
----
----
----
----
----
----
----
----
----
----
----
15919
10374
4405
23012
7433
8415
3256
17021
7766
7966
7967
12182
13798
5547
11352
10474
10789
22310
10218
20165
9650
15353
13059
1616
13436
24215
14167
255
25563
16610
13853
2776
22732
18189
2754
19429
20173
16761
25407
24932
21711
21962
3754
22982
23018
23477
23830
23992
13341
22295
18320
25499
3405
----
----
----
----
----
----
----
----
----
----
----
----
----
----
----
----
----
----
----
----
----
----
4480
2146
4843
363
6315
11378
9328
25433
10649
7861
7954
12837
8588
8642
7480
7483
9294
10248
9753
20280
23349
4087
10585
11607
20058
12709
12405
2987
8500
13106
13065
18661
14136
17490
13516
3181
24659
15966
3240
18795
16273
1693
17828
13720
17234
878
19967
18512
4049
3801
23958
1189
21709
21862
4437
4176
4176
22969
25962
23421
23438
23542
23437
24389
24785
507
4155
1258
3086
----
----
----
----
----
----
----
----
----
----
----
----
----
----
----
----
----
----
----
----
----
----
----
----
----
4503
13624
4383
6251
6001
12194
6685
25664
2076
7325
2430
23509
8556
7905
24246
8475
8927
1803
22038
11103
10274
18977
3342
6775
13779
11009
11497
15127
11694
23079
71
13802
3033
26452
17192
10563
14432
13050
20246
13129
13233
3025
3280
17208
14440
21295
18053
14780
13622
8387
5897
26187
15073
23903
14493
12027
19437
3346
22322
3733
24908
13882
18144
18575
18922
19254
19278
21338
20474
20473
23651
20759
2611
21710
22238
20158
13058
23104
23355
2033
24435
24339
25129
15628
21215
661
18171
----
----
----
----
----
----
----
----
----
----
----
----
----
----
----
----
----
----
----
----
----
----
----
----
----
----
----
----
----
4394
26751
6368
15088
11954
12575
9000
2399
4847
25078
5294
7981
17261
2303
6368
4307
6552
6683
6763
24281
25667
19385
10880
20699
13594
11186
2412
15731
7714
20844
7655
19535
6447
24344
9355
998
22688
9748
10270
21625
4268
25663
14250
2041
18088
674
25547
10213
9554
12183
15562
3506
2631
20794
25930
385
15961
16408
26448
15782
21723
22408
1226
22948
24368
2872
24221
26706
3617
12136
12457
15181
15124
15202
19232
15364
22014
15481
15944
3905
8310
2428
12038
16817
346
6919
12718
14807
21144
18394
19540
18685
19322
24697
10741
19496
13660
12461
19757
26033
19828
18775
20447
20481
24458
25933
11427
18801
21508
11943
15205
21233
22429
1187
21545
21943
9245
22625
22855
22885
23450
23549
23000
18078
17892
16440
24472
26423
24446
4074
2040
25753
25855
25740
25380
17500
25607
26220
26263
26264
26333
20123
26618
26616
26621
25048
----
----
----
----
----
----
----
----
----
----
----
----
----
----
----
----
----
----
----
----
----
----
----
----
----
----
----
----
----
----
----
----
----
----
----
----
----
----
----
----
----
----
----
----
----
----
----
----
----
----
----
----
15192
4499
4470
4861
2104
4361
11334
5583
11661
11650
5293
5291
6630
3336
5437
5520
5255
5605
18672
6040
17819
3786
2290
18577
6383
6377
6371
6206
5607
6910
12106
1395
797
6699
8606
8945
8946
13475
22236
1439
23760
2411
7531
7503
7960
7499
9138
10570
12357
9104
15823
4445
3454
9956
21134
14503
11848
2119
14232
11588
10463
10589
15556
3363
1673
23880
1005
4070
18484
11567
6819
11523
1081
15427
19902
13448
4257
19985
23863
4271
2277
2283
2845
5967
13761
22569
14733
3046
22763
13123
14216
13521
19886
20012
17236
18545
13741
6243
13990
13997
23979
16296
19044
14441
3081
14497
13121
14774
23194
11805
20800
18028
19797
20179
4235
12458
2924
12552
13681
16858
9116
21224
15712
26305
2871
383
17846
25782
1805
20257
18270
22367
20658
1840
18672
18955
18966
19008
10774
14691
21511
19828
12000
25834
13701
20591
20474
22852
3879
22205
20869
21258
25096
21552
21704
4169
13221
21963
23959
22378
11495
22564
22503
20152
17397
25751
22751
22884
19381
23055
21061
24840
26631
23494
25656
19099
23560
23803
23541
23741
24790
23923
23952
24277
24271
24370
24336
24590
24574
21618
24837
24813
959
25263
25113
25128
25166
22277
25205
16806
20810
25669
25749
893
25845
20580
26259
26343
26413
23471
4779
26627
----
----
----
----
----
----
----
----
----
----
----
----
----
----
----
----
----
----
----
----
----
----
----
----
----
----
----
----
----
----
----
----
----
----
----
----
----
----
----
----
----
----
----
----
----
----
----
----
----
----
----
----
----
----
----
----
----
----
----
----
----
----
----
----
----
----
----
----
----
----
----
----
----
----
----
----
----
----
----
----
----
----
----
----
----
----
----
----
----
----
----
----
----
----
----
----
----
10977
7538
4463
4469
5008
5784
10311
4842
19011
13422
2238
5004
5161
5221
5222
5214
5224
5335
5346
20099
15645
9898
6675
6334
5893
5802
11378
15152
3713
6005
6031
18173
20588
20959
3523
6271
7119
14923
6458
5654
6315
6360
11464
8883
6443
22991
19749
6650
7112
7115
7241
7291
7299
7304
7264
7338
7512
2448
25410
4826
7695
23750
7788
1406
7925
7933
8236
15490
8621
8648
8665
8644
8611
8658
19390
8962
9529
9217
9133
9106
21066
9303
10243
9479
8110
14395
9684
6961
9854
9143
9851
16166
9887
10273
12770
10022
9933
18768
3759
10265
26078
7646
7537
7063
17111
17462
11860
13791
10842
10899
10931
1522
12559
16466
12603
11058
15580
11222
17356
11498
25847
11562
15186
15196
2944
22073
20959
13681
2988
11925
22480
22496
12056
11529
25927
8161
14482
15350
14235
18087
5818
12746
7576
12897
21847
24115
13130
13180
13226
11124
13732
13730
13502
13621
13695
13686
9605
19620
13512
21260
13783
13794
13880
13991
13992
7432
13950
18994
17291
14165
17442
14779
25510
14500
14553
16573
13002
14804
19249
14991
15172
15137
15239
17061
19449
7330
19542
1039
14437
15745
19257
16387
16388
17365
26122
20810
13761
3523
17172
18122
16317
16319
16322
15875
24631
6755
3082
22280
16664
16665
3635
5375
24650
26205
19677
16876
25249
20711
19194
16356
17047
18906
17178
17293
17266
14855
1796
3812
22624
17963
18351
26736
18327
18442
4068
21536
1721
18058
3024
18565
18580
1819
25715
19006
18999
2374
15035
14576
19271
19279
19492
19718
19720
22309
4182
26297
19691
25908
19716
19765
20176
19802
19841
19868
20843
3537
20147
20146
22551
20224
20441
20422
25916
25352
12855
17585
15696
21048
21814
25101
21968
21764
21703
23995
3732
13256
22081
20135
20132
12845
20898
22608
22588
22704
25511
1743
19215
22946
22942
22981
20572
23883
23111
6403
15988
24760
24783
23571
23781
23927
24659
19999
17429
24409
12574
24585
24593
24594
24595
24673
24828
25096
25135
25153
25253
26027
25614
22527
13109
13086
25829
25819
25869
18081
25941
25918
4172
21365
24052
26406
23374
26494
26665
26701
26776
26779
26740
20872
----
----
----
----
----
----
----
----
----
----
----
----
----
----
----
----
----
----
----
----
----
----
----
----
----
----
----
----
----
----
----
----
----
----
----
----
----
----
----
----
----
----
----
----
----
----
----
----
----
----
----
----
----
----
----
----
----
----
----
----
----
----
----
----
----
----
----
----
----
----
----
----
----
----
----
----
----
----
----
----
----
----
----
----
----
----
----
----
----
----
----
----
----
----
----
----
----
----
----
----
----
----
----
----
----
----
----
----
----
----
----
----
----
----
----
----
----
----
----
----
----
----
----
----
----
----
----
----
----
----
----
----
----
----
----
----
----
----
----
----
----
----
----
----
----
----
----
----
----
----
----
----
----
----
----
----
----
----
----
----
----
----
----
----
----
----
----
----
----
----
----
----
7540
25496
4342
4396
4397
4398
6869
4464
4463
4484
7521
4543
26839
4742
20029
3724
51
5781
5504
4766
4882
4793
524
4859
9621
4893
4900
9618
9635
5229
10674
5308
5309
6662
5341
5365
5605
16611
5457
5467
15090
5823
6232
24166
19035
6282
22811
5753
5759
21668
15816
17064
18135
5895
24902
8303
12788
6028
11977
2763
6071
14459
6208
10349
16060
6356
6358
11856
10421
6523
6528
6583
22462
10572
6679
15795
5166
21787
6899
8466
12026
6807
6812
6813
6814
16074
17882
26038
11409
9787
9311
18050
7114
7118
7992
7994
7995
7996
8001
7252
7286
7288
7290
7293
7443
5225
11366
8897
6115
7532
10351
10352
2440
7476
7609
7613
7614
7615
7616
7617
7618
9812
9813
12238
7791
7775
7779
7761
7961
18878
8172
26670
8288
8396
616
22335
9698
4546
9638
13658
8636
8638
8639
8656
8656
8685
8699
8702
22477
14823
15912
6445
4510
9012
17788
3599
9117
9120
9130
9132
9136
19270
14095
19137
9293
4678
9410
9472
9477
9517
9524
15961
3660
9624
10041
9701
25139
14114
14011
2806
938
9820
9821
5654
5611
9900
10294
14504
13534
18932
18935
10147
16709
16738
11049
24146
10225
10255
10276
10279
10280
10281
12767
24069
15541
12161
10481
2662
14151
10500
19309
10703
25871
10732
10830
10831
19653
828
16227
10903
10904
14245
5816
12670
11074
11063
11100
11101
11102
14247
12479
11947
15558
11375
18372
11415
12277
12278
24890
11627
11511
11514
12175
11635
15761
2782
11887
11862
11764
8841
11844
2552
16877
15707
17749
11927
11928
5255
3562
22121
16789
14020
22457
13170
16524
22425
16904
24325
19024
20129
452
19304
15352
15354
12438
9245
12462
21688
15917
12549
12554
12555
12556
12557
12560
12561
12615
16493
12743
12749
12754
12758
12722
24185
12806
26064
12909
12905
15911
20047
20048
16444
14729
13051
13055
22759
22764
13091
13132
13174
21637
13263
13276
13277
13289
13290
13283
13288
16797
19974
16689
13437
13733
6644
6795
19885
17238
13730
14734
17296
13818
13936
13939
12425
19203
13332
13993
13994
15084
16185
24243
14171
14210
14211
17741
18390
14574
21944
24324
14315
1562
14338
25513
25517
14485
3895
14547
25819
18054
14629
16041
14838
20730
20734
14867
17546
17548
17553
14873
2623
11704
15040
15286
15287
12575
17117
15237
2815
15206
16501
21877
21878
23939
15555
15559
15573
11873
18838
23489
18845
15718
18834
24199
16377
16378
16381
15967
25833
19993
16188
16195
16197
16216
3340
16275
3892
16265
7455
16260
16283
16314
16315
16316
16323
16324
16325
16759
14463
16343
17932
14585
26819
17551
25231
24357
26219
16607
20258
3940
642
13480
16777
16816
19678
10374
19920
3835
23014
17025
17058
17059
10641
23304
23702
22691
1702
4403
22659
18895
18891
18892
9296
14593
24732
15714
791
13641
13449
17654
17852
17862
16250
17897
17731
15800
18003
15941
17949
17961
18414
18389
20838
18145
20257
15079
22232
25091
18515
14040
18552
13680
17782
20064
3239
22679
18893
18956
19025
346
17064
23530
23540
19051
14466
24889
19218
11755
19489
25720
23192
19524
19542
19561
26218
19600
19641
19644
14637
19711
19714
26337
19743
19753
20177
2735
19810
19813
19749
10842
16851
19913
21435
3215
12932
25129
23837
20018
20089
22799
20253
21089
24147
20379
20393
20444
20477
22295
19272
20452
20478
25956
20679
25937
20706
25404
20916
20920
20902
25294
20940
20941
20948
23697
3583
24384
21146
21147
21150
21342
21343
23793
21320
21502
21503
21504
21400
21222
21480
21489
21493
21559
21567
21591
13187
21757
21752
25535
21742
21807
13430
23649
23996
21946
22166
21367
22002
21997
22002
22139
22046
22110
22122
22253
22245
22289
26836
23062
23523
18787
6554
22452
22478
22474
22834
22621
22622
9660
22552
25757
22668
22669
22867
22697
22677
22737
22738
22744
22745
22752
22754
22895
22823
25548
25549
17236
3979
22945
22943
22969
22994
23082
23084
23159
23150
23158
23148
23425
26864
23436
23066
17287
21881
23810
23572
23797
427
23800
215
23718
23742
23699
23770
17099
23840
23841
23843
23844
23877
23879
17523
20070
23992
19844
24043
24042
24610
11762
23439
24189
24233
24278
24329
24306
24267
20265
18020
4099
24436
24442
24462
24463
24576
24570
26345
24608
12122
24954
24663
24707
24689
24743
24822
24823
24824
24826
24827
24832
24833
24814
24819
24754
24859
24865
24925
24903
24990
25017
25018
25019
25020
25022
25023
25024
25025
25026
13498
25073
25079
25114
25118
25119
25126
25135
25206
25209
26487
5914
25246
2040
3368
25913
21973
25366
25364
25365
12431
25458
26051
26008
26128
26129
26169
26171
26159
26095
26082
26156
26110
26133
15476
25704
25711
4173
19397
25752
25784
25796
25798
25793
25795
25809
25810
25812
25813
25814
25879
8942
8673
26190
18578
26279
26368
18432
26501
26393
26867
18625
12834
19059
17876
3086
26628
26641
26664
26627
26718
26775
26767
26816
20820
----
----
----
----
----
----
----
----
----
----
----
----
----
----
----
----
----
----
----
----
----
----
----
----
----
----
----
----
----
----
----
----
----
----
----
----
----
----
----
----
----
----
----
----
----
----
----
----
----
----
----
----
----
----
----
----
----
----
----
----
----
----
----
----
----
----
----
----
----
----
----
----
----
----
----
----
----
----
----
----
----
----
----
----
----
----
----
----
----
----
----
----
----
----
----
----
----
----
----
----
----
----
----
----
----
----
----
----
----
----
----
----
----
----
----
----
----
----
----
----
----
----
----
----
----
----
----
----
----
----
----
----
----
----
----
----
----
----
----
----
----
----
----
----
----
----
----
----
----
----
----
----
----
----
----
----
----
----
----
----
----
----
----
----
----
----
----
----
----
----
----
----
----
----
----
----
----
----
----
----
----
----
----
----
----
----
----
----
----
----
----
----
----
----
----
----
----
----
----
----
----
----
----
----
----
----
----
----
----
----
----
----
----
----
----
----
----
----
----
----
----
----
----
----
----
----
----
----
----
----
----
----
----
----
----
----
----
----
----
----
----
----
----
----
----
----
----
----
----
----
----
----
----
----
----
----
----
----
----
----
----
----
----
----
----
----
----
----
----
----
----
----
----
----
----
----
----
----
----
----
----
----
----
----
----
----
----
----
----
----
----
----
----
----
----
----
----
----
----
----
----
----
----
----
----
----
----
----
----
----
----
----
----
----
----
----
----
----
----
----
----
----
----
----
----
----
----
----
----
----
----
----
----
----
----
----
----
----
----
----
----
----
----
----
----
----
----
----
----
----
----
----
----
----
----
----
----
----
----
----
----
----
----
----
----
----
----
----
----
----
----
----
----
----
----
----
----
----
----
----
----
----
----
----
----
----
----
----
----
----
----
----
----
----
----
----
----
----
----
----
----
----
----
----
----
----
----
----
----
----
----
----
----
----
----
----
----
----
----
----
----
----
----
----
----
----
----
----
----
----
----
----
----
----
----
----
----
----
----
----
----
----
----
----
----
----
----
----
----
----
----
----
----
----
----
----
----
----
----
----
----
----
----
----
----
----
----
----
----
----
----
----
----
----
----
----
----
----
----
----
----
----
