27578
8502
30662
15202
28686
14060
30636
13122
26768
25938
11978
16668
15206
6334
29026
26290
30045
20063
12867
6061
27361
2310
8536
30478
19881
25767
14225
20135
9006
17289
29463
20023
23833
15501
7586
60
2398
12467
27142
29292
15053
9950
23891
28638
30634
30694
6151
7662
28318
9822
29555
57
30127
10214
7431
30358
28474
30374
29013
27484
17619
28900
812
23313
21032
14943
29648
2893
30512
6582
30389
9584
30123
9228
29577
3841
26040
29308
27216
8550
21866
30027
22239
27932
29135
13346
29496
29646
15267
29708
12701
12983
19153
30283
11328
2399
4119
6387
12176
18869
11176
4999
766
6034
30520
4688
8249
10389
14278
30836
17763
27985
28236
14956
11563
12016
15978
29829
8741
11967
15058
16431
27186
5493
12188
14435
20829
29526
5131
6284
7268
16010
18774
19302
29338
4549
21972
22131
16084
16790
22144
8538
13096
18808
27950
28191
30547
9145
9633
13846
28700
2723
29568
30826
3419
10202
11386
11610
17211
23264
18620
23107
25149
29352
29885
5879
10403
30840
14436
26082
29337
7389
18956
4881
5905
22974
2264
16232
28317
4573
2220
8296
25358
4118
7904
18549
19110
1140
1333
12777
29130
11362
13472
28558
29291
30094
4527
27858
28671
1412
2657
14901
19842
30384
4165
7874
14377
17041
17351
20868
5643
6630
30354
1524
2358
5998
9634
22574
24152
3563
5057
6088
8027
8233
12835
14440
15779
20238
21442
28565
30117
1006
2438
3308
3741
15207
18257
21075
29799
29918
19420
26464
28324
7684
9091
10138
10568
11741
26551
2799
13840
18788
26295
26647
30360
4455
5302
12205
13149
14081
14269
15739
18881
22118
25820
30686
2212
6527
8566
11341
18746
20825
24160
25240
25260
2246
2588
4466
4772
4986
5012
5361
5472
5601
6018
6358
8232
13908
19852
21900
23597
24451
26381
26727
28545
30544
2408
3754
5445
7619
13318
22740
23745
24473
29828
1882
2238
3926
4489
18350
18831
23461
25940
28601
29450
29612
29633
30449
30863
5997
6869
9442
10500
11952
14028
15892
17668
18994
19169
19185
23122
24683
25329
26925
30416
1596
2230
3905
6014
9543
12142
12830
18059
19181
19252
19867
20860
23042
26008
26322
29823
30046
30300
30505
30679
1464
2354
2666
3258
4396
5830
6300
6709
8054
14356
15544
18553
18992
21989
22592
23116
25529
25723
27150
28626
29412
29864
30730
4471
4850
5747
5989
7353
8051
8218
9536
11891
13702
17712
18782
19278
19466
22929
22935
23902
26536
27099
27140
27948
28719
28994
30721
4650
4852
5320
5952
6019
6131
7091
7626
9507
10466
10525
11379
12021
14051
14769
15293
15786
15832
17505
21701
22163
24462
25726
27254
29766
29812
29988
4427
4472
5333
5469
5799
5800
6777
7853
12320
12610
12843
13097
17456
18543
18800
18860
18955
18988
19177
19244
19705
21887
21901
22488
23182
23353
24265
24740
25394
25396
25459
26241
26351
26385
26465
26490
26609
27108
27754
28058
28081
28230
28452
28549
29175
29442
29669
29810
30390
30430
30450
3752
4187
4502
4617
5756
5766
5884
6821
7714
8039
8050
8561
9673
9674
10507
11048
11735
13077
13887
13920
14376
15795
15917
15942
16139
17716
17795
18356
18783
18952
18962
19131
19333
19938
20147
20328
20733
20948
21026
21033
21444
22853
23501
24465
24647
24744
24890
25674
28160
29144
29157
29355
29656
30487
30498
30577
907
1152
2232
2267
2312
2376
4281
4326
4895
5013
5159
5594
5795
5854
5949
5953
6185
7032
7620
8053
8227
9428
9454
10100
10492
10493
13100
13313
14080
14147
14381
16140
17367
18354
18359
18458
18545
18873
18943
18951
18993
19137
19271
19296
19426
19822
20215
20308
20423
21831
21904
23284
23357
23438
23623
24671
24745
25303
25470
25597
25836
25837
25952
26041
26042
26070
26092
26378
26491
26989
27340
28197
28447
28547
28564
28996
29107
29212
29514
29605
29618
29748
29749
29769
29775
29782
29809
29822
29871
30288
30312
30344
30386
30448
30531
2293
2295
2357
2831
4490
