38461
40074
15735
37141
34756
17249
7891
27708
14654
40126
17328
30946
15052
32693
41421
20712
10250
40179
31985
35437
36833
27791
42630
41904
14741
9460
16016
18881
36388
41407
40487
29066
17491
39201
20522
29223
13321
12230
16890
16061
27439
28653
23300
29125
33509
27435
21306
37087
17050
37354
26623
41135
40071
36869
21442
3540
17507
35886
22479
36687
17511
20206
38111
21445
14590
27940
27276
32408
23446
9841
23559
32456
42258
17007
14578
10740
22424
5064
11371
9741
37229
12404
32570
34780
14630
11400
18023
36686
2907
10809
8859
29081
12554
40119
39505
16037
36843
