26370
31432
32318
8453
14342
35068
28638
33664
19209
8523
13763
27564
8964
34766
26795
8267
1795
13347
4464
35276
6579
36416
15437
9287
14474
29717
20433
13179
22836
36279
20554
9252
8540
16540
19467
19453
8836
17095
31214
35085
6979
7978
23378
7336
10948
33672
15880
7969
26575
23144
15264
12520
15451
9010
35908
8224
16331
19073
16984
33582
18681
4655
33278
31104
27010
23072
32029
9691
18765
33991
34838
10949
10672
34713
36437
29806
20079
10642
13614
15605
21812
25652
36232
36067
7676
27320
27967
5642
11047
28724
12204
33648
28873
28928
13596
7984
34958
25832
26511
25865
34042
30588
24814
35505
8992
21777
1630
6829
22725
21267
17535
30421
5397
29024
29688
14918
5519
15053
8494
34812
8266
29285
29652
32986
26135
35539
13405
13576
8076
9128
8583
24730
29309
14419
34936
6743
21900
8993
19158
15872
36393
33986
1103
30636
869
16557
17049
11291
28775
9094
14432
33804
23255
31989
34841
12891
31282
32983
18666
33674
20145
25848
12548
18699
27090
27734
7678
30924
10647
30852
35399
9915
19249
31984
12892
20816
30911
31549
28744
872
27
23918
36144
17268
13225
25886
12323
30925
9529
17928
10058
18106
20360
26737
36268
6146
10648
17243
14913
10921
21565
29035
9218
35461
9897
27061
11063
16317
31044
29722
26793
24595
25973
24452
28759
16145
31059
19754
12539
12941
11020
12000
33037
24850
8723
36567
14835
16255
36565
1166
5760
7580
26783
16124
6502
9780
15647
16329
26229
2635
15712
30921
20290
1815
5147
16489
35877
26293
27775
6266
10646
21153
10407
24709
16865
2023
28945
3239
6379
26489
2918
22659
13764
23508
1771
2801
29756
31315
5591
33741
22060
25955
33704
15476
21876
22613
32041
8255
19973
19510
30070
11526
20830
28472
16336
10899
14341
17805
27000
29735
16149
31358
8186
26741
26894
26954
34981
36063
14612
36026
10933
29208
8633
10845
14387
17386
28907
36610
27371
30133
30319
34574
8778
14331
23418
29299
35876
9568
17212
23266
29145
30433
30653
23267
21745
13846
27126
30418
31245
36611
36626
5481
17970
14467
18114
24961
27536
35707
36017
6995
8278
12945
15724
20781
30920
34326
4023
10133
13845
14174
17337
17422
18328
26797
35416
1504
2119
10930
16092
22539
7653
24300
27002
28965
1479
7283
23441
23693
4213
12214
12456
14518
26171
30765
33105
7103
18745
28796
29215
36451
11252
16008
26084
27082
3415
5051
6553
6684
30140
8044
8277
21036
26935
28678
6221
18488
19031
31868
20953
27331
27730
31780
34503
3031
16181
18413
22026
25857
2320
9185
10990
13691
16800
17652
22043
35228
35558
2397
2984
6041
7671
12615
15015
15070
17241
7246
8602
10292
11753
19376
19382
20568
21878
24041
26183
27302
31481
32674
3699
6427
8954
19509
25915
27518
28183
28857
36531
575
6744
7544
14813
23047
32045
33348
1645
5305
7416
10756
11126
11256
12849
13248
17076
20803
22937
23662
24794
25345
28954
29013
611
841
8253
15078
18192
21536
22593
23254
29081
29163
33738
2121
3219
3478
4660
5278
8102
11759
13384
17576
18314
18697
19772
20600
21789
23453
30769
2601
2734
13262
16474
17240
17365
21301
22547
27311
31657
1987
4332
4657
13192
13896
15021
31577
32946
35121
426
1128
1140
1595
1711
3878
5635
6983
8281
12528
14729
15173
15488
16944
19081
19972
22517
27551
29960
31822
34102
8064
8470
14986
18858
18971
24326
26173
29924
30334
30895
31551
33826
676
1097
1536
3136
9630
15421
16312
18630
21344
21591
26682
29316
29653
31260
30
580
964
2166
2581
2988
4865
6148
7112
18612
18731
19948
20539
21604
21673
23940
31450
34209
34395
35538
35885
677
1779
8157
13712
14739
19775
20262
20538
21310
29589
29710
30583
31310
32773
33580
34100
34179
36004
412
430
673
2709
2804
3064
6380
9640
9704
10158
11978
14256
15450
15551
16003
16682
17075
17406
19076
20533
20541
20592
22132
22516
24045
24050
25179
28151
28581
29106
32434
181
723
1324
1538
1707
1942
6901
9342
12680
12952
13045
13113
13134
15090
15420
16070
17253
18687
20139
20302
22263
24573
24983
25454
26077
29171
29343
31660
32446
32950
33737
34378
35026
35070
36636
1167
1540
1594
1652
2719
2721
4176
5041
6555
8362
9101
9136
9390
11505
12031
12136
12285
12372
12450
14240
16583
17031
22773
22883
23364
25165
26418
26848
29120
29139
30557
30788
32343
34172
34322
35151
35231
35818
376
1031
1122
1572
1988
2478
2765
2909
3673
4928
5220
5514
5559
6030
6723
6969
6997
8866
9105
9115
9875
10741
10917
11539
12614
13836
14337
15209
15232
15458
17059
17590
17613
18812
18859
19549
19722
23068
23550
24847
25332
27131
27552
28881
29514
30675
31319
31927
32089
36022
102
269
805
1089
1325
1807
1813
2480
2727
2956
3672
4337
4581
4815
5104
5370
5427
5484
6505
7221
7634
7861
7939
8166
8506
8772
9090
9574
9575
9859
13795
14301
15408
15510
17204
18108
18992
19741
20457
22318
22496
22497
23443
24653
24980
26570
26827
27103
27410
29927
30186
31022
32210
32445
34118
34412
34825
35342
35601
375
1020
1573
1782
1961
2304
2530
2657
3006
3457
4107
4362
4864
5040
5097
5108
5421
6249
6494
6657
7770
8458
9098
9190
9191
10320
10762
12159
13031
13270
13741
13905
14268
14318
15446
15886
16123
16308
16478
17523
17570
17747
17864
18857
18970
20278
20502
20946
21563
22001
22147
22262
23300
23551
24735
25203
25826
26261
26368
27076
27260
27406
29168
29929
30688
30770
31099
32100
32104
33833
34963
35754
35923
36595
1591
1701
1729
1797
2947
3458
3640
3695
3701
3948
4499
4875
4877
5314
5693
6149
6214
6478
6658
6726
6778
6790
7204
7488
8164
8524
8546
9018
9049
9301
9790
9881
9990
10202
10641
11477
11863
11869
12333
13013
13557
14008
14399
14439
15417
15455
15482
16494
17569
18036
19409
19737
19773
20167
20789
21145
21328
21629
21913
22592
22657
23646
24375
26417
26546
26680
26831
26906
27232
27307
27533
28173
28666
29119
29928
31227
31469
31516
31923
32289
32594
34954
34961
34962
35008
35547
35602
36620
467
684
971
1384
1494
2566
2600
2632
2633
2726
2732
2892
2985
3048
3152
3433
3669
3818
4196
4377
4446
4547
4548
4647
4851
5221
5307
5586
5633
5634
5766
6089
6612
6659
6897
6898
6903
6904
6910
6991
6998
7223
7999
8443
8632
8768
9154
9628
10495
10559
10640
10849
13099
13743
15061
15089
15291
15955
15997
16039
16122
16890
16891
16924
17061
17105
17224
17651
17731
18631
19013
19595
19631
19763
19782
20441
20537
21107
21108
21109
21244
21539
22024
22079
22232
22630
23340
23678
23997
24561
24764
24766
24779
25923
25932
26297
27931
28562
28921
29103
29852
30236
30237
30335
30671
31019
31020
31200
31467
31474
31599
31742
31931
32664
32751
32800
32856
32885
32887
33006
33051
33592
33684
33758
34001
34150
34151
34152
34683
35160
35535
35914
35919
35920
35922
36211
1120
1152
1180
1329
1477
1589
1600
1715
1728
1800
1801
1983
2248
2493
2496
2505
2514
2560
2685
2691
2722
2725
2728
2886
2894
2959
2960
2974
3491
3512
3650
3692
3698
3823
3824
3845
4000
4001
4002
4168
4195
4375
4555
4947
5034
5064
5161
5195
5196
5228
5261
5265
5266
5267
5346
5385
5401
5437
5438
5439
5440
5540
5541
5549
5574
5694
5742
5818
5899
6102
6147
6385
6477
7046
7226
7233
7310
7311
7338
7437
7495
7496
7786
7857
7858
7859
7877
8001
8271
8272
8273
8459
8460
8486
8516
8709
8808
9091
9109
9168
9170
9276
9277
9441
9442
9443
9847
9851
9852
9853
10082
10473
10492
10516
10837
10851
10911
11052
11720
12219
12392
12527
12622
12711
12712
12774
12817
12940
12946
13249
13794
13912
13913
14183
14522
14531
14948
15092
15122
15143
15393
15454
15604
15735
15792
15863
16065
16613
16730
16768
16904
17259
17475
17538
17740
17837
18319
18389
18433
18434
18580
18607
18714
18743
18886
19074
19721
19762
19879
19929
19930
19931
20021
20261
20558
20668
20669
20670
20730
20980
21437
22368
22587
22726
22770
22784
22806
22807
23288
23439
23475
23677
24538
24562
24792
24801
24829
24830
24951
24973
25337
25517
25518
25519
25521
25668
25670
25692
25845
25951
26279
26531
26832
27400
27561
27803
28144
28182
28786
29033
29179
29225
29283
29719
29891
30324
30405
30523
30567
30660
30661
30674
30789
30956
30957
31091
31360
31470
31735
31759
31760
32071
32305
32320
32527
32873
32874
32951
32952
33181
33182
33183
33200
33201
33202
33203
33221
33234
33235
33236
33319
33619
33832
33875
34006
34111
34206
34664
34865
34866
34867
34953
35235
35312
35316
35433
35443
35448
35548
35928
35931
35936
36235
36554
36651
106
491
984
985
986
1048
1066
1073
1155
1411
1493
1526
1555
1557
1558
1590
1624
1625
1626
1767
1921
1995
1996
2032
2040
2041
2042
2107
2108
2162
2247
2428
2434
2438
2452
2454
2457
2458
2459
2460
2461
2470
2471
2481
2482
2497
2498
2500
2504
2567
2594
2602
2724
2748
2755
2893
2901
2902
2903
2937
2969
2991
2999
3143
3144
3208
3487
3490
3510
3511
3516
3649
3686
3691
3704
3793
3844
3865
3885
3887
3888
3893
3895
3920
3927
4105
4121
4138
4139
4140
4178
4179
4364
4463
4476
4477
4571
4572
4574
4621
4622
4623
4624
4625
4626
4627
4628
4686
4705
4721
4816
4869
4876
4882
4883
4933
4992
5184
5185
5186
5187
5189
5194
5226
5402
5560
5573
5701
5723
5731
5735
5736
5803
5853
5854
5870
5938
5961
6105
6134
6179
6212
6217
6218
6219
6242
6426
6472
6503
6551
6567
6598
6614
6615
6616
6621
6640
6785
7077
7083
7107
7194
7272
7337
7402
7403
7533
7567
7701
7884
7955
7973
8059
8107
8108
8129
8137
8246
8337
8421
8621
8733
8909
8977
9002
9050
9110
9116
9117
9130
9135
9173
9354
9736
9788
10051
10067
10069
10070
10220
10298
10560
10561
10592
10593
10594
10622
10635
10636
10639
10666
10667
10668
10736
10813
10815
10816
10821
11450
11496
11497
11499
11503
11504
11509
11571
11766
11871
12134
12163
12247
12262
12337
12419
12563
12564
12565
12768
12813
13156
13172
13250
13254
13268
13589
13747
13791
13796
13797
13798
13799
13800
13887
13903
13904
13908
13909
13921
13922
14199
14314
14315
14316
14373
14430
14529
14888
15093
15095
15096
15118
15286
15292
15294
15301
15321
15416
15487
15549
15732
15736
15753
15793
15799
15812
15966
15967
16429
16430
16438
16440
16442
16700
16701
16712
16713
16714
16864
16889
16964
17030
17477
17521
17574
17639
17748
17768
17836
17872
17926
17931
17932
17933
17934
18112
18288
18321
18330
18331
18388
18446
18447
18448
18452
18508
18509
18548
18579
18581
18583
18712
18782
18795
18796
18806
18847
18881
18987
19277
19284
19285
19286
19522
19523
19524
19542
19543
19544
19604
19605
19606
19614
19616
19720
19768
19769
19770
19771
19781
19927
19928
19935
19936
19974
20045
20046
20140
20181
20182
20183
20248
20266
20435
20564
20598
20739
20975
20988
21026
21039
21062
21079
21143
21151
21330
21570
21590
21646
21656
21696
21911
21940
21944
21945
21994
22078
22320
22326
22762
22828
22876
22938
22941
23043
23309
23427
23428
23430
23438
23511
23680
23783
23784
23919
23961
23962
23992
23999
24016
24017
24042
24043
24044
24427
24532
24533
24534
24864
24908
24910
25032
25033
25180
25181
25182
25183
25184
25185
25186
25187
25188
25189
25190
25191
25192
25193
25194
25297
25437
25763
25764
25936
25937
25940
25942
26110
26111
26112
26174
26196
26273
26330
26331
26332
26335
26336
26338
26339
26340
26356
26407
26493
26494
26609
26782
26851
26909
26910
26911
26975
27063
27080
27264
27377
27408
27442
27520
27560
27835
28143
28190
28191
28195
28404
28428
28859
28861
28957
29064
29127
29282
29618
29701
29725
29829
29830
29831
29832
29838
29840
29921
29932
29933
29966
30179
30180
30189
30192
30231
30235
30257
30258
30259
30428
30540
30541
30542
30568
30569
30662
30687
30915
30964
31008
31011
31061
31075
31479
31550
31605
32153
32525
32526
32663
32758
32921
32923
33101
33194
33264
33265
33266
33267
33318
33321
33322
33450
33576
33577
33587
33620
33748
33842
33906
33988
34085
34099
34104
34106
34112
34126
34127
34145
34238
34282
34286
34357
34359
34361
34607
34665
34755
34756
34950
34951
34999
35005
35227
35283
35354
35418
35419
35440
35488
35561
35586
35587
35717
35742
35750
35913
35933
36218
36376
36377
36425
36426
36430
107
448
703
742
788
789
793
794
795
801
802
866
867
944
1061
1062
1072
1074
1075
1076
1077
1104
1106
1107
1108
1111
1153
1164
1176
1181
1182
1492
1503
1527
1556
1631
1765
1766
2018
2025
2026
2027
2038
2039
2043
2044
2070
2147
2375
2376
2429
2430
2431
2435
2437
2440
2441
2442
2444
2447
2448
2449
2451
2466
2467
2468
2469
2483
2484
2485
2487
2488
2489
2490
2494
2507
2511
2512
2517
2518
2519
2520
2522
2523
2524
2575
2584
2644
2645
2646
2647
2648
2649
2653
2654
2655
2660
2661
2759
2771
2772
2784
2785
2786
2787
2808
2809
2857
2859
2860
2881
2995
3107
3110
3111
3124
3125
3126
3127
3128
3134
3217
3218
3475
3485
3486
3610
3611
3612
3639
3645
3706
3724
3725
3726
3779
3795
3802
3803
3842
3843
3877
3921
3964
3965
3966
4080
4081
4085
4086
4134
4135
4167
4193
4363
4402
4468
4469
4470
4503
4558
4567
4568
4569
4576
4577
4578
4579
4580
4584
4585
4586
4587
4640
4741
4742
4755
4756
4800
4848
4849
4850
4885
4886
4951
4958
4960
5008
5052
5095
5216
5222
5223
5224
5225
5240
5241
5242
5252
5253
5254
5306
5315
5357
5358
5400
5403
5404
5446
5467
5468
5480
5504
5542
5543
5550
5570
5571
5572
5643
5644
5645
5646
5647
5648
