3799
24797
22746
17322
15920
12641
27161
25256
18110
9990
6482
27908
26411
27613
16047
2427
5292
21887
9590
28247
12412
12275
26357
26750
6453
10120
20102
14745
16892
8229
3275
20175
6091
14696
19802
3486
27441
11026
9822
18254
16130
25065
9929
27827
10714
20239
2310
18247
20838
25262
22302
11460
25780
5950
20241
19495
25194
315
8001
16679
14230
678
14149
27698
26752
20519
9209
1390
27029
3665
21790
26672
13866
21962
23830
12683
27372
23366
22290
26958
4883
11405
2628
23078
8131
5473
25539
17086
11704
4204
12600
3572
22946
4362
18417
13073
28170
8729
14823
20483
16829
3023
19225
6657
1278
15601
26825
25788
14729
24194
24656
1786
25331
18784
2198
25921
4167
1297
2671
20477
23885
28080
14650
28345
21702
1410
7031
8875
16673
15045
11453
27929
21273
5525
6385
21744
20071
6619
20967
24115
12789
15361
11815
20478
9439
14409
25472
24709
15061
21518
24410
48
11145
16843
26761
9257
18381
6655
9649
6285
18468
25908
14433
7858
17731
3607
26093
9935
9324
702
5531
2199
2426
14995
15111
24307
25878
27260
15989
11667
15105
21220
7847
5638
7857
20586
27197
23375
10360
3099
19726
4043
25648
15293
24825
25999
26700
5981
8673
5527
10362
25222
25666
21063
28031
783
18534
19580
4247
12231
19423
20504
3501
4152
17739
11014
26329
26389
19883
27509
13666
15988
13101
18411
11838
2146
26346
5123
7772
8762
13075
27214
15161
27189
1830
4637
7920
10576
21098
26757
116
25997
4783
16224
22221
23039
7534
17784
18721
8411
11935
12520
25397
25861
26658
1179
14170
15997
19205
27683
27951
217
19772
21967
12859
14786
16320
20160
20876
24068
25782
685
12290
19315
9089
27271
27277
27857
19963
20498
21198
3581
11234
24707
650
10798
15316
20249
10660
23639
1903
14028
22481
27693
8441
11858
16495
19893
508
8144
10937
20680
20747
609
8349
18575
18886
27581
7146
23285
1973
7956
14479
16010
16838
18490
23953
24381
26949
27314
28077
28291
176
9059
25958
27400
7833
9092
12594
13148
17688
18175
22052
1071
2848
6778
10125
11758
19102
21207
21392
23337
25724
6948
8430
15417
17099
8288
13871
15184
22031
28274
4826
5331
7745
11701
14458
15117
18932
25777
11088
12327
21584
23254
412
1749
2138
6171
9432
13279
14428
16424
20076
21170
22212
22303
23125
23343
23636
23876
26043
4913
6381
8451
8957
11610
11650
15924
17299
19051
27178
1041
3921
4938
6250
8194
12525
15193
19367
21385
22178
22556
22925
24766
24973
1062
4702
9778
10917
17564
17952
18145
20907
20922
20950
21505
24885
25269
27747
28364
1050
4358
5359
9319
9791
16555
20011
20111
20206
22086
22892
23268
24273
25286
27845
28014
1226
8651
8757
9821
15626
16551
17462
18126
19691
20266
22867
23035
615
1363
2025
2723
3043
3906
5532
9597
13884
15353
16075
17801
20987
25722
26066
26513
28284
28406
1067
3028
3315
3538
3954
6770
8761
11470
12117
12369
12666
13049
13331
13955
15606
16053
18477
20344
23489
23855
24467
4024
4084
4906
6598
6834
7849
7884
11238
11371
13524
14875
17220
18278
20373
22641
24757
24818
25738
26425
27177
27341
1484
1640
2335
2655
4696
4909
5095
6255
7882
10955
11736
12900
13290
13669
14197
14934
15608
18184
19258
19940
20312
20643
25241
25548
26500
767
2137
2843
3239
3377
3470
4660
5617
9826
12929
13384
13564
13748
13867
14352
15103
15598
17606
18213
19982
20824
23959
24372
26206
27361
632
1262
1556
3800
4194
4721
5170
8471
9613
9950
12756
13622
13807
14355
14435
14516
15269
17538
17675
17798
19371
20023
20273
21005
21089
21277
21624
22826
23064
23996
24578
25769
26482
26501
27623
27739
28278
1083
1420
2700
2950
4218
5140
5258
5578
6566
7948
8263
8666
8703
9271
9427
12051
13356
13624
13761
13762
14373
15429
15530
15734
16283
16367
18198
18445
18725
19262
19439
19671
20190
21436
21437
21880
21971
24207
24221
24773
25117
25368
25857
26028
26225
28078
391
819
849
1231
1533
2131
2361
2401
3073
4404
4824
4959
5175
5487
6278
6456
7138
7164
7413
7463
7476
7754
7978
8125
9914
10009
10209
10692
10695
11051
11586
12008
12108
13001
13102
13126
13432
13725
14493
14814
15327
15569
15588
15889
16157
17612
17840
18346
18968
19976
20106
20786
21087
22930
22984
23008
23059
23088
24458
25163
25169
27237
27366
27775
364
538
577
675
812
1176
1705
1813
1828
2067
2176
2336
3006
3416
3467
3475
3592
3765
4151
4228
4876
5098
5769
5910
6117
6431
6746
7025
8193
8266
8640
8647
8791
9482
9717
9823
10635
10794
10836
10962
11100
11698
12115
12375
12613
12797
14032
14084
14252
14467
15192
15467
16359
16661
18190
18780
19256
19650
20177
20374
20529
20975
21669
22061
22277
22789
23363
23552
23564
24373
24582
24790
25719
25978
26018
26382
26437
27133
27780
27782
28268
28408
280
303
448
769
878
932
1045
1134
1502
1525
1558
2601
2805
2999
3041
3527
4118
4301
4527
5016
5491
6042
6044
6253
6283
6298
6745
6894
7162
7204
7223
7342
7843
8181
8744
8891
9569
9765
10410
10954
11592
11728
12492
12795
12875
13112
13459
13650
13813
14120
14246
15006
15260
15515
15544
15786
16362
16573
16984
19146
19896
19928
20179
20323
20906
21736
21836
22032
22067
22106
22283
22598
22742
23916
24371
25319
25452
26423
26923
27002
27432
27880
27907
28012
401
643
1174
1281
1387
1545
1690
1818
1926
2123
2154
2207
2525
2714
2862
2864
2865
3201
3418
3605
3694
3703
3811
3961
4011
4093
4150
4332
4493
4520
4602
4631
4974
5056
5142
5163
5245
5296
5348
5541
6049
6274
6825
6940
7860
7906
8360
8407
8796
8955
9365
9487
9733
9806
10811
10856
10945
12143
12162
12602
12760
12881
14092
14129
14278
14344
14362
14594
14679
15221
15278
16415
17000
17453
17507
17679
17686
17689
18245
18781
18884
19056
19109
19267
19274
19387
19597
19670
19770
20180
20324
20763
20901
21815
22064
22318
22775
22830
23174
23316
23370
23440
23556
23654
23690
23869
23873
23874
24013
24358
24363
24421
24647
24756
24958
25303
25543
25691
26378
26428
26469
26800
27137
27221
27712
27714
27760
28203
365
379
501
866
881
1117
1198
1407
1409
1526
1531
1538
1859
2038
2049
2134
2178
2639
2660
2682
2704
2725
2750
2813
2850
2853
3137
3140
3343
3364
3419
3476
3497
3636
3663
3829
3964
3993
4092
4141
4154
4248
4344
4407
4434
4547
4590
4711
4860
5103
5349
5441
5442
5443
5458
5607
6010
6245
6695
6945
7063
7215
7266
7356
7422
7459
7990
7993
7994
7997
8000
8034
8290
8320
8472
8563
8759
9005
9165
9205
9280
9425
9556
9758
9909
10107
10333
10363
10408
10495
10496
10744
10796
10801
10867
11193
11367
11466
11478
11626
11756
11765
11849
11860
11870
11911
11912
12153
12411
12604
12682
12735
12767
12788
12947
12977
13127
13186
13277
13388
13530
13561
13573
13937
13940
14106
14177
14316
14674
14819
14839
15306
15518
15526
15541
15568
15757
15922
16349
16649
16652
16835
16925
17212
17214
17217
17264
17691
17777
17809
17811
17935
18643
18789
18828
18994
19006
19106
19395
19399
19401
19402
19938
19949
20127
20330
20772
20793
20844
20848
20937
21420
21583
21608
21618
21727
21841
21862
22107
22131
22164
22455
22722
23100
23346
23571
23656
23825
23952
24015
24041
24042
24232
24284
24492
24636
24770
25363
25542
25700
25753
25773
25956
26044
26293
26441
26894
26936
26967
27357
27370
27427
27518
27525
27548
27635
27767
27777
27800
27841
28181
28384
109
507
627
642
733
741
907
1026
1033
1044
1152
1200
1228
1298
1306
1318
1319
1323
1361
1467
1665
1687
1703
1816
1860
1877
1921
1922
2029
2032
2041
2048
2115
2120
2124
2143
2161
2173
2320
2331
2405
2620
2686
2722
2746
2758
2846
2907
2919
2935
2968
2990
3079
3086
3094
3134
3135
3223
3336
3484
3489
3523
3595
3614
3618
3713
3816
3901
3923
3945
4098
4148
4394
4410
4415
4436
4473
4541
4598
4656
4818
4919
4922
4925
5055
5069
5112
5118
5131
5150
5544
5589
5600
5602
5663
5664
5666
5778
5919
5965
6038
6056
6124
6570
6599
6691
6700
6723
6758
6831
6889
6994
7004
7048
7084
7102
7110
7169
7172
7216
7283
7355
7418
7419
7420
7430
7518
7557
7834
7845
7859
7865
7875
7889
7917
7924
7930
7947
7951
7965
7985
7996
8260
8262
8291
8468
8469
8512
8671
8697
8698
8699
8748
8763
8773
8777
8784
9008
9038
9049
9075
9093
9260
9490
9608
10144
10228
10255
10473
10491
10497
10639
10713
10745
10828
10851
11036
11107
11194
11251
11268
11291
11307
11311
11351
11364
11365
11368
11533
11561
11576
11588
11593
11599
11757
11773
11855
11856
11907
11927
11932
12085
12095
12103
12221
12343
12444
12445
12447
12468
12547
12568
12888
13008
13171
13262
13302
13306
13324
13406
13598
13631
13675
13676
13698
13702
13833
13883
13961
14064
14105
14275
14282
14366
14376
14384
14808
14818
14863
14892
14950
14980
14981
15048
15090
15100
15177
15180
15182
15183
15188
15246
15263
15297
15344
15375
15398
15581
15613
15615
15810
15879
15885
16031
16039
16041
16314
16315
16342
16546
16547
16611
16619
16631
16683
16687
16987
17105
17365
17449
17454
17483
17578
17579
17582
17587
17590
17735
17767
17845
17959
17962
17988
18003
18070
18176
18179
18180
18182
18230
18465
18484
18585
18618
18624
18662
18790
18796
18819
18823
18891
19049
19060
19062
19165
19214
19251
19266
19338
19653
19716
19725
19857
19914
19916
19929
19944
19956
20013
20047
20077
20107
20159
20375
20401
20410
20419
20481
20533
20562
20651
20658
20813
21264
21299
21353
21393
21517
21581
21665
21770
21981
22054
22075
22145
22148
22166
22171
22428
22458
22489
22555
22580
22636
22754
22765
22771
22782
22853
22912
22921
22980
22991
22993
23063
23085
23273
23297
23302
23357
23547
23561
23573
23576
23585
23679
23716
23914
23999
24004
24024
24070
24112
24113
24165
24234
24238
24252
24580
24595
24604
24894
24905
24983
25138
25147
25280
25284
25384
25462
25481
25556
25628
25701
25729
25746
25762
25771
25896
25959
26024
26026
26047
26071
26137
26138
26139
26229
26243
26256
26427
26433
26465
26517
26519
26673
26710
26733
26892
27006
27071
27287
27331
27334
27384
27401
27475
27515
27516
27519
27529
27561
27597
27619
27620
27766
27771
28001
28143
28186
28197
28250
28407
77
266
267
628
639
653
683
730
750
751
829
850
851
871
872
906
915
917
929
1143
1199
1209
1210
1211
1212
1482
1552
1572
1595
1667
1702
1735
1750
1821
1847
1849
1850
1851
1853
1857
1865
1870
1873
1875
1878
1879
1883
1886
1888
1895
1917
1932
1944
1945
1965
1970
1986
2042
2044
2045
2060
2066
2119
2126
2127
2132
2133
2159
2200
2201
2204
2214
2278
2303
2319
2323
2332
2343
2344
2345
2383
2388
2609
2679
2716
2717
2726
2759
2760
2777
2826
2841
2847
2871
2911
2912
2914
2915
2916
2936
2952
2954
2956
2985
3049
3051
3061
3077
3083
3095
3104
3110
3133
3208
3243
3244
3354
3370
3393
3427
3433
3434
3463
3493
3496
3536
3574
3615
3725
3726
3732
3762
3805
3880
3888
3912
3973
4021
4044
4045
4046
4048
4063
4073
4089
4094
4207
4209
4233
4262
