6715
29982
252
6298
34430
42061
41425
22277
11954
23533
13529
21174
7982
30652
42875
34387
18678
21213
10149
29089
16019
14495
42848
11875
25035
42448
41748
35917
42029
28250
22674
9680
16234
28637
42926
41321
39880
28358
39763
9126
23290
39255
26753
11250
31351
6675
23169
14964
24641
36144
6939
3186
38630
40588
28447
27903
40501
38756
42983
38021
42947
39224
22740
19129
42185
43079
25650
34705
16030
43053
10361
39482
15138
32430
36255
2325
17894
30096
42566
42740
8076
20158
31474
16977
30335
20442
15848
26296
15133
41734
27450
10193
42055
42252
14927
42073
40158
13351
26008
14928
35090
30202
35089
16579
29443
13964
11092
20527
27933
39529
40021
32544
28117
42438
15877
3004
13730
38028
6359
2911
28131
38935
43048
40206
42727
8704
15017
16861
30470
43281
7190
21146
42796
12706
14091
42346
3197
9737
16935
25634
30315
37522
15808
21080
22045
15223
13470
31272
17189
33414
18125
20905
22326
39773
42148
31264
41061
41269
3421
17911
26435
11140
25642
41511
30055
41078
42404
42552
31400
3536
40428
27119
32031
33011
5180
19580
21697
28541
41627
17324
28896
14983
11176
29383
9488
41570
31820
38972
41573
34366
10797
23701
26843
27194
10324
43168
20770
41150
8166
31585
39523
28772
39969
4597
14501
21337
28154
33850
9887
23804
25731
19081
21891
18574
21366
19660
27866
41656
12077
14173
21201
39753
18527
23193
23484
37595
7605
15557
17938
26523
42210
42485
4867
18531
33738
39747
4003
7701
4234
12795
19120
30359
36724
15868
24323
9543
10480
21929
27648
42205
9512
13464
36361
1983
15237
16450
19882
23532
25654
32872
34830
10317
20566
32255
34232
36579
4301
8311
33085
35165
37696
16261
32455
4798
16547
19421
30930
40724
8215
11989
15177
19512
34742
33238
38910
42521
35772
41394
4190
15655
22199
27943
19724
2680
6463
8713
12532
20747
25806
17888
14419
34104
35888
39042
4006
5856
17184
19579
36316
36503
39766
20415
21650
26252
26412
41384
9036
33244
38590
2545
7874
14414
15647
27356
27763
36259
39276
39280
11355
24072
26996
1292
9407
9446
15010
17122
17974
24027
25387
26092
10535
10907
23956
34378
35151
37155
39533
2008
20485
26220
31735
32063
6347
18716
18903
34302
42200
9647
10914
15170
29083
30112
36858
32992
41816
6498
7424
21218
21569
23950
24827
25000
27154
30367
32595
34271
34624
39253
2989
9673
10695
12995
15320
31048
33438
37484
39111
9985
20585
28640
1100
13982
22718
29139
32338
42239
42361
42825
1359
19633
24155
24583
33184
5342
6652
11260
13083
26480
32605
37386
7943
9547
16785
22616
32140
41200
41675
2607
2902
6933
8397
10362
12146
16875
17744
18857
26519
28496
30278
32251
36709
39343
41981
6753
7525
7966
14775
21532
22746
25734
30047
32809
37850
8470
12810
16946
32957
35400
39996
40004
42982
3482
7558
8581
13718
18019
22169
22555
22713
26144
27407
29123
30864
30890
33701
13376
13859
21886
24850
28583
31384
36075
5866
6384
7778
10829
16051
16254
18225
20307
21390
25913
30463
2350
4703
5230
6060
12222
14489
21318
23295
23425
27066
31481
34016
41432
2585
4111
4331
7997
10343
10581
14364
17109
20635
21290
29807
31684
32623
32867
34768
35431
35942
36575
41316
41602
4758
5136
8168
9979
10504
11581
12037
13855
16856
17702
21239
31346
32341
33421
36058
36852
42634
908
1276
1820
5698
9113
12253
12791
13541
13722
15664
16960
19993
20550
23430
23475
23757
25457
26742
27273
27385
31546
33598
34670
34900
35845
38317
41318
41882
42202
42303
3638
5995
7900
12170
21227
26401
30461
31497
32783
33267
34839
35120
35828
37510
38410
42810
2226
7759
8648
9040
12446
14498
17170
19971
21125
24409
24505
24920
28066
33040
34311
34725
35938
37221
37479
38272
38394
40289
291
3778
7589
7867
8815
9947
11300
11876
14315
16287
20920
22877
22952
23289
26222
27314
28792
34532
35198
35894
35933
36247
37502
39060
40161
41357
41577
41843
1121
1288
2839
4743
7420
7757
7949
9301
10632
12314
14228
17052
17915
18391
18458
19249
19271
22947
24218
24287
25405
26105
26637
27463
34475
34636
35149
37663
39758
39956
40826
42330
42785
1168
7012
12153
13345
13726
14994
17781
22190
22770
23760
26382
29134
30466
31777
32575
36778
38181
38921
40735
42340
43298
3675
3843
4344
4482
6316
6445
7963
8295
10040
10043
10257
11187
11368
11819
13707
13810
15013
15207
15389
15871
17599
17670
18007
21491
21914
22132
23413
23894
24765
26945
26948
27164
28413
31242
31294
31366
31924
32553
32779
33025
33723
34703
38096
39117
39214
40305
41660
42281
3677
4404
4470
5930
5971
6233
6287
7230
7491
7913
8178
8224
9489
9544
9804
10870
11913
12416
13390
13406
14929
15079
15275
15302
16026
17064
17101
17740
21379
22160
24148
24324
24773
25363
25759
28777
29300
29377
29954
30871
31290
32283
35045
38388
38467
41248
41566
42811
2745
2939
4086
4341
4600
7187
7796
7930
7992
8657
9132
9275
10525
10563
11150
11439
12549
13709
14064
14098
16883
17760
19228
19536
20125
21274
21418
23599
23788
24490
26257
27414
27666
28189
28371
30488
31622
34059
34575
34854
35049
35242
35533
35905
41396
41709
41831
42562
43165
1077
2934
2957
4147
4203
4351
4686
4832
5259
6192
6937
7587
8005
8856
9116
9589
9641
9955
10309
10418
12093
12213
12271
12825
14296
14425
14604
16640
16810
19287
21730
22410
23537
23856
24395
26072
27388
27703
27728
27910
28743
29439
30416
30680
31000
31021
31547
33062
33463
34068
34443
34701
35016
35310
35417
35720
37124
37928
39254
39786
39863
41147
41149
42016
42168
977
1062
1231
1749
2940
4241
4403
4467
5073
5711
6059
6642
7941
8180
8457
8784
10090
10739
11135
14297
15213
17148
18462
20955
21507
22162
22773
22968
23322
23889
23937
24221
24244
26250
28503
29507
31302
32477
33614
34212
34383
35697
36323
36631
36675
36801
36822
38513
38650
39741
39952
40188
41629
43306
1299
2009
2235
3012
3092
4363
4803
6595
7209
7807
8605
8978
9039
9123
9254
9388
9853
10607
10978
11023
11681
12052
12400
14046
14365
15948
16010
16125
17271
19186
19957
20199
21114
21416
22094
22262
22312
23754
25885
25889
25967
27994
29029
29555
29621
30035
31148
31274
31607
32033
32728
33010
33105
34976
35094
35239
35449
36122
36183
36305
36514
37086
37163
38121
38141
39004
40051
40207
40527
41701
41857
42792
43233
3134
3212
6198
6399
6544
7186
7786
7860
8632
9235
9607
9779
9963
9966
10183
10285
10603
10728
10811
11143
11177
11461
11700
11936
11982
12089
14340
14410
15436
17254
17803
18532
19362
19514
21000
21079
21308
21774
22406
22688
23218
23568
23579
24584
27421
28053
28361
28697
30044
30088
30305
30407
30419
31081
31110
31562
32363
32919
33200
33243
33399
33575
33650
33777
35524
36367
36978
37148
37612
38068
40225
40736
40766
40873
40929
41151
41794
42127
42153
2987
3178
3218
3381
3947
4058
4239
5557
6196
6263
6697
6813
7067
7132
7309
7341
7580
8375
8410
9038
9246
9610
9722
10016
10086
10572
10911
11161
11390
11437
11580
11885
11965
11967
12080
13103
13771
14408
14550
14598
15042
15045
15269
15991
16781
16867
17011
17510
17516
18022
18723
20490
20942
20954
20987
21130
21531
22540
22776
23027
24867
25197
25203
25791
25894
26299
26458
26504
26622
26841
27104
27374
27393
27636
28256
28274
28449
28713
29004
29057
29096
29853
31866
32619
32924
33633
33778
34053
34599
34942
35590
35614
35873
36819
36950
37044
37074
37315
37826
38111
38367
38753
39199
39449
39896
40042
40872
41121
41506
41798
42173
42197
42408
42788
43124
336
2134
2381
2642
2705
3377
3923
4179
4247
4312
4361
4367
4676
4903
5188
5243
5507
5940
6044
6224
6960
7065
8086
8172
8701
8736
8852
9359
9525
10095
10305
10530
10688
11808
12288
12661
12762
12787
13716
14492
14719
14870
14942
14951
15057
15076
15184
15330
15365
15761
16205
16569
17240
18160
18165
18239
18242
18642
19079
19372
19413
19485
19492
19672
19753
20032
20042
20123
20133
20408
20495
20760
20962
21640
22282
22571
23120
23301
23364
23672
23849
24413
24673
25102
25296
25619
25649
27445
27883
28035
28591
29476
29662
30066
30479
30537
30676
30946
31216
31258
31339
31430
31616
31796
31971
32329
32693
32705
32883
32905
33527
33539
33639
33787
34162
35231
35244
35587
35731
35841
36722
37062
37242
37290
37530
38184
38600
39091
39331
39525
39906
40024
40997
41009
41290
41621
41680
41690
42030
42350
42712
42794
226
1515
3302
3378
3540
3618
3759
4815
4840
4844
5111
5726
5838
6189
6387
6698
6890
6966
7332
7335
7486
7524
7616
7622
7857
7904
8283
8398
8414
8811
8999
9030
9311
9458
9814
9874
10301
10421
10567
10673
10944
11385
11549
12059
12344
12365
12540
12757
13326
14062
14373
14488
14548
14651
14869
15274
15595
15749
16444
16890
17283
17973
17993
18138
18241
18385
18538
18594
19662
19663
20428
20639
20915
20967
21306
21423
21437
22421
22545
23088
23666
24028
24055
24441
24461
24949
25208
25462
26536
26641
26869
26883
26886
28004
28387
28616
28725
29010
29064
29191
30136
30603
30624
30691
30787
31223
31259
31278
31373
31381
31582
31761
32172
32925
33135
33556
34559
35875
36245
36428
36619
36758
36846
36928
37141
37758
37847
37879
37887
38267
38329
38458
39039
39092
39898
39992
40106
40217
40487
40600
40746
40949
41347
41419
41431
41454
42114
42196
42307
42313
42382
42611
43198
225
624
998
1642
1703
1716
1746
1984
2924
3120
3281
3282
4238
4273
4338
4814
5280
5833
6226
6508
6584
6785
6862
6865
7046
7205
7215
7235
7429
7503
7683
7685
8179
8371
8381
8415
8422
8622
9023
9355
9835
9936
10113
10290
10345
10363
10767
10854
10855
10901
10948
11141
11182
11243
11366
11544
11603
11645
11651
11850
11877
12230
12782
13049
13138
13192
13417
13720
13816
14367
14433
14494
14500
14600
14624
14810
14820
14963
15182
15528
15559
15907
15980
16143
16770
16909
17050
17132
17325
17595
17909
18012
18056
18200
18520
18736
18828
19104
19148
19415
19576
19747
19859
19995
20034
20036
20037
20315
20356
20725
21006
21296
21299
21327
21385
21394
21444
21484
21860
21917
22140
22157
22158
22300
22391
22408
22465
22563
22853
22971
23107
23311
23320
23393
23752
23756
24489
25201
25275
25325
25347
25367
25490
25646
25788
25890
25895
26342
26444
26507
26760
26888
27094
27160
27238
27264
27716
27760
27777
27962
28087
28239
28344
28499
28681
28709
29063
29133
29225
29262
29399
29645
29680
29682
29847
29956
29989
30021
30063
30349
30455
30559
30709
30818
31176
31183
31190
31236
31985
32040
32157
32324
32433
32494
32576
32685
33298
33318
33531
33534
34716
34818
34994
35526
35802
35885
35897
36015
36016
36340
36373
36546
36781
36884
36986
37104
37135
37157
37248
37307
37483
37767
38022
38078
38093
38333
38498
38504
38515
38588
39452
39486
39645
39785
39816
39884
39929
40517
40945
40999
41117
41479
41513
41584
41595
41597
41611
41612
41641
42128
42520
42537
42587
42696
42736
42821
1788
2157
2408
2915
2942
3011
3182
3668
4192
4197
4399
4694
4806
4825
4940
5127
5641
5686
5719
5786
5929
5931
6079
6264
6310
6559
6695
6711
6868
6923
7334
7348
7360
7365
7436
7522
7523
7537
7588
7634
7641
7751
7890
7892
7994
8186
8257
8379
8527
8555
8602
8642
8696
8718
8848
8857
8889
8944
8993
9229
9249
9626
9757
9771
9786
9805
9818
9841
9844
9950
9993
10042
10245
10357
10378
10760
10763
10768
10931
10952
10987
11286
11382
11401
11589
11842
12043
12097
12111
12533
12543
12675
12692
12746
13093
13131
13287
13391
13715
13822
13862
13977
13980
13985
14066
14067
14199
14406
14491
14499
14506
14521
14627
14629
14673
14683
14705
14865
14876
14885
14948
15099
15240
15988
16448
16665
16945
16966
17007
17012
17164
17314
17442
17795
17800
17802
18023
18064
18115
18147
18231
18336
18354
18367
18445
18522
18596
18737
18901
19075
19467
19491
19553
19609
19728
19775
19964
20211
20316
20673
20720
20795
20796
20842
20988
20994
21003
21019
21143
21342
21422
21436
21554
21648
21660
21665
21736
21844
21915
21995
22065
22147
22412
22428
22489
22737
22931
22961
22967
23215
23280
23291
23296
23445
23555
23558
23584
24069
24260
24551
24818
24845
24914
25492
25656
25762
25815
25903
25937
26339
26402
26438
26623
26792
26871
26878
26914
26970
26994
27005
27161
27271
27379
27396
27397
27435
27440
27447
27614
27723
27744
27749
27824
27828
27856
27865
28078
28085
28086
28134
28232
28309
28446
28585
28649
28815
29000
29070
29122
29130
29143
29163
29288
29289
29327
29404
29483
29568
29764
29826
30036
30133
30145
30198
30295
30337
30442
30456
30483
30513
30514
30617
30622
30626
30729
30739
30866
30887
30952
30981
31014
31182
31233
31267
31417
31432
31440
31572
31629
31705
31862
31883
32346
32347
32456
32476
32481
32646
32671
32853
33144
33249
33251
33272
33283
33416
33464
33611
33617
34065
34131
34139
34423
34505
34671
34767
34855
35518
35696
35934
36063
36119
36320
36549
36563
36609
36636
36670
36756
36866
37092
37106
37145
37167
37178
37179
37180
37241
37250
37345
37354
37492
37635
37785
38065
38354
38661
38672
38982
39041
39386
39404
39448
39494
39548
39639
39681
39748
39822
39849
39862
39913
39931
40136
40142
40144
40172
40354
40385
40563
40576
40599
40712
40713
40805
40817
41070
41098
41135
41143
41257
41272
41363
41386
41402
41433
41465
41553
41631
41711
41842
41884
42037
42144
42194
42231
42306
42318
42335
42356
42390
42426
42586
42637
42648
42742
42747
42761
42930
43130
820
821
887
1064
1204
1713
1722
1863
1871
2132
2264
2375
2896
2907
2931
3131
3350
3719
3723
3746
3762
3952
4202
4218
4223
4229
4346
4358
4360
4410
4417
4430
4432
4454
4809
4813
4915
4923
4929
5115
5134
5236
5816
5832
5855
5884
5932
6046
6052
6053
6318
6551
6557
6814
6815
7001
7136
7245
7270
7315
7506
7596
7617
7661
7753
7758
7798
7850
7851
7891
7929
7933
8002
8045
8073
8082
8183
8211
8216
8241
8250
8326
8331
8370
8389
8390
